9.302298197379479383e-01
8.616105868266179524e-01
6.195894223279677648e-01
5.901997652061717892e-01
8.173851614388135678e-01
6.963752703024790325e-01
5.856286241458013020e-01
6.975333358232791436e-01
9.017632626570187826e-01
8.710585053150470269e-01
8.681418276750124674e-01
8.671693985278789985e-01
8.883965473908644883e-01
8.568252038497191636e-01
5.464264632632526153e-01
6.286987818849201215e-01
7.920110188424587250e-01
7.939922471459095465e-01
8.002724876770606066e-01
8.839544837291424262e-01
9.109328710115872640e-01
8.923309330756847846e-01
8.899739980697631836e-01
9.169432337467486871e-01
9.013843444677499539e-01
8.793718172953679524e-01
8.515689006218543078e-01
7.329851514603853424e-01
8.402106716082646809e-01
8.729763948000394125e-01
8.760408587180651407e-01
9.481127445514385688e-01
9.499524556673489828e-01
9.055452713599572157e-01
9.316095022054818875e-01
9.272102346787085558e-01
9.166910235698406684e-01
5.508028040055180652e-01
5.289849032862827816e-01
8.249583400499361785e-01
9.470022137348468316e-01
6.278900278445619376e-01
5.801783481147140265e-01
8.762460620357439556e-01
7.122506109567788846e-01
8.687764807389333210e-01
8.764183337871844781e-01
8.905632885602804416e-01
7.097583797115546433e-01
7.838988980421652819e-01
4.999216941621256183e-01
5.914012660426893886e-01
7.570594749771631937e-01
7.350135270792704789e-01
8.968164026737213135e-01
7.910994818577399279e-01
8.087648256466939412e-01
9.437432105724627984e-01
8.601499727139105822e-01
7.172343834088399372e-01
7.173210238627059088e-01
8.002714425361213690e-01
6.978896541091111905e-01
9.393751850494971301e-01
9.012684730383065945e-01
9.332516835286066570e-01
9.468256601920495008e-01
8.651562906228579264e-01
9.010592532845643765e-01
7.690153620907879128e-01
7.124787838413164653e-01
9.601040299122149957e-01
9.296480738199673910e-01
9.600126559917743219e-01
9.281379580497741699e-01
7.879186456020061957e-01
6.855437851582582010e-01
8.704205728494204264e-01
8.380807397457269436e-01
9.183133519612826090e-01
8.782287148328927762e-01
9.417935793216412055e-01
8.818325698375701904e-01
7.426356256451421833e-01
7.191548060912352769e-01
5.528806270315096416e-01
9.322554858831259006e-01
4.995861630170391199e-01
8.638672163853278185e-01
6.274865957827142626e-01
8.300368419060339953e-01
7.038441493820685180e-01
9.285876705096318684e-01
9.083630075821509386e-01
7.535103399019974502e-01
9.199426724360539875e-01
9.272080659866333008e-01
9.350794737155621039e-01
8.944486196224505914e-01
8.992168353154108562e-01
9.342648662053621988e-01
