4.326827480242802504e-01
2.917268675966904756e-01
2.013440674546962683e-01
2.382450134116075313e-01
3.351234233794876949e-01
2.135899483691900969e-01
2.275657461096461109e-01
2.711079860299255850e-01
2.730707381135569212e-01
3.263648899200444209e-01
2.830353513933144827e-01
3.488929438015195283e-01
2.637595881421405664e-01
4.388581663370132446e-01
1.028220224308405151e-01
2.415161407143212036e-01
3.123755368701844892e-01
2.120188519967576568e-01
2.726911576464772224e-01
3.092039317752306449e-01
3.776259591373113400e-01
4.000114928930997849e-01
3.406606922284342032e-01
2.708305155034534950e-01
3.222081698477268219e-01
1.621509061524893103e-01
3.451055366178759631e-01
2.859263733486071546e-01
4.257222522909824836e-01
3.543803084355134358e-01
3.813909303683500895e-01
3.837555904801075446e-01
3.332413728707112055e-01
3.492982284380839464e-01
3.719197269529104233e-01
4.147541935627276910e-01
2.837459737291702644e-01
1.786410807084254093e-01
1.702677316386073669e-01
9.661541723712965823e-02
2.385189949642293750e-01
2.235119628111043866e-01
1.382304207206918600e-01
1.549553378897074452e-01
2.270360312854441398e-01
1.524066902225583164e-01
2.263888693635705551e-01
1.696340698981657624e-01
3.207822906283231967e-01
2.961732101841614839e-01
1.441349401228273208e-01
2.393853237377837895e-01
2.118180018254721408e-01
2.751797413630601152e-01
2.675595693111132989e-01
2.861914776552181849e-01
3.163447103534753335e-01
3.229126087748087626e-01
2.327038314304865352e-01
2.421534184429149916e-01
1.628102280228631571e-01
2.800635016308380965e-01
2.967802051168221822e-01
3.244780852423551076e-01
3.259774100330944946e-01
3.829529660825545800e-01
3.198474152730061415e-01
3.255659626223720293e-01
2.713251531553956264e-01
2.145015382064649756e-01
3.782240787203101084e-01
3.586870347543691384e-01
3.735088482036176827e-01
3.872339168850045810e-01
3.236507805141330407e-01
2.696441277288473826e-01
3.477613662297909247e-01
3.633552576916722066e-01
3.576011617596333014e-01
3.086459397589071396e-01
3.615879043936729431e-01
3.261560505399337395e-01
3.331085953574914327e-01
2.512757078959391710e-01
3.635129270618423503e-01
3.423410361775985344e-01
4.164410504655769452e-01
3.343741343924193643e-01
2.524633365683257580e-01
4.251486355295547859e-01
2.650934197008609772e-01
2.761067858557977872e-01
3.773373342477358561e-01
3.981810260850649485e-01
3.913006559327746325e-01
3.924986840440676805e-01
3.442959501766241770e-01
4.114096302252549520e-01
4.388854993650546654e-01
3.647699812964464439e-01
3.471440261480613354e-01
