6.754335165023803711e-01
9.999991655349731445e-01
8.840072751045227051e-01
8.835718631744384766e-01
9.099674820899963379e-01
9.896658062934875488e-01
9.588570594787597656e-01
9.914938807487487793e-01
9.854846596717834473e-01
9.824631214141845703e-01
9.227600693702697754e-01
9.094557762145996094e-01
9.998279809951782227e-01
1.377511620521545410e-01
9.999921917915344238e-01
9.609446525573730469e-01
9.634971618652343750e-01
9.846589565277099609e-01
9.447543621063232422e-01
9.270643591880798340e-01
9.960393905639648438e-01
9.897077083587646484e-01
9.348986744880676270e-01
5.755028724670410156e-01
7.862203717231750488e-01
9.999057650566101074e-01
1.175256259739398956e-02
6.990079581737518311e-02
1.000000119209289551e+00
8.486581593751907349e-02
2.093497365713119507e-01
9.999976754188537598e-01
6.796694993972778320e-01
6.515498757362365723e-01
3.539581000804901123e-01
9.943000674247741699e-01
9.994568228721618652e-01
9.999306201934814453e-01
9.999307990074157715e-01
1.428825839866476599e-07
9.421268105506896973e-02
9.999998807907104492e-01
4.607921093702316284e-02
3.618423640727996826e-01
9.997757673263549805e-01
3.659012913703918457e-01
4.107130467891693115e-01
4.133501350879669189e-01
9.995074272155761719e-01
9.813858270645141602e-01
9.999435544013977051e-01
9.998856186866760254e-01
4.655234813690185547e-01
2.017517760396003723e-02
9.999866485595703125e-01
9.415786862373352051e-01
9.911741614341735840e-01
9.264596700668334961e-01
8.670321106910705566e-01
9.983015656471252441e-01
9.626784920692443848e-01
9.268512725830078125e-01
6.618672609329223633e-01
8.644893765449523926e-01
9.998891949653625488e-01
1.820229738950729370e-01
5.983292460441589355e-01
9.998468756675720215e-01
9.997798800468444824e-01
9.968856573104858398e-01
8.470690250396728516e-01
4.183901548385620117e-01
9.731773138046264648e-01
9.958094358444213867e-01
7.437703013420104980e-02
1.228271722793579102e-01
8.445577621459960938e-01
9.998059868812561035e-01
2.107433229684829712e-01
5.759028792381286621e-01
9.999992847442626953e-01
5.479780435562133789e-01
3.972886502742767334e-01
6.616622805595397949e-01
9.994968175888061523e-01
3.132195770740509033e-02
6.290797889232635498e-02
9.999799728393554688e-01
9.998366832733154297e-01
9.981355071067810059e-01
1.279187351465225220e-01
3.811078667640686035e-01
4.238045513629913330e-01
9.999972581863403320e-01
2.889014780521392822e-01
8.748371601104736328e-01
3.767840564250946045e-01
9.992646574974060059e-01
6.786850094795227051e-01
7.264466583728790283e-02
9.990392327308654785e-01
9.960942268371582031e-01
9.972222447395324707e-01
9.795509576797485352e-01
4.850037992000579834e-01
9.681074023246765137e-01
9.999952912330627441e-01
8.971681594848632812e-01
9.142892360687255859e-01
6.834856271743774414e-01
9.718863964080810547e-01
9.610133171081542969e-01
9.961038231849670410e-01
9.819532036781311035e-01
8.712732195854187012e-01
9.977450966835021973e-01
9.948978424072265625e-01
2.640392184257507324e-01
6.226331591606140137e-01
9.999754428863525391e-01
9.355301260948181152e-01
9.739663004875183105e-01
9.006798267364501953e-01
9.765516519546508789e-01
9.796288609504699707e-01
9.979588389396667480e-01
9.678292870521545410e-01
7.663781642913818359e-01
9.386789202690124512e-01
9.999107718467712402e-01
2.820360362529754639e-01
5.850319862365722656e-01
9.999982118606567383e-01
9.712803363800048828e-01
9.076849222183227539e-01
8.235098123550415039e-01
9.835454225540161133e-01
9.466141462326049805e-01
9.910889267921447754e-01
9.626089334487915039e-01
9.852367639541625977e-01
8.513577580451965332e-01
9.958505034446716309e-01
4.654908180236816406e-01
7.173641324043273926e-01
9.999977350234985352e-01
8.191958069801330566e-01
5.230504274368286133e-01
8.910763859748840332e-01
9.912636280059814453e-01
9.495496153831481934e-01
9.878925085067749023e-01
9.922054409980773926e-01
9.790747761726379395e-01
9.702764153480529785e-01
9.867644906044006348e-01
4.187506437301635742e-01
7.894076108932495117e-01
9.998514652252197266e-01
9.392393827438354492e-01
8.049508929252624512e-01
9.144223928451538086e-01
9.854688048362731934e-01
9.657273888587951660e-01
9.874258637428283691e-01
9.295718073844909668e-01
9.792844057083129883e-01
8.947595953941345215e-01
9.402948617935180664e-01
9.800341725349426270e-01
9.535332322120666504e-01
7.233412265777587891e-01
9.883599281311035156e-01
2.306856364011764526e-01
8.921480774879455566e-01
8.282402753829956055e-01
9.930679798126220703e-01
9.901893138885498047e-01
9.107900857925415039e-01
7.655965685844421387e-01
8.827739953994750977e-01
9.999671578407287598e-01
9.999948143959045410e-01
2.330190967768430710e-03
8.923495411872863770e-01
7.376077771186828613e-02
1.252736523747444153e-02
5.668018460273742676e-01
5.815078020095825195e-01
8.440757989883422852e-01
1.333634108304977417e-01
9.621489644050598145e-01
9.036034941673278809e-01
9.301918148994445801e-01
2.008882015943527222e-01
2.374049276113510132e-03
9.843462705612182617e-02
9.999964833259582520e-01
3.023958299309015274e-03
7.885628193616867065e-02
9.999967813491821289e-01
9.864748120307922363e-01
6.517816781997680664e-01
3.597151041030883789e-01
9.931992292404174805e-01
9.992874264717102051e-01
9.999566078186035156e-01
9.999871253967285156e-01
7.123083472251892090e-01
6.436894834041595459e-02
9.949752092361450195e-01
9.318653941154479980e-01
4.342820495367050171e-03
9.393287301063537598e-01
9.816137552261352539e-01
9.865799546241760254e-01
8.335729241371154785e-01
9.568703770637512207e-01
9.053398966789245605e-01
9.849817156791687012e-01
9.999951720237731934e-01
9.918895959854125977e-01
9.527503699064254761e-02
8.577578663825988770e-01
9.967020750045776367e-01
8.747166991233825684e-01
1.987417191267013550e-01
7.712852954864501953e-01
9.892848730087280273e-01
9.431964755058288574e-01
8.567125797271728516e-01
7.869732975959777832e-01
9.602223634719848633e-01
9.991413354873657227e-01
6.891978383064270020e-01
6.505563259124755859e-01
9.973523616790771484e-01
9.204882979393005371e-01
9.160724282264709473e-01
9.274535775184631348e-01
9.875418543815612793e-01
4.185416698455810547e-01
5.907136797904968262e-01
9.998569488525390625e-01
9.998028278350830078e-01
9.999203085899353027e-01
3.060442209243774414e-01
9.721419811248779297e-01
8.132055997848510742e-01
9.356063604354858398e-01
9.854627251625061035e-01
9.813559055328369141e-01
9.914183020591735840e-01
8.835704326629638672e-01
9.313714504241943359e-01
8.584735393524169922e-01
9.154864549636840820e-01
6.163751482963562012e-01
6.124818325042724609e-01
9.944585561752319336e-01
8.844107985496520996e-01
2.986688613891601562e-01
9.881662130355834961e-01
9.573680758476257324e-01
9.359390735626220703e-01
8.928987383842468262e-01
9.709239006042480469e-01
9.548859000205993652e-01
9.899227023124694824e-01
9.885728955268859863e-01
9.978194832801818848e-01
9.998452663421630859e-01
9.827054142951965332e-01
9.580925107002258301e-01
3.769048750400543213e-01
9.296609163284301758e-01
9.829354286193847656e-01
9.902976751327514648e-01
7.703744173049926758e-01
9.548065066337585449e-01
9.404824972152709961e-01
9.925841093063354492e-01
8.993370532989501953e-01
8.442028164863586426e-01
9.606772065162658691e-01
9.999461174011230469e-01
9.540917873382568359e-01
3.998982310295104980e-01
9.808613061904907227e-01
9.622181057929992676e-01
9.738509058952331543e-01
6.949091553688049316e-01
9.151601791381835938e-01
9.604214429855346680e-01
9.857346415519714355e-01
9.114563465118408203e-01
9.432977437973022461e-01
8.900422453880310059e-01
9.977198839187622070e-01
8.866235613822937012e-01
5.535322427749633789e-01
9.882488846778869629e-01
9.612287282943725586e-01
9.578010439872741699e-01
7.948315143585205078e-01
9.703139662742614746e-01
9.555838704109191895e-01
9.926316738128662109e-01
9.965560436248779297e-01
9.487400650978088379e-01
9.231110811233520508e-01
9.910593628883361816e-01
9.533135294914245605e-01
5.360361933708190918e-01
9.684043526649475098e-01
9.791074991226196289e-01
9.831976890563964844e-01
9.124596118927001953e-01
9.330946207046508789e-01
9.214620590209960938e-01
9.908964037895202637e-01
8.204273581504821777e-01
9.314870834350585938e-01
8.367871642112731934e-01
9.513229131698608398e-01
9.999391436576843262e-01
9.856024980545043945e-01
8.579130768775939941e-01
9.941717386245727539e-01
8.424780964851379395e-01
8.126217126846313477e-01
9.287617206573486328e-01
9.584841728210449219e-01
6.342111825942993164e-01
9.841938018798828125e-01
9.141518473625183105e-01
8.795237541198730469e-01
6.397808790206909180e-01
4.690654277801513672e-01
8.541333675384521484e-01
9.999411702156066895e-01
8.422160148620605469e-01
4.368126988410949707e-01
9.999169707298278809e-01
9.901741147041320801e-01
9.886921048164367676e-01
9.729300141334533691e-01
9.391403794288635254e-01
9.624394178390502930e-01
6.152053475379943848e-01
9.997286796569824219e-01
1.886029541492462158e-01
2.064594812691211700e-02
9.990168213844299316e-01
7.362431287765502930e-01
2.301758358953520656e-04
9.950963258743286133e-01
9.677219390869140625e-01
9.779585003852844238e-01
6.900690197944641113e-01
9.822610020637512207e-01
9.724905490875244141e-01
9.986934065818786621e-01
9.997771978378295898e-01
2.629855275154113770e-01
4.625588059425354004e-01
9.975222945213317871e-01
7.984269261360168457e-01
8.366248011589050293e-01
9.803973436355590820e-01
9.451918005943298340e-01
9.657143354415893555e-01
7.473867535591125488e-01
9.742428660392761230e-01
9.940788745880126953e-01
9.934012293815612793e-01
9.642071723937988281e-01
9.939849376678466797e-01
9.881205558776855469e-01
8.290739059448242188e-01
8.925435543060302734e-01
9.894151687622070312e-01
7.567085027694702148e-01
9.201124906539916992e-01
9.821388125419616699e-01
5.766671299934387207e-01
9.809706807136535645e-01
9.622212648391723633e-01
8.713563084602355957e-01
6.053798198699951172e-01
1.700573712587356567e-01
9.077988266944885254e-01
9.888011217117309570e-01
9.689401388168334961e-01
9.898809790611267090e-01
9.807292819023132324e-01
9.962858557701110840e-01
8.395901918411254883e-01
5.917306542396545410e-01
9.996818900108337402e-01
9.980763792991638184e-01
9.989339709281921387e-01
9.580245018005371094e-01
9.030664563179016113e-01
9.495198130607604980e-01
9.492548704147338867e-01
9.722477197647094727e-01
9.953230023384094238e-01
9.965317845344543457e-01
9.492486119270324707e-01
9.208500385284423828e-01
9.492859244346618652e-01
9.406569600105285645e-01
8.882250189781188965e-01
9.349072575569152832e-01
9.763482213020324707e-01
8.967474699020385742e-01
9.414169192314147949e-01
9.524653553962707520e-01
9.760132431983947754e-01
9.885261654853820801e-01
9.601529240608215332e-01
8.884289860725402832e-01
8.902410268783569336e-01
9.900748133659362793e-01
9.479444622993469238e-01
9.337142705917358398e-01
9.994481801986694336e-01
9.842081069946289062e-01
9.499564170837402344e-01
9.806307554244995117e-01
7.807268500328063965e-01
9.664553403854370117e-01
9.965180158615112305e-01
9.015085101127624512e-01
8.810495138168334961e-01
7.199009656906127930e-01
9.899515509605407715e-01
7.456915378570556641e-01
9.338130354881286621e-01
9.633284211158752441e-01
9.625576138496398926e-01
9.604208469390869141e-01
9.683673977851867676e-01
9.366791844367980957e-01
8.999363183975219727e-01
9.989073872566223145e-01
9.199916720390319824e-01
8.273330330848693848e-01
8.965824842453002930e-01
9.956745505332946777e-01
9.720066785812377930e-01
8.457604050636291504e-01
8.896662592887878418e-01
9.995973110198974609e-01
9.027107357978820801e-01
9.534384012222290039e-01
9.545887112617492676e-01
9.271137714385986328e-01
9.947760105133056641e-01
9.636056423187255859e-01
9.122245907783508301e-01
8.042744994163513184e-01
9.936313629150390625e-01
9.985214471817016602e-01
8.727362155914306641e-01
7.778186798095703125e-01
9.982929825782775879e-01
9.257246851921081543e-01
9.701970815658569336e-01
9.247695803642272949e-01
9.297264218330383301e-01
9.978089928627014160e-01
9.208877682685852051e-01
8.825025558471679688e-01
9.455620050430297852e-01
9.939123988151550293e-01
7.447522878646850586e-01
8.881156444549560547e-01
8.338670134544372559e-01
9.591568708419799805e-01
9.998112320899963379e-01
9.999943971633911133e-01
8.900117278099060059e-01
9.924373626708984375e-01
9.758868813514709473e-01
5.589557345956563950e-03
5.675546824932098389e-03
6.574877500534057617e-01
7.622368931770324707e-01
5.433757542050443590e-05
1.572916808072477579e-04
4.575677961111068726e-02
8.253366947174072266e-01
9.999992847442626953e-01
9.990164637565612793e-01
9.998556971549987793e-01
2.336549460887908936e-01
9.996999502182006836e-01
1.925660669803619385e-01
1.404139250516891479e-01
1.508413068950176239e-02
1.953627727925777435e-02
9.477374553680419922e-01
8.286265730857849121e-01
4.817921221256256104e-01
1.882085017859935760e-02
9.998264312744140625e-01
9.955683946609497070e-01
9.351003766059875488e-01
9.028882384300231934e-01
9.788009524345397949e-01
8.810258507728576660e-01
9.799447059631347656e-01
9.727671146392822266e-01
2.375679649412631989e-02
9.731770753860473633e-01
8.859846591949462891e-01
9.118472933769226074e-01
2.837705314159393311e-01
9.999903440475463867e-01
9.989343285560607910e-01
9.905362129211425781e-01
6.042451858520507812e-01
9.884248375892639160e-01
9.819391369819641113e-01
9.526055455207824707e-01
9.571501612663269043e-01
9.672558903694152832e-01
9.952127933502197266e-01
9.705244302749633789e-01
9.567895531654357910e-01
9.474203586578369141e-01
9.999998807907104492e-01
9.997435808181762695e-01
9.985217452049255371e-01
3.150685131549835205e-02
3.969803452491760254e-01
9.994590878486633301e-01
7.772971875965595245e-03
7.161574363708496094e-01
9.917517304420471191e-01
3.656221032142639160e-01
3.512928783893585205e-01
3.343064486980438232e-01
9.694553017616271973e-01
9.999989867210388184e-01
9.990214705467224121e-01
9.959545731544494629e-01
3.430443406105041504e-01
9.097982048988342285e-01
9.941279292106628418e-01
4.549004137516021729e-01
2.115827500820159912e-01
9.586962461471557617e-01
4.490145742893218994e-01
4.568046890199184418e-03
3.852974390611052513e-03
2.177580147981643677e-01
9.999915361404418945e-01
9.947510361671447754e-01
9.464522600173950195e-01
9.690802097320556641e-01
9.954498410224914551e-01
9.037536978721618652e-01
9.168023467063903809e-01
8.188785910606384277e-01
9.194659590721130371e-01
9.582191109657287598e-01
8.998766541481018066e-01
9.592670202255249023e-01
1.092105433344841003e-01
9.998401999473571777e-01
9.457384347915649414e-01
7.350195050239562988e-01
9.919990301132202148e-01
9.178507924079895020e-01
6.037523746490478516e-01
3.924832940101623535e-01
9.242986440658569336e-01
7.702464461326599121e-01
3.801269233226776123e-01
7.018059492111206055e-02
6.765455603599548340e-01
8.511761426925659180e-01
9.999828338623046875e-01
9.876171946525573730e-01
8.722369074821472168e-01
9.396690130233764648e-01
9.866800904273986816e-01
9.832258224487304688e-01
9.305157065391540527e-01
9.775854349136352539e-01
9.246674180030822754e-01
5.848991274833679199e-01
1.630951613187789917e-01
9.657090902328491211e-01
9.782104492187500000e-01
9.999912381172180176e-01
9.944511651992797852e-01
8.722631931304931641e-01
8.249624967575073242e-01
9.971885681152343750e-01
8.757721185684204102e-01
7.770200371742248535e-01
8.357914090156555176e-01
9.705912470817565918e-01
9.614273309707641602e-01
7.345708012580871582e-01
5.538301467895507812e-01
9.955785870552062988e-01
9.994239211082458496e-01
9.951201677322387695e-01
9.464173913002014160e-01
9.064483642578125000e-01
9.199033379554748535e-01
8.892800807952880859e-01
8.325573801994323730e-01
9.133931994438171387e-01
9.754128456115722656e-01
4.336263835430145264e-01
9.719433188438415527e-01
8.940171003341674805e-01
8.997792601585388184e-01
9.394162148237228394e-02
4.524416625499725342e-01
7.321623563766479492e-01
9.999869465827941895e-01
5.952169895172119141e-01
9.999997019767761230e-01
1.287255883216857910e-01
4.850394725799560547e-01
7.769714593887329102e-01
9.960507154464721680e-01
9.663457870483398438e-01
9.999821782112121582e-01
9.999944567680358887e-01
1.975795775651931763e-01
7.079196572303771973e-01
9.538933634757995605e-01
9.998757243156433105e-01
8.065529465675354004e-01
9.999276995658874512e-01
2.353581488132476807e-01
9.127549529075622559e-01
9.435958266258239746e-01
9.402399063110351562e-01
8.616279959678649902e-01
6.316655278205871582e-01
9.996943473815917969e-01
6.268787980079650879e-01
9.164614677429199219e-01
9.420745372772216797e-01
9.893625974655151367e-01
9.450148940086364746e-01
9.725860357284545898e-01
1.193825340806142776e-07
2.000891789793968201e-02
8.486375212669372559e-01
5.008458288102701772e-07
1.703868520053219981e-06
1.722688648442272097e-05
2.379377037286758423e-01
2.240729480981826782e-01
2.255096733570098877e-01
9.281976819038391113e-01
9.998067021369934082e-01
4.952826201915740967e-01
7.933948040008544922e-01
9.999767541885375977e-01
1.669199118623510003e-04
2.020278386771678925e-02
9.999573826789855957e-01
9.999283552169799805e-01
9.999217391014099121e-01
1.798093901015818119e-03
6.984201073646545410e-01
9.420024156570434570e-01
9.630767703056335449e-01
9.998859167098999023e-01
3.824161738157272339e-02
7.956053018569946289e-01
9.998567104339599609e-01
2.522080242633819580e-01
1.699005961418151855e-01
9.893133044242858887e-01
9.989163279533386230e-01
9.997482299804687500e-01
9.945978522300720215e-01
9.845330119132995605e-01
9.860917925834655762e-01
9.961013793945312500e-01
9.978330135345458984e-01
8.046613335609436035e-01
9.724327921867370605e-01
7.285333275794982910e-01
5.234746932983398438e-01
3.776962682604789734e-02
4.228352010250091553e-01
2.944629490375518799e-01
8.924973011016845703e-01
9.139494299888610840e-01
7.750721573829650879e-01
9.352591633796691895e-01
9.719625115394592285e-01
9.993976950645446777e-01
8.502224087715148926e-01
9.518980979919433594e-01
9.999082684516906738e-01
9.998873472213745117e-01
9.869388341903686523e-01
9.409707188606262207e-01
3.658699095249176025e-01
8.812918663024902344e-01
9.999342560768127441e-01
4.874506294727325439e-01
7.267710566520690918e-01
9.372575879096984863e-01
9.999055266380310059e-01
5.438374280929565430e-01
8.342248797416687012e-01
9.999693036079406738e-01
6.448717117309570312e-01
9.772264361381530762e-01
9.167651534080505371e-01
9.579085707664489746e-01
2.832022905349731445e-01
9.749026894569396973e-01
5.402024984359741211e-01
6.291240453720092773e-01
8.862044215202331543e-01
9.999186396598815918e-01
1.050132662057876587e-01
7.553895115852355957e-01
9.999170899391174316e-01
7.870784997940063477e-01
9.857016801834106445e-01
9.535896778106689453e-01
9.817582368850708008e-01
9.965497255325317383e-01
8.934954404830932617e-01
8.164644241333007812e-01
9.130002260208129883e-01
9.777018427848815918e-01
9.980756640434265137e-01
8.669895529747009277e-01
9.382786154747009277e-01
9.999420642852783203e-01
9.575117230415344238e-01
9.806094169616699219e-01
9.158295989036560059e-01
9.659707546234130859e-01
9.654761552810668945e-01
9.728116989135742188e-01
6.220619082450866699e-01
4.652653932571411133e-01
9.927196502685546875e-01
9.976685643196105957e-01
9.336662888526916504e-01
9.825843572616577148e-01
9.555611610412597656e-01
9.693756699562072754e-01
4.294091761112213135e-01
9.836707711219787598e-01
8.661141395568847656e-01
9.996811151504516602e-01
9.841714501380920410e-01
9.940409064292907715e-01
9.819275736808776855e-01
9.996773600578308105e-01
9.350044131278991699e-01
9.928272366523742676e-01
9.996194839477539062e-01
6.281207799911499023e-01
6.563942879438400269e-02
1.686711609363555908e-02
8.653165698051452637e-01
8.001027703285217285e-01
9.625171422958374023e-01
8.238620311021804810e-02
9.312725067138671875e-01
9.106280207633972168e-01
9.788285493850708008e-01
9.992616176605224609e-01
9.721252918243408203e-01
5.366758108139038086e-01
9.857314229011535645e-01
1.660903799347579479e-03
2.974397648358717561e-05
9.974960684776306152e-01
9.995980262756347656e-01
9.997886419296264648e-01
1.207670569419860840e-02
9.389021396636962891e-01
8.082060813903808594e-01
9.680523872375488281e-01
9.475052952766418457e-01
9.592146873474121094e-01
7.787799239158630371e-01
7.915585041046142578e-01
9.301894307136535645e-01
1.007857965305447578e-03
8.163987994194030762e-01
5.386342406272888184e-01
9.256864190101623535e-01
9.993929862976074219e-01
9.882854223251342773e-01
9.918033480644226074e-01
9.996241331100463867e-01
7.026883959770202637e-01
7.955300211906433105e-01
7.661128044128417969e-01
5.462229847908020020e-01
2.505188286304473877e-01
1.146445050835609436e-01
6.308144927024841309e-01
2.873893976211547852e-01
9.999693036079406738e-01
9.989618659019470215e-01
9.651888608932495117e-01
9.721106290817260742e-01
9.970425367355346680e-01
9.689388275146484375e-01
9.755050539970397949e-01
9.851297736167907715e-01
9.539660215377807617e-01
9.803116917610168457e-01
8.784443736076354980e-01
9.448254704475402832e-01
6.305626034736633301e-01
9.728170037269592285e-01
9.870345592498779297e-01
8.806165456771850586e-01
9.171696305274963379e-01
9.853926301002502441e-01
9.950634837150573730e-01
9.653992056846618652e-01
9.614739418029785156e-01
9.569209218025207520e-01
9.706630110740661621e-01
5.045408606529235840e-01
9.706029295921325684e-01
8.193569183349609375e-01
8.091310262680053711e-01
9.801590442657470703e-01
8.972126841545104980e-01
8.997061252593994141e-01
9.867981672286987305e-01
9.937961101531982422e-01
9.472608566284179688e-01
9.283877611160278320e-01
9.652631878852844238e-01
9.797896742820739746e-01
9.116132259368896484e-01
9.938038587570190430e-01
8.988773226737976074e-01
7.464383244514465332e-01
9.833245873451232910e-01
9.208454489707946777e-01
9.489126205444335938e-01
9.951618313789367676e-01
9.904786348342895508e-01
9.565730094909667969e-01
9.731972813606262207e-01
9.530349373817443848e-01
8.581918478012084961e-01
9.888148307800292969e-01
8.810182809829711914e-01
9.352099895477294922e-01
9.197666049003601074e-01
9.875282645225524902e-01
9.954475760459899902e-01
9.953040480613708496e-01
9.551429748535156250e-01
7.483172416687011719e-01
9.645799398422241211e-01
9.820565581321716309e-01
8.842772841453552246e-01
9.922869801521301270e-01
4.476779401302337646e-01
9.743454456329345703e-01
9.554684162139892578e-01
9.061326384544372559e-01
4.459947347640991211e-01
9.712886214256286621e-01
9.770039319992065430e-01
9.966056942939758301e-01
9.890816807746887207e-01
9.732160568237304688e-01
9.946637749671936035e-01
9.496981501579284668e-01
9.107570648193359375e-01
5.480387061834335327e-02
9.978941679000854492e-01
9.704683423042297363e-01
9.985518455505371094e-01
9.297370910644531250e-01
5.511176586151123047e-01
8.427708745002746582e-01
9.784834384918212891e-01
9.960141181945800781e-01
8.558395504951477051e-01
9.954136610031127930e-01
9.702197909355163574e-01
9.305317997932434082e-01
1.065880042006028816e-06
9.030814170837402344e-01
5.069795250892639160e-01
5.966971516609191895e-01
8.700496554374694824e-01
9.957585334777832031e-01
9.964501857757568359e-01
9.958832859992980957e-01
6.816263198852539062e-01
8.497418761253356934e-01
9.973297715187072754e-01
3.330426812171936035e-01
1.154091879725456238e-01
8.549618721008300781e-01
4.861257076263427734e-01
2.831385731697082520e-01
9.042372703552246094e-01
7.685189247131347656e-01
9.613331556320190430e-01
9.880712032318115234e-01
9.669538736343383789e-01
8.811614513397216797e-01
9.815878868103027344e-01
9.984421730041503906e-01
9.633166193962097168e-01
9.985177516937255859e-01
9.957232475280761719e-01
9.464191198348999023e-01
8.971837162971496582e-01
9.530247449874877930e-01
9.496174454689025879e-01
9.752034544944763184e-01
9.736743569374084473e-01
9.816505312919616699e-01
9.388429522514343262e-01
9.679259657859802246e-01
9.953147172927856445e-01
7.940764427185058594e-01
8.925219178199768066e-01
9.994907379150390625e-01
8.833594322204589844e-01
8.340215086936950684e-01
8.505494594573974609e-01
9.987934827804565430e-01
8.708323836326599121e-01
9.631487131118774414e-01
9.811475276947021484e-01
9.855551719665527344e-01
9.651798009872436523e-01
9.930507540702819824e-01
9.510961174964904785e-01
9.403060674667358398e-01
9.989765882492065430e-01
9.966906905174255371e-01
9.323164224624633789e-01
9.213948249816894531e-01
9.804694652557373047e-01
9.347367286682128906e-01
9.763036966323852539e-01
9.746803045272827148e-01
9.507164955139160156e-01
9.763413071632385254e-01
9.956969618797302246e-01
9.828767776489257812e-01
9.120436906814575195e-01
9.973528981208801270e-01
7.608637809753417969e-01
8.810141086578369141e-01
8.177700638771057129e-01
9.053966403007507324e-01
9.992385506629943848e-01
9.992058873176574707e-01
9.970896840095520020e-01
3.218854963779449463e-01
2.620165050029754639e-01
8.299365043640136719e-01
9.969309568405151367e-01
7.855854630470275879e-01
9.982922673225402832e-01
6.983981132507324219e-01
5.101912617683410645e-01
8.646917343139648438e-01
9.794799685478210449e-01
9.955649971961975098e-01
9.989128708839416504e-01
9.878263473510742188e-01
8.121221661567687988e-01
7.803927063941955566e-01
9.786115884780883789e-01
9.981991648674011230e-01
2.524487078189849854e-01
9.873033761978149414e-01
5.305227637290954590e-01
5.310142040252685547e-01
2.677883766591548920e-02
3.237147629261016846e-02
9.978203773498535156e-01
9.957469701766967773e-01
9.633237719535827637e-01
6.621750593185424805e-01
9.169600009918212891e-01
9.927415847778320312e-01
8.768683671951293945e-01
8.290722966194152832e-01
9.914917349815368652e-01
9.686285257339477539e-01
9.191792011260986328e-01
9.184904694557189941e-01
2.829690873622894287e-01
9.952048063278198242e-01
9.979850649833679199e-01
9.911123514175415039e-01
9.469087719917297363e-01
6.640954017639160156e-01
9.959083795547485352e-01
9.917165637016296387e-01
1.308985799551010132e-01
9.291268587112426758e-01
9.982452392578125000e-01
7.458092570304870605e-01
5.120774507522583008e-01
9.959608912467956543e-01
9.925714135169982910e-01
9.971316456794738770e-01
9.700506925582885742e-01
7.908504009246826172e-01
8.547934889793395996e-01
9.825989007949829102e-01
9.582747817039489746e-01
7.097762227058410645e-01
9.665038585662841797e-01
9.985364675521850586e-01
8.901297450065612793e-01
8.283569216728210449e-01
9.984990358352661133e-01
9.948862791061401367e-01
9.899511337280273438e-01
8.458508253097534180e-01
7.746291756629943848e-01
9.440725445747375488e-01
9.813504219055175781e-01
6.859948039054870605e-01
9.371922016143798828e-01
9.749018549919128418e-01
4.879009127616882324e-01
9.684675335884094238e-01
9.514390230178833008e-01
8.803365826606750488e-01
7.758653163909912109e-01
9.677972197532653809e-01
9.797763228416442871e-01
9.981400370597839355e-01
9.656385183334350586e-01
9.143994450569152832e-01
9.859707355499267578e-01
9.994958043098449707e-01
7.795152664184570312e-01
9.998995065689086914e-01
9.821086525917053223e-01
8.949541449546813965e-01
9.997555613517761230e-01
7.462031841278076172e-01
8.608599901199340820e-01
9.936451911926269531e-01
9.965539574623107910e-01
8.730298280715942383e-01
9.916007518768310547e-01
9.365288615226745605e-01
9.859208464622497559e-01
6.473851799964904785e-01
9.999324083328247070e-01
9.979612231254577637e-01
9.996681809425354004e-01
4.345338046550750732e-01
9.919742345809936523e-01
9.955936074256896973e-01
9.962406754493713379e-01
7.650269865989685059e-01
8.043449521064758301e-01
9.973627924919128418e-01
9.842448234558105469e-01
4.229591488838195801e-01
7.062672376632690430e-01
9.934360980987548828e-01
2.198537986259907484e-04
6.290934979915618896e-03
9.903017878532409668e-01
9.912629723548889160e-01
9.976956248283386230e-01
9.995260834693908691e-01
7.909904718399047852e-01
6.022817492485046387e-01
7.215436100959777832e-01
9.814887046813964844e-01
3.921726047992706299e-01
8.677317202091217041e-02
9.458572268486022949e-01
8.347186446189880371e-01
1.262651681900024414e-01
8.784364461898803711e-01
9.967883825302124023e-01
9.990223050117492676e-01
9.995503425598144531e-01
3.351319432258605957e-01
3.972573578357696533e-02
2.567142546176910400e-01
8.635324239730834961e-01
1.528592556715011597e-01
3.506607562303543091e-02
7.705375552177429199e-01
2.133102715015411377e-01
7.118431329727172852e-01
8.133664727210998535e-01
9.535734057426452637e-01
9.433063268661499023e-01
9.967725276947021484e-01
9.647221565246582031e-01
9.767042994499206543e-01
9.901680946350097656e-01
9.866222739219665527e-01
9.960243701934814453e-01
3.422704041004180908e-01
9.823916554450988770e-01
9.906606674194335938e-01
9.994932413101196289e-01
9.966118931770324707e-01
9.939399547874927521e-03
4.546472132205963135e-01
5.003895163536071777e-01
9.999819993972778320e-01
6.178182363510131836e-02
3.526509404182434082e-01
2.174219787120819092e-01
9.998852014541625977e-01
1.346202790737152100e-01
9.996106624603271484e-01
7.634118795394897461e-01
8.801053762435913086e-01
1.201738491654396057e-01
9.188380837440490723e-01
9.502106308937072754e-01
9.848728179931640625e-01
9.577933549880981445e-01
8.371893763542175293e-01
9.966632723808288574e-01
9.929229617118835449e-01
9.988144636154174805e-01
9.410930275917053223e-01
9.231908917427062988e-01
9.298349022865295410e-01
2.172038853168487549e-01
5.816461443901062012e-01
9.843116402626037598e-01
9.932108521461486816e-01
9.979880452156066895e-01
7.594835162162780762e-01
8.610190749168395996e-01
5.529196262359619141e-01
9.726911783218383789e-01
8.593180775642395020e-01
3.841561079025268555e-01
5.862537622451782227e-01
2.039353996515274048e-01
9.777365903573809192e-07
2.037486759945750237e-03
8.341863155364990234e-01
9.007415771484375000e-01
9.337648749351501465e-01
9.847269058227539062e-01
9.585804939270019531e-01
9.941489100456237793e-01
9.688278436660766602e-01
9.310457110404968262e-01
7.909178137779235840e-01
8.475245833396911621e-01
7.816769480705261230e-01
6.727918386459350586e-01
1.915451288223266602e-01
9.941167235374450684e-01
9.964697957038879395e-01
9.922964572906494141e-01
6.920393705368041992e-01
7.263896465301513672e-01
9.657863974571228027e-01
9.788056612014770508e-01
5.114759206771850586e-01
6.963004469871520996e-01
9.533091187477111816e-01
4.606105387210845947e-01
1.569376140832901001e-01
2.543625049293041229e-02
9.846754670143127441e-01
9.877228140830993652e-01
9.705824851989746094e-01
8.516517877578735352e-01
9.819193482398986816e-01
9.949645400047302246e-01
8.984194397926330566e-01
9.069620966911315918e-01
8.433634042739868164e-01
9.903479218482971191e-01
7.997663617134094238e-01
9.992061853408813477e-01
8.620578646659851074e-01
9.933980703353881836e-01
9.907777905464172363e-01
9.919453859329223633e-01
9.390088319778442383e-01
8.935576677322387695e-01
9.954177737236022949e-01
9.474053382873535156e-01
6.905167102813720703e-01
8.491904139518737793e-01
9.826987385749816895e-01
6.157138943672180176e-01
9.795830845832824707e-01
9.395053982734680176e-01
9.974384307861328125e-01
9.964921474456787109e-01
9.939228892326354980e-01
6.650208234786987305e-01
6.654813289642333984e-01
9.986475110054016113e-01
9.584895968437194824e-01
3.191079497337341309e-01
2.600322663784027100e-01
9.820867180824279785e-01
4.698759913444519043e-01
5.165945291519165039e-01
9.724442362785339355e-01
9.016857743263244629e-01
9.345178008079528809e-01
8.688002824783325195e-01
9.376151561737060547e-01
9.787539839744567871e-01
9.980897307395935059e-01
6.631306409835815430e-01
9.267100095748901367e-01
9.944576621055603027e-01
9.997206926345825195e-01
7.706552743911743164e-01
9.884947538375854492e-01
9.966229796409606934e-01
9.348270297050476074e-01
9.678295850753784180e-01
8.988661766052246094e-01
8.879376649856567383e-01
9.796028733253479004e-01
9.945318102836608887e-01
8.059644699096679688e-01
9.371453523635864258e-01
9.112613201141357422e-01
9.951310753822326660e-01
9.947471022605895996e-01
7.527197003364562988e-01
9.931406974792480469e-01
9.788538813591003418e-01
9.925924539566040039e-01
9.746319055557250977e-01
8.336951136589050293e-01
9.676551222801208496e-01
9.986479282379150391e-01
9.348103404045104980e-01
9.060285091400146484e-01
9.565452933311462402e-01
9.943096637725830078e-01
8.181825876235961914e-01
8.925423622131347656e-01
9.075379967689514160e-01
9.867709875106811523e-01
9.950516223907470703e-01
9.886680245399475098e-01
9.033967852592468262e-01
7.182875871658325195e-01
9.979063272476196289e-01
9.591707587242126465e-01
6.975907683372497559e-01
6.768999695777893066e-01
9.794856905937194824e-01
9.958474636077880859e-01
7.318497896194458008e-01
9.969062805175781250e-01
9.907300472259521484e-01
9.958207607269287109e-01
9.748243689537048340e-01
8.732050657272338867e-01
7.972912192344665527e-01
9.976242780685424805e-01
9.139138460159301758e-01
7.307752370834350586e-01
9.560016989707946777e-01
9.976978302001953125e-01
9.142808914184570312e-01
7.461243271827697754e-01
8.015292882919311523e-01
7.687549591064453125e-01
9.264138340950012207e-01
9.428966045379638672e-01
9.923217892646789551e-01
9.362041354179382324e-01
9.885922074317932129e-01
8.769962191581726074e-01
9.830804467201232910e-01
8.357993364334106445e-01
9.657948017120361328e-01
9.589043855667114258e-01
9.748446345329284668e-01
9.948399066925048828e-01
