1.073398441076278687e-01
9.954454898834228516e-01
8.941007852554321289e-01
4.013377428054809570e-01
2.516792714595794678e-01
5.964392423629760742e-01
3.967382609844207764e-01
3.570727407932281494e-01
4.102522879838943481e-02
8.984584361314773560e-02
2.732558846473693848e-01
2.752610743045806885e-01
9.453343152999877930e-01
4.177321866154670715e-02
8.022994399070739746e-01
1.981680542230606079e-01
2.458710968494415283e-01
1.279261894524097443e-02
3.618891835212707520e-01
2.068184465169906616e-01
2.513402998447418213e-01
5.659871697425842285e-01
8.570621162652969360e-02
1.723069250583648682e-01
6.124151349067687988e-01
2.350814789533615112e-01
2.467157319188117981e-04
1.517969765700399876e-03
6.036500930786132812e-01
4.725680220872163773e-03
2.154962159693241119e-02
3.514184951782226562e-01
4.910699427127838135e-01
2.433849275112152100e-01
1.766809523105621338e-01
1.953208744525909424e-01
2.796294726431369781e-02
2.715820670127868652e-01
2.283625900745391846e-01
5.180611424293601885e-07
1.153886405518278480e-04
8.000647425651550293e-01
5.005762577056884766e-01
2.663262654095888138e-03
4.257789850234985352e-01
3.665988445281982422e-01
2.883592545986175537e-01
1.773207187652587891e-01
6.064539775252342224e-02
3.916814550757408142e-02
3.815127015113830566e-01
5.438095703721046448e-02
2.338301390409469604e-02
5.799611564725637436e-03
8.416467905044555664e-01
6.417707204818725586e-01
4.843962490558624268e-01
1.715758889913558960e-01
3.189368844032287598e-01
2.974348068237304688e-01
4.421027302742004395e-01
1.774398535490036011e-01
8.957241661846637726e-03
4.322462081909179688e-01
5.109145045280456543e-01
5.211778916418552399e-03
8.706765621900558472e-02
4.628148078918457031e-01
3.208413124084472656e-01
3.864312767982482910e-01
9.987837821245193481e-02
2.879864349961280823e-02
2.894208431243896484e-01
3.425240516662597656e-01
7.555208355188369751e-02
1.493015093728899956e-03
9.286985546350479126e-02
5.837656259536743164e-01
1.469719503074884415e-02
5.936213955283164978e-02
2.159019112586975098e-01
9.237279742956161499e-02
5.068493485450744629e-01
1.034992784261703491e-01
6.310870647430419922e-01
2.438316643238067627e-01
4.024196863174438477e-01
1.212820410728454590e-02
1.327654533088207245e-02
1.653692871332168579e-01
4.975595772266387939e-01
4.828235134482383728e-02
6.067283493393915705e-07
9.817785620689392090e-01
3.573266267776489258e-01
5.077197551727294922e-01
3.864902257919311523e-01
3.115332424640655518e-01
4.212764203548431396e-01
2.020456045866012573e-01
5.132714752107858658e-03
6.736075971275568008e-03
6.457868218421936035e-02
2.315029501914978027e-01
8.327936753630638123e-03
2.277732640504837036e-02
9.989975690841674805e-01
2.974502444267272949e-01
4.756785333156585693e-01
7.069568615406751633e-03
2.386145144701004028e-01
3.922060430049896240e-01
2.084046900272369385e-01
1.611635535955429077e-01
2.778375744819641113e-01
4.315080344676971436e-01
2.988400682806968689e-02
7.288687862455844879e-03
6.833301857113838196e-03
9.448661804199218750e-01
3.534153103828430176e-01
4.321072995662689209e-01
1.409432888031005859e-01
1.396424602717161179e-03
3.458319306373596191e-01
3.812765777111053467e-01
3.962713778018951416e-01
3.095330595970153809e-01
3.512331247329711914e-01
5.717470049858093262e-01
8.243551850318908691e-02
1.478059217333793640e-02
8.179159164428710938e-01
1.243942081928253174e-01
4.058589935302734375e-01
5.018105730414390564e-02
3.500845134258270264e-01
4.848746061325073242e-01
3.182225823402404785e-01
5.413310527801513672e-01
1.767840385437011719e-01
1.946320012211799622e-02
2.931332886219024658e-01
6.576025392860174179e-03
2.221005561295896769e-04
7.968521118164062500e-01
4.539235532283782959e-01
2.955606281757354736e-01
1.499916166067123413e-01
4.142415523529052734e-01
4.444411993026733398e-01
7.363306879997253418e-01
6.300368905067443848e-01
1.946312338113784790e-01
9.727197885513305664e-02
3.155286908149719238e-01
7.921151816844940186e-03
1.402536965906620026e-02
6.027129888534545898e-01
5.345211029052734375e-01
5.374001711606979370e-02
2.812615334987640381e-01
3.231170121580362320e-03
4.922590255737304688e-01
1.180326566100120544e-01
5.102245807647705078e-01
1.967568248510360718e-01
3.282729685306549072e-01
2.859152555465698242e-01
5.092818737030029297e-01
4.399939477443695068e-01
3.776968121528625488e-01
3.480406701564788818e-01
1.338825672864913940e-01
5.952523350715637207e-01
2.876289188861846924e-01
8.984959125518798828e-01
4.800206422805786133e-01
8.144298195838928223e-02
4.791044294834136963e-01
5.146356821060180664e-01
5.596793889999389648e-01
6.024296879768371582e-01
1.312118303030729294e-02
5.063389241695404053e-02
2.360976338386535645e-01
1.353271156549453735e-01
1.107587013393640518e-03
1.163478940725326538e-03
2.518547140061855316e-02
1.858827620744705200e-01
1.791234681149944663e-04
5.812013149261474609e-02
1.998183876276016235e-02
7.456385530531406403e-03
3.729013204574584961e-01
1.946381991729140282e-03
5.625364780426025391e-01
1.373659167438745499e-02
7.673876825720071793e-03
5.300769209861755371e-01
2.162454426288604736e-01
3.495701253414154053e-01
2.365114241838455200e-01
2.267508581280708313e-02
2.741514208537410013e-06
4.774789214134216309e-01
3.483545184135437012e-01
2.991972267627716064e-01
1.954568142537027597e-05
7.191954851150512695e-01
5.043132305145263672e-01
7.347714621573686600e-03
2.570512592792510986e-01
6.083078980445861816e-01
2.419605553150177002e-01
1.700089871883392334e-01
3.833875954151153564e-01
3.875122070312500000e-01
3.028441965579986572e-01
1.797360777854919434e-01
4.119519293308258057e-01
1.197117613628506660e-03
2.602044045925140381e-01
4.235397577285766602e-01
6.737764179706573486e-02
2.111971825361251831e-01
1.222598254680633545e-01
8.993322402238845825e-02
1.337575167417526245e-01
5.429748818278312683e-02
2.004246413707733154e-01
3.058684617280960083e-02
7.495175004005432129e-01
1.912172734737396240e-01
2.167397886514663696e-01
6.319751739501953125e-01
5.381336212158203125e-01
3.106105923652648926e-01
1.434184312820434570e-01
2.296015322208404541e-01
6.053639054298400879e-01
1.111017614603042603e-01
1.031821314245462418e-02
3.465881943702697754e-02
1.470010578632354736e-01
3.748448789119720459e-01
4.456701278686523438e-01
1.291324198246002197e-01
9.820684790611267090e-01
2.930475771427154541e-01
2.950296401977539062e-01
2.644612193107604980e-01
7.435806989669799805e-01
4.276297986507415771e-01
2.405822090804576874e-02
1.085662096738815308e-01
1.160684973001480103e-02
9.881047159433364868e-02
1.959894001483917236e-01
7.417656779289245605e-01
3.366799280047416687e-02
6.397899389266967773e-01
4.816079437732696533e-01
4.409621357917785645e-01
2.721978724002838135e-01
1.807540059089660645e-01
5.645466446876525879e-01
5.289428234100341797e-01
2.821224629878997803e-01
1.893461346626281738e-01
4.448156356811523438e-01
1.086181998252868652e-01
3.993772268295288086e-01
8.493680506944656372e-03
8.309724330902099609e-01
4.107080996036529541e-01
2.544470727443695068e-01
3.667287230491638184e-01
2.721004374325275421e-02
1.340617090463638306e-01
8.996696472167968750e-01
5.137645006179809570e-01
3.718480765819549561e-01
3.908574581146240234e-01
5.920107364654541016e-01
2.256555110216140747e-01
1.293357014656066895e-01
8.095313310623168945e-01
6.408146023750305176e-01
5.757354497909545898e-01
1.954367011785507202e-01
1.875246465206146240e-01
1.970430165529251099e-01
2.275336720049381256e-02
5.491167306900024414e-01
4.298943560570478439e-03
2.980928421020507812e-01
5.932501554489135742e-01
2.206054329872131348e-02
8.836316410452127457e-04
6.502881050109863281e-01
8.064400404691696167e-02
2.916661500930786133e-01
2.723059952259063721e-01
3.844668269157409668e-01
5.391075611114501953e-01
3.233795762062072754e-01
1.516152173280715942e-01
2.645837962627410889e-01
2.243435233831405640e-01
3.154517710208892822e-01
1.311667263507843018e-02
4.899069666862487793e-03
2.894228696823120117e-01
6.198657155036926270e-01
4.087136089801788330e-01
4.125136733055114746e-01
7.868057489395141602e-01
9.390944987535476685e-02
4.463111162185668945e-01
2.055500447750091553e-01
1.469337567687034607e-02
2.199719399213790894e-01
6.729329228401184082e-01
2.855934500694274902e-01
3.359997272491455078e-02
1.089709624648094177e-01
2.642371058464050293e-01
2.378391325473785400e-01
8.966830137069337070e-06
1.779904067516326904e-01
2.176786214113235474e-01
2.958827912807464600e-01
1.560403853654861450e-01
2.340700943022966385e-03
1.354466937482357025e-02
3.142346143722534180e-01
5.458410382270812988e-01
2.042007981799542904e-04
9.538760781288146973e-01
2.598218917846679688e-01
1.938858767971396446e-03
2.092181891202926636e-01
2.441252022981643677e-01
4.627027809619903564e-01
5.061234235763549805e-01
2.869224175810813904e-02
3.024600073695182800e-02
6.448141932487487793e-01
5.987678766250610352e-01
2.382849156856536865e-01
3.962621986865997314e-01
6.573169231414794922e-01
2.398008108139038086e-01
8.398121572099626064e-04
5.728214979171752930e-01
2.533569335937500000e-01
3.101710677146911621e-01
2.531173825263977051e-01
3.671816587448120117e-01
6.016375869512557983e-02
3.253078758716583252e-01
4.241801798343658447e-02
4.150665700435638428e-01
6.052092909812927246e-01
4.703923463821411133e-01
4.087095260620117188e-01
3.621808290481567383e-01
6.557147502899169922e-01
1.871526837348937988e-01
5.647305250167846680e-01
3.403804898262023926e-01
3.696353137493133545e-01
6.161761283874511719e-01
9.966941922903060913e-02
4.393714070320129395e-01
3.954609632492065430e-01
7.648868560791015625e-01
7.616262435913085938e-01
2.699576020240783691e-01
3.354238569736480713e-01
2.543626129627227783e-01
1.429959237575531006e-01
4.979962110519409180e-01
1.477976888418197632e-01
1.541041731834411621e-01
1.912132501602172852e-01
2.516943812370300293e-01
4.394242465496063232e-01
4.804895520210266113e-01
2.168831974267959595e-01
5.937656164169311523e-01
2.403888404369354248e-01
2.634049952030181885e-01
2.733658552169799805e-01
2.478408813476562500e-01
4.258705079555511475e-01
4.572597444057464600e-01
4.063678383827209473e-01
3.430114984512329102e-01
4.211003184318542480e-01
5.883332490921020508e-01
2.013896554708480835e-01
3.817930221557617188e-01
7.881836891174316406e-01
7.146674990653991699e-01
5.349328517913818359e-01
3.206449151039123535e-01
3.584926575422286987e-02
1.381301879882812500e-01
4.940083026885986328e-01
3.205034136772155762e-01
3.188025355339050293e-01
2.547683715820312500e-01
4.851489663124084473e-01
2.677802182734012604e-02
3.875026106834411621e-02
6.031980514526367188e-01
2.083615511655807495e-01
3.667033612728118896e-01
9.818658232688903809e-02
3.962931036949157715e-01
2.020744383335113525e-01
6.339919567108154297e-01
3.343875408172607422e-01
5.274837017059326172e-01
4.537634253501892090e-01
4.421658515930175781e-01
2.623378634452819824e-01
1.585139632225036621e-01
6.705951094627380371e-01
3.924382328987121582e-01
3.076172769069671631e-01
1.816282719373703003e-01
2.300538122653961182e-01
2.774471044540405273e-01
4.972412884235382080e-01
4.437531232833862305e-01
3.959350585937500000e-01
4.264675378799438477e-01
2.968483269214630127e-01
2.528625428676605225e-01
2.280600666999816895e-01
8.066335916519165039e-01
3.980307877063751221e-01
2.459869384765625000e-01
6.412367522716522217e-02
6.221693158149719238e-01
2.216276079416275024e-01
5.938978791236877441e-01
4.521101713180541992e-01
1.724545471370220184e-02
4.048072099685668945e-01
5.274012088775634766e-01
3.181226551532745361e-01
2.708602547645568848e-01
6.034284234046936035e-01
6.074909567832946777e-01
8.135460615158081055e-01
2.435344904661178589e-01
3.990156054496765137e-01
4.221923351287841797e-01
5.940176248550415039e-01
5.887123346328735352e-01
2.132628113031387329e-02
7.434315234422683716e-02
4.352143406867980957e-01
3.261319100856781006e-01
3.247814178466796875e-01
2.901265323162078857e-01
1.567498445510864258e-01
4.174672365188598633e-01
5.578899979591369629e-01
1.372598856687545776e-02
2.412262558937072754e-01
6.459573507308959961e-01
3.914278149604797363e-01
2.423081547021865845e-02
9.560669213533401489e-02
2.033758014440536499e-01
5.219050049781799316e-01
1.369995647110044956e-03
1.009128317236900330e-01
5.682212114334106445e-01
2.016837745904922485e-01
2.328079244762193412e-05
1.226353645324707031e-01
2.668021060526371002e-02
1.907619088888168335e-01
2.630205452442169189e-01
2.218475937843322754e-01
1.000264063477516174e-01
3.245920641347765923e-03
5.797319412231445312e-01
5.981497168540954590e-01
2.525844320189207792e-04
2.813186645507812500e-01
2.675165235996246338e-01
1.312192180193960667e-03
1.115931123495101929e-01
9.311325103044509888e-02
1.286818087100982666e-01
1.759414933621883392e-02
4.837003722786903381e-02
6.502972450107336044e-03
7.934355735778808594e-02
2.050016969442367554e-01
6.523102521896362305e-02
3.974696937802946195e-06
2.029539346694946289e-01
4.811561852693557739e-02
6.706920430588070303e-06
1.356175094842910767e-01
4.625870287418365479e-02
5.915327742695808411e-02
8.603692986071109772e-03
2.038131058216094971e-01
1.188718080520629883e-01
1.623693704605102539e-01
7.984289526939392090e-01
1.706820563413202763e-03
7.129820436239242554e-02
1.115895211696624756e-01
2.151878625154495239e-01
5.659033060073852539e-01
1.487000496126711369e-03
2.236537635326385498e-01
1.792645752429962158e-01
6.238949671387672424e-02
9.274153038859367371e-03
3.699929118156433105e-01
4.905703663825988770e-01
7.904862165451049805e-01
3.507056534290313721e-01
1.893555521965026855e-01
1.227205246686935425e-01
2.840162515640258789e-01
1.952687799930572510e-01
2.370166825130581856e-03
2.563557587563991547e-02
2.817149162292480469e-01
2.177505940198898315e-02
4.146062731742858887e-01
1.305541116744279861e-02
2.139451354742050171e-01
9.348841384053230286e-03
4.353564605116844177e-02
5.594800040125846863e-02
1.194005087018013000e-01
5.331804156303405762e-01
3.879305422306060791e-01
7.356894016265869141e-02
8.843438699841499329e-04
1.742448508739471436e-01
1.295267604291439056e-02
4.866892471909523010e-02
9.549819678068161011e-02
2.418335825204849243e-01
1.258090734481811523e-01
5.763880014419555664e-01
1.041925512254238129e-02
9.652857668697834015e-03
3.949696719646453857e-01
3.722951412200927734e-01
3.623880911618471146e-04
1.069511868990957737e-03
3.146300837397575378e-02
8.855892717838287354e-02
2.408371269702911377e-01
1.516475379467010498e-01
1.094689127057790756e-02
2.905749082565307617e-01
4.198323488235473633e-01
1.991469711065292358e-01
3.401245921850204468e-02
3.837188482284545898e-01
5.229361653327941895e-01
5.440091714262962341e-03
2.956842072308063507e-04
1.518441587686538696e-01
1.674945950508117676e-01
9.124143421649932861e-02
2.180306017398834229e-01
4.669001400470733643e-01
9.164396673440933228e-02
3.734548985958099365e-01
2.472695261240005493e-01
2.029181569814682007e-01
2.081181704998016357e-01
1.666352450847625732e-01
1.336392248049378395e-03
7.403956353664398193e-02
6.143314391374588013e-02
3.792516142129898071e-02
3.319132929391344078e-06
3.428693115711212158e-02
4.822224974632263184e-01
4.104106426239013672e-01
4.745907485485076904e-01
1.672573489486239851e-05
1.919028609991073608e-01
6.449465751647949219e-01
2.605497241020202637e-01
8.134781382977962494e-03
3.173022344708442688e-02
3.948662579059600830e-01
3.375459313392639160e-01
5.851302412338554859e-04
1.464887405745685101e-03
1.863108128309249878e-01
2.416990250349044800e-01
4.717494547367095947e-01
1.061782613396644592e-01
2.032372653484344482e-01
2.112994045019149780e-01
2.231160104274749756e-01
1.312290434725582600e-03
1.101761385798454285e-01
3.274562954902648926e-01
1.411455273628234863e-01
2.540081553161144257e-02
1.202372536063194275e-01
2.223516628146171570e-02
4.876393377780914307e-01
7.030380517244338989e-02
2.399889528751373291e-01
5.990836620330810547e-01
2.926588058471679688e-01
2.142409384250640869e-01
4.120110273361206055e-01
5.369847416877746582e-01
3.234214186668395996e-01
3.102079778909683228e-02
3.514272272586822510e-01
1.171123012900352478e-01
4.942767620086669922e-01
5.268470048904418945e-01
3.853418231010437012e-01
5.907197669148445129e-02
7.967608571052551270e-01
2.057523578405380249e-01
4.629316329956054688e-01
2.005320042371749878e-01
8.630213886499404907e-02
2.555011212825775146e-01
1.596072502434253693e-02
2.533941268920898438e-01
2.958515584468841553e-01
3.060044050216674805e-01
3.219083249568939209e-01
1.990382820367813110e-01
1.985687762498855591e-02
4.674972295761108398e-01
1.338623836636543274e-02
2.110360562801361084e-01
8.962478023022413254e-05
1.884871162474155426e-02
6.603614985942840576e-02
3.656687140464782715e-01
6.937382277101278305e-04
3.706214204430580139e-02
1.526321321725845337e-01
3.689782619476318359e-01
1.232996284961700439e-01
5.546626448631286621e-02
3.644154965877532959e-01
1.931860595941543579e-01
1.965534090995788574e-01
3.743355870246887207e-01
1.190421432256698608e-01
3.446477651596069336e-01
7.231793715618550777e-04
2.356514483690261841e-01
2.121790647506713867e-01
5.235309004783630371e-01
1.666969954967498779e-01
2.167573273181915283e-01
2.093542553484439850e-02
7.501924633979797363e-01
2.269982397556304932e-01
1.049352576956152916e-03
2.537850737571716309e-01
1.136698666960000992e-02
5.607795342803001404e-02
4.725765393231995404e-05
5.990697145462036133e-01
3.252634108066558838e-01
1.253938227891921997e-01
1.147540565580129623e-02
4.229654073715209961e-01
2.896361729654017836e-05
4.256765246391296387e-01
4.285287857055664062e-02
2.676488757133483887e-01
5.026856064796447754e-01
2.989423871040344238e-01
6.161609888076782227e-01
2.834089994430541992e-01
2.905807197093963623e-01
3.819138407707214355e-01
3.299603983759880066e-02
2.660937374457716942e-03
1.767663210630416870e-01
2.674558758735656738e-01
5.449993014335632324e-01
2.162886559963226318e-01
1.407789885997772217e-01
4.000669717788696289e-01
2.799641788005828857e-01
6.063299179077148438e-01
2.762109935283660889e-01
2.799946442246437073e-02
2.060862183570861816e-01
3.326665759086608887e-01
2.222833931446075439e-01
3.386692702770233154e-02
2.324330508708953857e-01
6.345695853233337402e-01
1.760300695896148682e-01
3.940055668354034424e-01
2.177538722753524780e-01
7.476256787776947021e-02
1.387274824082851410e-02
5.650687217712402344e-01
2.008129507303237915e-01
2.700546085834503174e-01
6.849751472473144531e-01
2.990569770336151123e-01
3.989545702934265137e-01
3.131476044654846191e-01
8.148380517959594727e-01
6.210814416408538818e-02
1.646476052701473236e-02
1.954457610845565796e-01
5.435825586318969727e-01
2.643351554870605469e-01
4.159524440765380859e-01
9.682364016771316528e-02
2.511608898639678955e-01
4.406106770038604736e-01
4.729387760162353516e-01
1.862252205610275269e-01
3.147922456264495850e-01
6.583102345466613770e-01
9.332361072301864624e-02
2.116032838821411133e-01
2.763406336307525635e-01
2.018577158451080322e-01
2.882491052150726318e-01
2.814483940601348877e-01
4.591858386993408203e-01
4.258122444152832031e-01
3.277766108512878418e-01
3.843468725681304932e-01
1.999291777610778809e-01
3.179009581799618900e-05
4.713240265846252441e-01
4.701483249664306641e-01
4.455406367778778076e-01
3.503540754318237305e-01
8.104228228330612183e-02
1.445741355419158936e-01
4.626899026334285736e-03
9.048116952180862427e-02
3.462265431880950928e-01
3.652387484908103943e-02
3.817443847656250000e-01
3.937076628208160400e-01
2.808716963045299053e-04
9.934947490692138672e-01
2.164278328418731689e-01
1.173169761896133423e-01
2.037609666585922241e-01
1.132246926426887512e-01
2.504142522811889648e-01
6.348134577274322510e-02
1.647908240556716919e-02
4.668652638792991638e-02
3.509750962257385254e-01
3.289853036403656006e-01
2.118414044380187988e-01
1.083044480765238404e-04
3.638573288917541504e-01
4.682714641094207764e-01
8.430555462837219238e-04
1.506473752669990063e-03
2.396919764578342438e-02
2.432510405778884888e-01
2.634350908920168877e-03
2.130220085382461548e-01
9.347514063119888306e-02
1.647678911685943604e-01
5.859558582305908203e-01
1.975857913494110107e-01
1.981581300497055054e-01
4.686923921108245850e-01
4.052102565765380859e-01
3.598933815956115723e-01
3.916231989860534668e-01
5.357607007026672363e-01
1.219595968723297119e-02
2.165230214595794678e-01
1.152352057397365570e-02
2.699666284024715424e-02
2.307066470384597778e-01
4.065839648246765137e-01
5.089659690856933594e-01
4.167487621307373047e-01
4.831115603446960449e-01
1.348843723535537720e-01
3.971547484397888184e-01
2.131472826004028320e-01
3.271536827087402344e-01
1.223074793815612793e-01
7.417942583560943604e-02
3.919447064399719238e-01
7.177104800939559937e-02
3.101896643638610840e-01
2.306758463382720947e-01
6.865721661597490311e-04
3.620417118072509766e-01
8.192879557609558105e-01
3.041421175003051758e-01
4.272597730159759521e-01
4.709719680249691010e-03
1.977365911006927490e-01
3.899706304073333740e-01
1.544101983308792114e-01
4.217729270458221436e-01
4.579149186611175537e-01
4.476061463356018066e-01
4.414581656455993652e-01
5.825086832046508789e-01
6.985522923059761524e-04
5.041625499725341797e-01
3.772864043712615967e-01
3.206976875662803650e-02
3.533613085746765137e-01
5.256967544555664062e-01
2.645915448665618896e-01
3.603566586971282959e-01
8.407022058963775635e-02
3.051590919494628906e-01
4.062866270542144775e-01
5.626248717308044434e-01
1.686712801456451416e-01
1.586571708321571350e-02
2.260827422142028809e-01
5.207645297050476074e-01
1.101902648806571960e-01
3.966689109802246094e-01
7.948511838912963867e-01
3.448231816291809082e-01
5.157984495162963867e-01
5.360600948333740234e-01
2.033177167177200317e-01
5.826696157455444336e-01
5.184628367424011230e-01
5.603686571121215820e-01
2.203695178031921387e-01
4.015596508979797363e-01
3.842413127422332764e-01
2.017253339290618896e-01
3.261029720306396484e-01
5.665678530931472778e-02
2.187914550304412842e-01
1.216969862580299377e-01
1.729045212268829346e-01
2.000823915004730225e-01
7.750539779663085938e-01
2.227873057126998901e-01
6.101287007331848145e-01
2.147231996059417725e-01
6.910684108734130859e-01
4.954938590526580811e-01
4.080186486244201660e-01
1.508796811103820801e-01
4.567333459854125977e-01
3.507594466209411621e-01
1.977576017379760742e-01
8.875873871147632599e-03
2.151337265968322754e-01
2.099977135658264160e-01
2.981523871421813965e-01
2.453999370336532593e-01
1.059988066554069519e-01
6.569629907608032227e-01
2.214105576276779175e-01
2.140179574489593506e-01
2.294152043759822845e-03
2.547652125358581543e-01
4.317829012870788574e-01
1.779072135686874390e-01
2.599280476570129395e-01
4.119654297828674316e-01
2.466413974761962891e-01
1.760749816894531250e-01
9.837821125984191895e-02
2.426973730325698853e-02
7.797322273254394531e-01
1.903643608093261719e-01
4.433166086673736572e-01
3.764783740043640137e-01
3.154276013374328613e-01
3.048331942409276962e-03
8.185045421123504639e-02
3.582315519452095032e-02
1.877123676240444183e-02
2.449847161769866943e-01
4.365362823009490967e-01
3.955543339252471924e-01
4.843450733460485935e-05
2.570064961910247803e-01
5.440696477890014648e-01
8.041590452194213867e-01
4.050360321998596191e-01
4.499963819980621338e-01
5.024629831314086914e-01
6.858262419700622559e-02
3.293222784996032715e-01
1.519763320684432983e-01
5.721621513366699219e-01
2.748492360115051270e-01
5.445358529686927795e-02
5.471913609653711319e-04
6.134781241416931152e-01
3.517320156097412109e-01
4.299567937850952148e-01
5.104006528854370117e-01
2.871191501617431641e-01
8.425194025039672852e-01
4.015117883682250977e-01
1.876947134733200073e-01
3.936103880405426025e-01
3.150584101676940918e-01
6.023346185684204102e-01
4.161378741264343262e-01
4.713458849892049329e-07
4.339945912361145020e-01
3.910025358200073242e-01
7.939820885658264160e-01
3.440787792205810547e-01
2.964994870126247406e-02
5.705400109291076660e-01
4.214305877685546875e-01
1.405216054990887642e-03
2.960418462753295898e-01
5.550164580345153809e-01
6.594860553741455078e-01
2.390974387526512146e-02
1.763455867767333984e-01
9.493630528450012207e-01
5.197952985763549805e-01
3.587452769279479980e-01
6.007996201515197754e-01
4.338242709636688232e-01
4.787120521068572998e-01
2.514557838439941406e-01
3.746800869703292847e-02
1.342529337853193283e-02
5.307108759880065918e-01
3.099074959754943848e-01
4.143128991127014160e-01
8.310261137012275867e-07
3.390779495239257812e-01
3.850614726543426514e-01
4.871087670326232910e-01
3.721271455287933350e-01
2.481797188520431519e-01
6.817782521247863770e-01
3.594384491443634033e-01
4.228305816650390625e-02
1.263209283351898193e-01
4.418631792068481445e-01
4.232707321643829346e-01
4.705249145627021790e-02
4.368495941162109375e-02
6.073750257492065430e-01
3.003171980381011963e-01
1.876031607389450073e-01
3.277248144149780273e-01
2.041345834732055664e-01
7.350285053253173828e-01
2.073964476585388184e-02
1.405535936355590820e-01
2.901442646980285645e-01
1.777446866035461426e-01
6.929367184638977051e-01
1.237349808216094971e-01
2.626891136169433594e-01
6.078765392303466797e-01
2.771652340888977051e-01
7.352629899978637695e-01
6.259911656379699707e-01
2.063895761966705322e-01
2.943335175514221191e-01
3.579942882061004639e-02
8.818821609020233154e-02
2.357463091611862183e-01
3.347839713096618652e-01
6.027207970619201660e-01
5.128584504127502441e-01
1.201671808958053589e-01
6.883882284164428711e-01
5.806775093078613281e-01
5.848476886749267578e-01
2.035657614469528198e-01
1.105266809463500977e-01
4.114630520343780518e-01
1.010500546544790268e-02
4.261941015720367432e-01
3.819398581981658936e-01
9.016403555870056152e-02
1.786365360021591187e-01
2.917101979255676270e-01
3.209591656923294067e-02
8.985226750373840332e-01
5.067759752273559570e-01
5.982557535171508789e-01
2.379056662321090698e-01
1.339754164218902588e-01
3.854629993438720703e-01
4.700173735618591309e-01
1.129335612058639526e-01
1.980934292078018188e-01
6.044296026229858398e-01
5.024683475494384766e-01
1.723598241806030273e-01
2.182258851826190948e-02
1.947171092033386230e-01
3.964111506938934326e-01
7.999979853630065918e-01
5.037486553192138672e-01
7.233382016420364380e-02
2.668491005897521973e-01
5.175859928131103516e-01
1.992534399032592773e-01
3.879778319969773293e-03
3.609694242477416992e-01
5.130890607833862305e-01
1.475199162960052490e-01
1.465937793254852295e-01
9.575295448303222656e-01
6.321570277214050293e-02
8.712031245231628418e-01
4.503788352012634277e-01
3.415710926055908203e-01
2.761709094047546387e-01
4.933224022388458252e-01
1.949229240417480469e-01
1.913134306669235229e-01
5.381203442811965942e-02
6.256986260414123535e-01
2.058814913034439087e-01
1.330423951148986816e-01
3.869672417640686035e-01
6.204115599393844604e-02
4.959135949611663818e-01
5.342465639114379883e-01
3.391272425651550293e-01
4.004802405834197998e-01
2.103498280048370361e-01
2.262650132179260254e-01
3.693303465843200684e-01
2.506849169731140137e-01
3.422656059265136719e-01
2.314923256635665894e-01
5.336863994598388672e-01
9.592303037643432617e-01
3.791096806526184082e-01
4.135114550590515137e-01
3.840426355600357056e-02
2.022463679313659668e-01
1.795317232608795166e-01
7.360728085041046143e-02
4.059212505817413330e-01
2.642450034618377686e-01
3.071600794792175293e-01
2.239418923854827881e-01
1.050391495227813721e-01
7.807357609272003174e-02
4.253410995006561279e-01
3.769800364971160889e-01
1.967961490154266357e-01
2.172487825155258179e-01
3.207262754440307617e-01
1.865273416042327881e-01
2.466985136270523071e-01
2.506780028343200684e-01
1.329337060451507568e-01
5.055996775627136230e-01
4.246501922607421875e-01
3.606469035148620605e-01
5.141380825079977512e-04
9.994819760322570801e-01
4.250648617744445801e-01
5.054795145988464355e-01
2.471642643213272095e-01
1.564461886882781982e-01
4.236751198768615723e-01
5.601550936698913574e-01
1.775360666215419769e-02
1.788887083530426025e-01
4.257474839687347412e-01
4.449626803398132324e-01
3.903733193874359131e-01
8.805143833160400391e-02
7.969217300415039062e-01
5.570480227470397949e-01
4.135775566101074219e-01
3.311169147491455078e-01
1.815856546163558960e-01
2.932150065898895264e-01
4.036749601364135742e-01
2.301871180534362793e-01
2.132812142372131348e-01
1.064378544688224792e-01
3.538604974746704102e-01
4.245286583900451660e-01
1.973877549171447754e-01
6.989146471023559570e-01
5.897752046585083008e-01
5.935268998146057129e-01
4.035622179508209229e-01
3.973828554153442383e-01
4.511013031005859375e-01
6.861599683761596680e-01
6.094523705542087555e-04
1.952389478683471680e-01
4.216852486133575439e-01
3.141841888427734375e-01
5.139194130897521973e-01
3.266929984092712402e-01
4.185212254524230957e-01
3.824211657047271729e-01
3.878766000270843506e-01
5.966569185256958008e-01
7.697446942329406738e-01
3.900457322597503662e-01
1.217993558384478092e-03
9.840635955333709717e-02
7.216433732537552714e-05
1.471042931079864502e-01
3.625400960445404053e-01
2.510694265365600586e-01
4.435009881854057312e-02
4.461528658866882324e-01
3.277724683284759521e-01
2.257655262947082520e-01
5.084618926048278809e-01
3.591035008430480957e-01
4.558162298053503036e-03
1.742045432329177856e-01
6.689389795064926147e-02
1.811532974243164062e-01
3.299975991249084473e-01
5.645432323217391968e-02
4.499809741973876953e-01
2.021178305149078369e-01
8.009824752807617188e-01
5.024302005767822266e-01
9.354051351547241211e-01
5.783147811889648438e-01
4.000659286975860596e-01
1.891632676124572754e-01
3.496257066726684570e-01
1.400987207889556885e-01
2.432875335216522217e-01
6.790053844451904297e-01
7.337911128997802734e-01
8.265066146850585938e-02
1.609846018254756927e-02
8.151424527168273926e-01
2.316968441009521484e-01
3.998640477657318115e-01
2.968208193778991699e-01
3.626337051391601562e-01
4.215978458523750305e-02
4.816256090998649597e-02
2.191024571657180786e-01
8.156700059771537781e-03
1.899348497390747070e-01
1.665931046009063721e-01
2.122088074684143066e-01
1.719131250865757465e-04
5.118397474288940430e-01
1.101228371262550354e-01
5.255267620086669922e-01
4.376511573791503906e-01
3.020819127559661865e-01
3.076348304748535156e-01
4.268009662628173828e-01
2.238557934761047363e-01
7.087356789270415902e-05
3.648295104503631592e-01
2.250742912292480469e-01
5.450648665428161621e-01
2.057074457406997681e-01
8.002060055732727051e-01
3.997099697589874268e-01
4.493830204010009766e-01
3.944306373596191406e-01
1.995570212602615356e-01
2.128113061189651489e-01
3.200132548809051514e-01
6.012175977230072021e-02
6.367372870445251465e-01
4.565684795379638672e-01
3.022561073303222656e-01
9.172116219997406006e-02
3.257610201835632324e-01
3.622105717658996582e-01
3.821534216403961182e-01
3.942161500453948975e-01
7.602260112762451172e-01
5.740928649902343750e-01
5.778202414512634277e-01
7.622596025466918945e-01
3.391477838158607483e-02
4.038700759410858154e-01
2.058513313531875610e-01
6.527794599533081055e-01
4.500877857208251953e-01
4.117196891456842422e-03
6.186769008636474609e-01
3.301264643669128418e-01
5.510596632957458496e-01
4.386533498764038086e-01
4.588727653026580811e-01
3.100708127021789551e-01
2.685549557209014893e-01
6.684841355308890343e-05
3.653797805309295654e-01
6.384625434875488281e-01
2.002130150794982910e-01
6.002322435379028320e-01
1.903053522109985352e-01
5.818595886230468750e-01
5.210210084915161133e-01
4.727374911308288574e-01
1.000528112053871155e-01
2.033062875270843506e-01
2.846282720565795898e-01
3.867421448230743408e-01
4.818537831306457520e-01
5.511303544044494629e-01
5.284005403518676758e-01
3.242811560630798340e-01
1.538761258125305176e-01
3.311308473348617554e-02
4.442118108272552490e-01
4.121681153774261475e-01
2.641970813274383545e-01
2.246269136667251587e-01
1.321277767419815063e-01
7.591484189033508301e-01
6.976225376129150391e-01
6.020609140396118164e-01
1.858582720160484314e-02
4.098275899887084961e-01
6.428734064102172852e-01
2.740745544433593750e-01
2.504320144653320312e-01
3.945110738277435303e-01
3.628278672695159912e-01
2.914558649063110352e-01
3.055027127265930176e-01
4.255657196044921875e-01
3.986827433109283447e-01
6.934297680854797363e-01
5.554421544075012207e-01
4.399578571319580078e-01
3.135694563388824463e-01
2.815660461783409119e-02
1.925167143344879150e-01
1.159880310297012329e-01
6.720511317253112793e-01
5.734466314315795898e-01
4.863587021827697754e-01
1.571346819400787354e-01
7.672697901725769043e-01
2.507478296756744385e-01
6.877285838127136230e-01
7.975007295608520508e-01
3.318192660808563232e-01
6.447927951812744141e-01
5.763607025146484375e-01
4.995881319046020508e-01
1.455019414424896240e-01
4.572141170501708984e-01
3.167982697486877441e-01
6.143078804016113281e-01
2.890722751617431641e-01
1.338729858398437500e-01
3.037218451499938965e-01
5.383804440498352051e-01
5.520237684249877930e-01
2.947060158476233482e-03
3.122203350067138672e-01
1.863464415073394775e-01
3.169052600860595703e-01
2.750660525634884834e-03
5.097995996475219727e-01
2.767383158206939697e-01
6.176939606666564941e-01
2.074138820171356201e-01
6.155604124069213867e-01
2.330018132925033569e-01
5.680233240127563477e-01
6.846948862075805664e-01
2.892639636993408203e-01
4.679820034652948380e-03
