8.697233819044553060e-01
8.786301194475247822e-01
6.237361013459471470e-01
6.687797446082606179e-01
8.900077025262782549e-01
4.547487888485193253e-01
3.840763325301500553e-01
6.454679499953411836e-01
8.685715060967665879e-01
9.519355159539443223e-01
9.328217643957871230e-01
8.390337320474478000e-01
8.926108754598177653e-01
9.494358988908621066e-01
5.164570086635649204e-01
6.025342945582591314e-01
7.700473647564649582e-01
6.429123696512900610e-01
5.964593425966225881e-01
6.552990657778886563e-01
9.535386883295499105e-01
9.740217878268315754e-01
9.344289715473468316e-01
9.251618935511662922e-01
9.540932774543762207e-01
8.884344719923459310e-01
9.090467416323148031e-01
8.666955781921458213e-01
8.926162650951972033e-01
9.683156196887676703e-01
9.479769330758315293e-01
9.114885788697463243e-01
9.827293478525601644e-01
9.525906672844519640e-01
9.239388199952932590e-01
9.871369050099298992e-01
9.846204335872943414e-01
6.563294481658465962e-01
5.447323705213000800e-01
9.114717726524059760e-01
9.886062053533700711e-01
6.171504795631614915e-01
6.852120547644937609e-01
8.568150022855172132e-01
9.179286684554356368e-01
9.107440274495345323e-01
9.127902365647829752e-01
9.006868784244244086e-01
7.762058039124195563e-01
9.419360711024358235e-01
7.413016963535203896e-01
9.753622458531305828e-01
8.180778221442148723e-01
9.008266857037177111e-01
8.159267558501317463e-01
9.073175696226266629e-01
9.730786772874685520e-01
9.158814377509630900e-01
7.727972435263487094e-01
7.918695417734292752e-01
6.489420334020485903e-01
9.235278826493483750e-01
9.420276330067560711e-01
9.258587773029620660e-01
8.110026012246425164e-01
9.323310806201055012e-01
9.517177251669076687e-01
9.686725964913001086e-01
8.870347741131598962e-01
7.884129762891322057e-01
8.280268569405262458e-01
9.029671572721921224e-01
8.850025420005505072e-01
9.680469402900109266e-01
9.782917361993056504e-01
7.790148429966603505e-01
9.748287338476914199e-01
9.494441701815679036e-01
8.717475544947844712e-01
9.341521308972284832e-01
9.758184231244600992e-01
8.292988458505043958e-01
9.669754596856924289e-01
7.722554670002025334e-01
9.362690998957707844e-01
9.734305647703317410e-01
9.250044398582898397e-01
7.412961459105225082e-01
8.564163457888823716e-01
8.941825380329996298e-01
8.752078872460585801e-01
7.242172463582112751e-01
9.671643651448763590e-01
8.868534381573016656e-01
9.724064056689922797e-01
5.453398570131796630e-01
9.799895561658419352e-01
9.769423649861261882e-01
7.338508149752249743e-01
9.676909446716308594e-01
9.601757663946884902e-01
