2.334729433059692383e-01
3.419152200222015381e-01
2.447852343320846558e-01
1.854251921176910400e-01
4.837345331907272339e-02
3.803769648075103760e-01
2.009347826242446899e-01
6.322483420372009277e-01
3.080791532993316650e-01
2.310192584991455078e-01
4.029098749160766602e-01
7.770468480885028839e-03
1.402322202920913696e-01
9.362889081239700317e-02
1.259879767894744873e-01
1.369571536779403687e-01
3.719587251543998718e-02
2.492185533046722412e-01
1.991022080183029175e-01
1.682477444410324097e-01
6.537470221519470215e-02
1.567123830318450928e-01
5.506338551640510559e-03
2.238025069236755371e-01
2.111711055040359497e-01
4.038450717926025391e-01
6.108343601226806641e-03
1.852257526479661465e-03
3.239183425903320312e-01
6.321297585964202881e-02
8.146025356836616993e-04
3.999683260917663574e-01
1.165922060608863831e-01
1.459470391273498535e-02
7.317227311432361603e-03
2.249925630167126656e-03
3.599833846092224121e-01
7.783834934234619141e-01
1.655942946672439575e-01
4.706722218543291092e-03
6.496988702565431595e-03
8.004884123802185059e-01
2.146591395139694214e-01
1.028398424386978149e-02
1.034965440630912781e-01
2.761332392692565918e-01
5.707709193229675293e-01
4.534462839365005493e-02
1.377090997993946075e-02
5.820810794830322266e-01
5.560836195945739746e-01
2.014931887388229370e-01
6.788352970033884048e-03
1.192828360944986343e-02
3.976689577102661133e-01
2.231314778327941895e-01
1.717976108193397522e-02
5.130029320716857910e-01
2.579599060118198395e-02
1.007622666656970978e-02
2.145998552441596985e-02
2.204978764057159424e-01
2.973182201385498047e-01
1.933688372373580933e-01
1.166305039077997208e-02
1.345935016870498657e-01
2.890212694182991982e-03
5.379208326339721680e-01
6.345725804567337036e-02
1.242587808519601822e-02
6.279373168945312500e-02
3.698904439806938171e-02
1.082367449998855591e-01
6.113182287663221359e-03
1.159394450951367617e-04
3.501311689615249634e-02
1.949115470051765442e-02
2.210290282964706421e-01
9.052330628037452698e-03
2.450293395668268204e-04
2.014158070087432861e-01
2.609952092170715332e-01
1.675085425376892090e-01
1.284004561603069305e-02
2.306404858827590942e-01
1.429524645209312439e-02
7.695651799440383911e-02
2.136524170637130737e-01
2.711787633597850800e-02
4.806245565414428711e-01
2.815879881381988525e-01
4.519784823060035706e-03
1.807964523322880268e-03
4.971880316734313965e-01
2.460516244173049927e-02
8.741619437932968140e-02
1.745376212056726217e-04
6.208259463310241699e-01
2.048708051443099976e-01
6.161491572856903076e-02
4.283709451556205750e-02
1.997790038585662842e-01
3.297044336795806885e-01
3.517670929431915283e-01
1.865344494581222534e-02
4.085996188223361969e-03
8.002264499664306641e-01
1.233824044466018677e-01
2.534794509410858154e-01
1.132596284151077271e-01
5.946189165115356445e-01
2.457766979932785034e-01
4.842311739921569824e-01
2.797272205352783203e-01
3.443145751953125000e-02
6.000447869300842285e-01
1.926320493221282959e-01
2.315976843237876892e-02
1.376705523580312729e-02
8.073061704635620117e-01
2.184527367353439331e-01
3.575805425643920898e-01
1.873068660497665405e-01
1.883560121059417725e-01
4.113977253437042236e-01
6.402942538261413574e-01
2.977797687053680420e-01
1.515638381242752075e-01
2.327842637896537781e-02
6.423130035400390625e-01
4.481712728738784790e-02
2.427352033555507660e-02
6.435852050781250000e-01
2.408407330513000488e-01
3.572254627943038940e-02
7.462196052074432373e-03
5.819025635719299316e-01
2.036957293748855591e-01
3.358588516712188721e-01
1.747147440910339355e-01
1.942816227674484253e-01
1.918639838695526123e-01
9.676139801740646362e-02
5.382393021136522293e-03
7.522226870059967041e-02
4.100278317928314209e-01
3.672043085098266602e-01
2.909649312496185303e-01
1.280856579542160034e-01
2.004048824310302734e-01
3.886457681655883789e-01
8.657366037368774414e-02
8.624090254306793213e-02
2.350205332040786743e-01
2.060107737779617310e-01
3.224109113216400146e-01
2.706170827150344849e-02
1.544643640518188477e-01
4.202539920806884766e-01
1.014631986618041992e-01
2.148232460021972656e-01
1.039613038301467896e-01
4.090484976768493652e-01
4.612637162208557129e-01
1.501418501138687134e-01
9.803351946175098419e-03
9.105397621169686317e-04
4.143584370613098145e-01
2.279476672410964966e-01
8.136375546455383301e-01
5.907099843025207520e-01
1.123580783605575562e-01
4.947692155838012695e-01
1.113328188657760620e-01
5.591989159584045410e-01
4.380467534065246582e-01
4.411424994468688965e-01
5.224046707153320312e-01
3.872827291488647461e-01
2.373164296150207520e-01
7.945483326911926270e-01
4.668841063976287842e-01
3.749419748783111572e-01
2.925599692389369011e-03
3.981148451566696167e-02
1.347575038671493530e-01
9.875904023647308350e-02
1.604084274731576443e-03
1.469686478376388550e-01
3.184128999710083008e-01
5.043656006455421448e-02
7.005341467447578907e-04
2.461619675159454346e-01
1.559690851718187332e-02
4.222932159900665283e-01
3.008605241775512695e-01
3.244272083975374699e-04
1.644683815538883209e-02
5.142559111118316650e-02
2.272229269146919250e-02
2.023877203464508057e-01
2.653779983520507812e-01
1.424167156219482422e-01
2.164459526538848877e-01
2.217950485646724701e-02
2.027592509984970093e-01
5.489001870155334473e-01
5.001211073249578476e-03
6.035031676292419434e-01
8.225078694522380829e-03
4.590786099433898926e-01
3.314924985170364380e-02
4.870494455099105835e-02
5.706020593643188477e-01
5.607331395149230957e-01
4.423724114894866943e-01
7.472226396203041077e-03
2.004911750555038452e-01
4.734717076644301414e-04
1.983644813299179077e-01
7.303364574909210205e-02
8.093862533569335938e-01
7.698283297941088676e-04
3.366250991821289062e-01
2.065849453210830688e-01
2.831281423568725586e-01
1.237366069108247757e-02
3.861289620399475098e-01
3.935245871543884277e-01
2.798720300197601318e-01
1.843155026435852051e-01
1.081224996596574783e-03
5.530948564410209656e-02
4.360148310661315918e-02
3.815741240978240967e-01
1.291915476322174072e-01
3.637965917587280273e-01
4.353395402431488037e-01
2.026608586311340332e-01
4.955019801855087280e-02
1.799912154674530029e-01
2.362210154533386230e-01
1.516257692128419876e-02
2.732244133949279785e-01
3.365348675288259983e-04
3.135862946510314941e-02
2.545573711395263672e-01
2.323676645755767822e-01
7.408097153529524803e-04
4.021432399749755859e-01
2.239715605974197388e-01
5.683302283287048340e-01
1.287645311094820499e-03
2.015447318553924561e-01
2.827309668064117432e-01
2.031736262142658234e-02
5.231506749987602234e-02
6.171810030937194824e-01
2.438633702695369720e-02
4.436559975147247314e-02
8.160011768341064453e-01
3.029484360013157129e-04
1.984589397907257080e-01
3.458491563796997070e-01
4.198164939880371094e-01
1.164710521697998047e-02
4.884820580482482910e-01
4.011220633983612061e-01
6.496889591217041016e-01
1.657701283693313599e-01
9.490847587585449219e-03
6.116291284561157227e-01
1.579016745090484619e-01
3.146628141403198242e-01
8.990105241537094116e-02
6.377189159393310547e-01
2.595492899417877197e-01
2.126585841178894043e-01
3.411426767706871033e-02
5.654626488685607910e-01
2.072670310735702515e-01
3.363766074180603027e-01
1.507366001605987549e-01
2.317327708005905151e-01
1.456060409545898438e-01
3.905857801437377930e-01
5.355949401855468750e-01
2.693320065736770630e-02
4.411375224590301514e-01
2.300505489110946655e-01
4.782764613628387451e-02
2.895194850862026215e-02
3.038911819458007812e-01
5.929460525512695312e-01
2.553023993968963623e-01
5.089730024337768555e-01
6.972935982048511505e-03
2.025956958532333374e-01
2.680210471153259277e-01
4.698012769222259521e-01
1.445264369249343872e-02
7.183403968811035156e-01
2.936446666717529297e-01
6.527934968471527100e-02
3.464223816990852356e-02
7.648119926452636719e-01
4.173049330711364746e-01
1.977079957723617554e-01
5.799164175987243652e-01
1.462313346564769745e-02
2.013969868421554565e-01
2.462319135665893555e-01
8.243569135665893555e-01
5.541123449802398682e-03
3.727719485759735107e-01
7.156735658645629883e-01
7.537650316953659058e-02
2.583411894738674164e-02
5.365594625473022461e-01
7.774921059608459473e-01
4.389276802539825439e-01
2.410900145769119263e-01
2.962004840373992920e-01
2.158193588256835938e-01
1.999759227037429810e-01
8.023203015327453613e-01
2.022202759981155396e-01
1.789438724517822266e-01
6.737812161445617676e-01
1.020953580737113953e-01
2.007951028645038605e-02
1.477979272603988647e-01
2.038646042346954346e-01
4.062861204147338867e-01
8.720954880118370056e-03
2.437218464910984039e-02
3.223842978477478027e-01
2.396306097507476807e-01
3.632048666477203369e-01
6.067351102828979492e-01
4.815410077571868896e-01
4.171538054943084717e-01
1.856694519519805908e-01
4.005290865898132324e-01
2.961035072803497314e-01
5.753962993621826172e-01
3.079689443111419678e-01
3.039386570453643799e-01
2.011741548776626587e-01
2.898234687745571136e-02
4.067538678646087646e-01
5.996031165122985840e-01
5.936579704284667969e-01
6.466766595840454102e-01
4.907301664352416992e-01
1.366140693426132202e-02
4.212593734264373779e-01
5.597262978553771973e-01
4.708608388900756836e-01
2.730338871479034424e-01
4.693849757313728333e-02
1.282694935798645020e-02
3.975599408149719238e-01
3.939726650714874268e-01
2.241574674844741821e-01
7.941370829939842224e-03
2.348624616861343384e-01
1.906042248010635376e-01
2.470270991325378418e-01
5.019231466576457024e-04
8.022302389144897461e-01
2.592796385288238525e-01
5.762215852737426758e-01
1.467782407999038696e-01
2.089589983224868774e-01
5.824450254440307617e-01
3.995743095874786377e-01
6.047649383544921875e-01
6.003482937812805176e-01
7.883528470993041992e-01
6.198847293853759766e-01
3.647844791412353516e-01
1.962972581386566162e-01
1.152353063225746155e-01
2.420518994331359863e-01
3.344052135944366455e-01
2.141349483281373978e-03
5.155380442738533020e-02
7.933199405670166016e-02
4.507180452346801758e-01
2.179511934518814087e-01
6.621081829071044922e-01
4.376022815704345703e-01
3.329979479312896729e-01
2.151200324296951294e-01
3.664304735139012337e-03
9.142389521002769470e-03
3.135297819972038269e-02
4.449696540832519531e-01
8.538174442946910858e-03
2.155756950378417969e-01
1.585359573364257812e-01
6.036975383758544922e-01
7.417951822280883789e-01
4.031756520271301270e-01
5.956780910491943359e-01
5.727565884590148926e-01
4.038691520690917969e-01
2.113802433013916016e-01
6.743582487106323242e-01
3.858513534069061279e-01
1.019641198217868805e-02
2.022523432970046997e-03
5.959118008613586426e-01
1.752277091145515442e-02
2.469223141670227051e-01
4.671353101730346680e-01
2.091803699731826782e-01
4.337312281131744385e-01
5.160156488418579102e-01
6.115956902503967285e-01
1.094349473714828491e-02
2.806136310100555420e-01
5.911145806312561035e-01
5.969430208206176758e-01
1.811954309232532978e-03
1.865501403808593750e-01
5.598442554473876953e-01
3.444165587425231934e-01
5.977322459220886230e-01
2.527559399604797363e-01
3.111031651496887207e-01
2.803534567356109619e-01
7.214252948760986328e-01
2.682178020477294922e-01
1.985303908586502075e-01
9.957293272018432617e-01
8.317402750253677368e-02
4.159750342369079590e-01
2.588623203337192535e-02
2.240274250507354736e-01
5.032491087913513184e-01
5.494119524955749512e-01
3.373995721340179443e-01
5.961829423904418945e-01
2.360251694917678833e-01
2.140610665082931519e-01
1.235046982765197754e-01
3.911451995372772217e-01
3.051120787858963013e-02
6.210213303565979004e-01
4.389989376068115234e-01
4.408638551831245422e-02
1.268861442804336548e-01
5.016786456108093262e-01
2.239587157964706421e-01
2.895899415016174316e-01
5.444931387901306152e-01
9.501431137323379517e-02
7.994869947433471680e-01
4.002691805362701416e-01
6.076238155364990234e-01
4.008076488971710205e-01
4.459688067436218262e-01
1.667633652687072754e-02
7.751903031021356583e-04
7.559803724288940430e-01
4.502624273300170898e-01
6.105808019638061523e-01
2.075022608041763306e-01
4.853890836238861084e-01
8.480578660964965820e-02
6.122359037399291992e-01
2.779655754566192627e-01
1.986560672521591187e-01
3.554753661155700684e-01
2.988648414611816406e-01
5.434591770172119141e-01
3.036492131650447845e-02
6.839562952518463135e-02
8.647061884403228760e-02
5.966428518295288086e-01
6.202131509780883789e-01
3.484433144330978394e-02
2.933011353015899658e-01
2.045788317918777466e-01
1.123431604355573654e-03
5.442845448851585388e-02
1.952526718378067017e-01
4.307058174163103104e-03
7.499391585588455200e-02
5.744264926761388779e-03
7.245685905218124390e-02
6.336545348167419434e-01
7.398306727409362793e-01
3.396123647689819336e-02
1.002290621399879456e-01
7.021248340606689453e-02
3.053882159292697906e-02
7.098859176039695740e-03
3.679483383893966675e-02
3.226763606071472168e-01
1.291354186832904816e-02
1.534508657641708851e-03
4.395182430744171143e-02
2.294575423002243042e-01
1.844213902950286865e-01
3.320450782775878906e-01
5.181930065155029297e-01
5.131001118570566177e-03
2.383587360382080078e-01
3.714717626571655273e-01
3.922136966139078140e-03
2.195088714361190796e-01
7.374941110610961914e-01
2.661041319370269775e-01
1.407526060938835144e-02
2.166548073291778564e-01
2.373998165130615234e-01
3.500445485115051270e-01
7.909438610076904297e-01
3.438308238983154297e-01
1.020448431372642517e-01
8.743268251419067383e-02
5.132880210876464844e-01
1.907116770744323730e-01
1.117866672575473785e-02
4.012499451637268066e-01
5.762341618537902832e-01
1.345686018466949463e-01
2.329984307289123535e-01
5.495247617363929749e-02
7.612737417221069336e-01
3.702797293663024902e-01
5.862935185432434082e-01
5.286222323775291443e-02
1.767484471201896667e-02
5.958814620971679688e-01
1.380450725555419922e-01
2.969651482999324799e-03
2.080184072256088257e-01
5.106846094131469727e-01
3.246227570343762636e-04
1.027348339557647705e-01
1.321965456008911133e-01
1.784549467265605927e-02
4.668826758861541748e-01
5.892102718353271484e-01
2.949067652225494385e-01
3.984242081642150879e-01
5.780780911445617676e-01
2.053362727165222168e-01
1.525838524103164673e-01
3.210474550724029541e-02
3.427595496177673340e-01
4.638525657355785370e-03
1.832977123558521271e-02
3.563484176993370056e-02
1.035525575280189514e-01
7.072064280509948730e-01
1.273427903652191162e-01
2.064148485660552979e-01
1.828250139951705933e-01
4.661850631237030029e-01
3.588644266128540039e-01
8.617728948593139648e-02
2.358787506818771362e-02
2.484215795993804932e-02
1.034835819154977798e-03
4.029561579227447510e-01
8.953797817230224609e-02
1.193736642599105835e-01
6.778349280357360840e-01
3.346691429615020752e-01
3.965703547000885010e-01
4.532422497868537903e-02
3.833218514919281006e-01
2.468731403350830078e-01
6.078422535210847855e-03
2.962796017527580261e-02
5.957816839218139648e-01
3.129977285861968994e-01
4.252528771758079529e-03
1.210804190486669540e-02
4.114383757114410400e-01
7.802483439445495605e-01
4.729929566383361816e-01
3.937939554452896118e-02
4.082983434200286865e-01
7.287193536758422852e-01
2.040034234523773193e-01
6.132811680436134338e-02
2.808607220649719238e-01
4.291086494922637939e-01
3.895032405853271484e-01
1.513101451564580202e-04
2.216265350580215454e-01
6.094940900802612305e-01
7.169113755226135254e-01
4.088510274887084961e-01
6.401840597391128540e-02
4.170382916927337646e-01
5.013431906700134277e-01
1.858493685722351074e-01
3.856754675507545471e-02
1.506491005420684814e-01
7.214206457138061523e-01
7.594013214111328125e-01
1.819430617615580559e-03
9.726746007800102234e-03
3.532600104808807373e-01
8.416780829429626465e-01
2.187711000442504883e-01
1.928510069847106934e-01
2.421366572380065918e-01
6.218529120087623596e-02
3.457978963851928711e-01
2.449255203828215599e-03
2.248025983572006226e-01
5.970234274864196777e-01
6.743503212928771973e-01
5.206482484936714172e-03
2.333689928054809570e-01
2.291763275861740112e-01
7.727948427200317383e-01
6.203441619873046875e-01
2.199117541313171387e-01
4.073265790939331055e-01
2.134512960910797119e-01
2.125589251518249512e-01
1.703949421644210815e-01
4.084855020046234131e-01
3.303617238998413086e-01
7.580102828796952963e-05
2.147962898015975952e-01
3.775004148483276367e-01
5.599043369293212891e-01
1.724814772605895996e-01
5.983110070228576660e-01
3.915783390402793884e-02
1.254698038101196289e-01
4.424377679824829102e-01
5.869510769844055176e-01
3.696643710136413574e-01
4.018828868865966797e-01
9.690820425748825073e-02
1.515732146799564362e-02
5.767229013144969940e-03
5.570644736289978027e-01
5.051642060279846191e-01
6.009975075721740723e-01
7.747813463211059570e-01
6.304417550563812256e-02
1.102884113788604736e-01
1.259184628725051880e-01
1.428925059735774994e-02
1.108273514546453953e-03
6.502934731543064117e-03
2.333768904209136963e-01
2.075155316560994834e-05
1.075301785022020340e-02
1.767618698067963123e-03
4.108419120311737061e-01
4.750497937202453613e-01
4.553813934326171875e-01
3.142581507563591003e-02
4.312761723995208740e-01
2.919540405273437500e-01
2.096453756093978882e-01
2.448419928550720215e-01
7.489970326423645020e-02
4.431104660034179688e-01
1.930101097968872637e-05
3.110710680484771729e-01
4.210799336433410645e-01
2.880802452564239502e-01
4.061482548713684082e-01
5.958609580993652344e-01
3.122933804988861084e-01
2.076371610164642334e-01
5.872241258621215820e-01
3.293466754257678986e-03
2.886878848075866699e-01
1.632030904293060303e-01
7.690325379371643066e-03
1.700908094644546509e-01
8.776786737143993378e-03
2.084148973226547241e-01
5.468335002660751343e-02
6.082276105880737305e-01
4.025037884712219238e-01
3.889672160148620605e-01
7.621030807495117188e-01
6.004425883293151855e-01
6.679126620292663574e-02
2.008576393127441406e-01
6.992416828870773315e-02
3.491246700286865234e-01
2.625843510031700134e-03
1.820113062858581543e-01
7.995938658714294434e-01
1.946546435356140137e-01
6.190526485443115234e-01
2.580844461917877197e-01
2.272672653198242188e-01
6.956214308738708496e-01
2.814484834671020508e-01
3.644940853118896484e-01
6.939499378204345703e-01
5.087844729423522949e-01
9.075502157211303711e-01
3.010236322879791260e-01
3.543029725551605225e-02
5.936161279678344727e-01
6.183593869209289551e-01
4.104649424552917480e-01
5.255619883537292480e-01
7.456593681126832962e-03
2.858250439167022705e-01
1.568382233381271362e-01
2.559097111225128174e-01
4.237731695175170898e-01
4.171228408813476562e-02
2.435482144355773926e-01
5.550207495689392090e-01
2.048183977603912354e-01
1.230699568986892700e-01
5.268874168395996094e-01
2.456711381673812866e-01
4.988826811313629150e-01
7.642541080713272095e-03
7.931270003318786621e-01
9.256166964769363403e-02
3.990953564643859863e-01
3.491979837417602539e-01
2.023257166147232056e-01
6.079593300819396973e-01
1.736983060836791992e-01
1.971156802028417587e-03
2.013458162546157837e-01
3.582111597061157227e-01
7.219198942184448242e-01
4.323511123657226562e-01
8.456612378358840942e-02
3.606185317039489746e-01
2.532163560390472412e-01
4.426033496856689453e-01
6.535707116127014160e-01
1.572400033473968506e-01
2.204648405313491821e-02
5.765015482902526855e-01
2.267942727485205978e-05
3.928167521953582764e-01
5.633631348609924316e-01
6.485938429832458496e-01
5.735585093498229980e-01
3.112406237050890923e-03
4.019656181335449219e-01
1.486955881118774414e-01
2.263025641441345215e-01
7.644700407981872559e-01
1.492498368024826050e-01
2.100534141063690186e-01
1.810345649719238281e-01
5.977255105972290039e-01
5.375416874885559082e-01
4.322540462017059326e-01
4.661399126052856445e-01
1.952563673257827759e-01
3.362812101840972900e-03
3.775402307510375977e-01
5.059542655944824219e-01
7.376603782176971436e-02
8.443976193666458130e-02
2.790491580963134766e-01
3.825825452804565430e-01
1.999231427907943726e-01
3.603060543537139893e-02
2.403162568807601929e-01
2.197044044733047485e-01
2.533077895641326904e-01
5.696808695793151855e-01
2.137078642845153809e-01
4.072180986404418945e-01
4.117820262908935547e-01
4.480098187923431396e-02
3.737266063690185547e-01
4.101337864995002747e-02
5.801290273666381836e-03
1.714936494827270508e-01
2.178137935698032379e-02
4.031814336776733398e-01
1.817760244011878967e-02
2.090788930654525757e-01
2.040105313062667847e-01
6.728856265544891357e-02
4.046888947486877441e-01
4.438036978244781494e-01
2.040413320064544678e-01
2.031595110893249512e-01
3.972911536693572998e-01
3.604752197861671448e-02
1.387971043586730957e-01
8.068491518497467041e-02
6.270211935043334961e-02
4.048239588737487793e-01
4.566093981266021729e-01
1.070121824741363525e-01
1.538104005157947540e-02
5.890252590179443359e-01
2.627744078636169434e-01
2.065793424844741821e-01
3.833487331867218018e-01
2.164176553487777710e-01
4.883679449558258057e-01
1.285865902900695801e-02
8.783258497714996338e-03
3.278120756149291992e-01
2.286609411239624023e-01
6.300459504127502441e-01
5.852286219596862793e-01
1.772000491619110107e-01
5.434192419052124023e-01
6.364799737930297852e-01
1.566420644521713257e-01
5.847074836492538452e-02
9.880864024162292480e-01
4.930789470672607422e-01
2.748250365257263184e-01
1.041181236505508423e-01
4.509649276733398438e-01
3.698748946189880371e-01
8.127224445343017578e-01
5.553056001663208008e-01
2.325844317674636841e-01
3.983735442161560059e-01
2.337954379618167877e-02
1.369709242135286331e-02
5.929020643234252930e-01
7.940757274627685547e-01
9.087123721837997437e-02
3.505206108093261719e-01
2.003224333748221397e-03
3.722409531474113464e-02
1.128883883357048035e-01
8.021523952484130859e-01
3.946227431297302246e-01
2.592678368091583252e-01
3.635964393615722656e-01
3.875782489776611328e-01
2.946245968341827393e-01
2.456218153238296509e-01
1.995445638895034790e-01
4.003148078918457031e-01
1.330451387912034988e-02
1.135274544358253479e-01
5.957428216934204102e-01
2.934123761951923370e-02
5.769906044006347656e-01
4.438043236732482910e-01
1.966990977525711060e-01
7.896574735641479492e-01
4.024705588817596436e-01
1.994016114622354507e-03
4.070737361907958984e-01
4.057590067386627197e-01
4.145277440547943115e-01
2.644036710262298584e-01
3.579937815666198730e-01
2.032321505248546600e-02
2.062288820743560791e-01
4.164130687713623047e-01
3.769129216670989990e-01
1.658219262026250362e-03
5.980778932571411133e-01
1.252116858959197998e-01
3.914186358451843262e-01
4.895433187484741211e-01
2.550830543041229248e-01
2.653414309024810791e-01
1.348511286778375506e-04
5.123380105942487717e-03
3.934044241905212402e-01
7.878103256225585938e-01
8.369567394256591797e-01
5.562070608139038086e-01
3.520653247833251953e-01
7.891808748245239258e-01
2.315064370632171631e-01
3.993058204650878906e-01
5.215966701507568359e-01
1.231068968772888184e-01
4.006524682044982910e-01
1.702610286884009838e-03
1.313442457467317581e-02
2.517028711736202240e-02
2.218025326728820801e-01
7.869775295257568359e-01
5.330164432525634766e-01
1.955137413460761309e-04
7.552959322929382324e-01
4.118876159191131592e-01
8.135656714439392090e-01
5.905668735504150391e-01
3.948362171649932861e-01
7.865452207624912262e-03
9.205830097198486328e-02
2.039765715599060059e-01
2.112884670495986938e-01
2.281021177768707275e-01
4.811883270740509033e-01
4.073002636432647705e-01
1.339544169604778290e-02
5.842294096946716309e-01
3.428282737731933594e-01
4.690683186054229736e-01
6.331470608711242676e-01
5.312906503677368164e-01
1.402927488088607788e-01
1.814039945602416992e-01
3.059863150119781494e-01
5.979856252670288086e-01
1.379886176437139511e-02
3.974145650863647461e-01
2.164235413074493408e-01
9.046169929206371307e-03
9.409302473068237305e-01
2.778094112873077393e-01
5.462331175804138184e-01
2.371146082878112793e-01
7.484902739524841309e-01
3.166865110397338867e-01
3.809623122215270996e-01
1.821093112230300903e-01
3.017551302909851074e-01
9.902978539466857910e-01
4.949380755424499512e-01
2.172296941280364990e-01
2.217669039964675903e-02
4.011660516262054443e-01
3.660255670547485352e-02
8.942004293203353882e-02
1.311671547591686249e-02
5.657235383987426758e-01
7.127174735069274902e-01
4.152202606201171875e-01
1.717179119586944580e-01
2.980126142501831055e-01
4.389949142932891846e-01
7.927043437957763672e-01
5.485628843307495117e-01
4.532817751169204712e-03
6.123760342597961426e-01
3.723800778388977051e-01
2.974195182323455811e-01
4.015882015228271484e-01
7.355159521102905273e-01
5.648971199989318848e-01
6.452798843383789062e-01
1.875109821557998657e-01
2.991151213645935059e-01
6.245242357254028320e-01
4.160157740116119385e-01
7.380688190460205078e-01
2.061595320701599121e-01
3.091010153293609619e-01
3.940568268299102783e-01
5.653397440910339355e-01
1.933548599481582642e-01
6.174498796463012695e-01
3.419408798217773438e-01
4.816514253616333008e-01
4.294992424547672272e-03
3.787612169981002808e-02
4.740228950977325439e-01
5.790616869926452637e-01
3.692420944571495056e-02
3.842415809631347656e-01
5.150427222251892090e-01
2.105556577444076538e-01
4.763925448060035706e-02
6.599265150725841522e-03
2.142116427421569824e-01
6.507947444915771484e-01
2.551317587494850159e-02
1.668849377892911434e-03
1.326324641704559326e-01
4.960137605667114258e-01
4.091253578662872314e-01
6.121938824653625488e-01
4.409180283546447754e-01
2.038592845201492310e-01
9.513844549655914307e-02
8.037412762641906738e-01
4.122397303581237793e-01
5.432886481285095215e-01
1.967330649495124817e-02
7.187725603580474854e-02
1.571247354149818420e-02
3.835694119334220886e-02
2.063347212970256805e-02
7.968592643737792969e-01
3.353187143802642822e-01
2.012463659048080444e-01
6.671946644783020020e-01
3.875563740730285645e-01
7.730510830879211426e-01
2.234129160642623901e-01
1.006137132644653320e-01
3.861086070537567139e-01
8.966467343270778656e-03
1.084386557340621948e-02
1.999876797199249268e-01
5.673566460609436035e-02
2.025789022445678711e-01
6.336721032857894897e-02
2.524785697460174561e-02
6.443046331405639648e-01
7.412492483854293823e-02
2.275200635194778442e-01
2.172016948461532593e-01
1.351500004529953003e-01
2.144962102174758911e-01
3.922436833381652832e-01
5.081680603325366974e-03
1.294096261262893677e-01
3.651694059371948242e-01
6.368770003318786621e-01
3.036964833736419678e-01
2.714483439922332764e-01
8.201425075531005859e-01
1.637481003999710083e-01
2.284281551837921143e-01
7.048841100186109543e-03
8.870648592710494995e-02
2.173629850149154663e-01
5.714239478111267090e-01
6.011615623719990253e-04
2.121522650122642517e-02
1.612386852502822876e-01
6.831296682357788086e-01
3.408748507499694824e-01
4.616408944129943848e-01
4.082354009151458740e-01
2.776903212070465088e-01
4.214334487915039062e-01
3.963491320610046387e-01
3.854304924607276917e-02
3.421360850334167480e-01
4.368992149829864502e-01
1.052371338009834290e-01
1.930063068866729736e-01
2.376476824283599854e-01
2.143814414739608765e-01
2.477174252271652222e-01
2.121191658079624176e-02
4.145843088626861572e-01
1.977907866239547729e-01
7.879402041435241699e-01
4.348492920398712158e-01
7.541713714599609375e-01
2.325166463851928711e-01
1.865611225366592407e-01
1.924575865268707275e-01
1.724726408720016479e-01
2.344319671392440796e-01
4.050159454345703125e-01
7.531430721282958984e-01
2.962671220302581787e-02
2.104253172874450684e-01
3.865512609481811523e-01
5.247570276260375977e-01
2.014538049697875977e-01
3.436742126941680908e-01
5.496176481246948242e-01
2.083438448607921600e-05
1.284382399171590805e-02
5.312234163284301758e-02
3.297290578484535217e-02
4.263845384120941162e-01
2.919281721115112305e-01
1.809465736150741577e-01
3.769124746322631836e-01
1.321361362934112549e-01
2.096681594848632812e-01
2.014418840408325195e-01
4.630326032638549805e-01
7.546818256378173828e-01
5.060030221939086914e-01
3.207797929644584656e-02
1.313846558332443237e-01
4.921330213546752930e-01
7.056787014007568359e-01
4.918510317802429199e-01
2.460462041199207306e-02
6.688700914382934570e-01
2.684244513511657715e-01
1.962681300938129425e-02
1.219154335558414459e-02
2.001398354768753052e-01
2.654867470264434814e-01
6.221537590026855469e-01
3.639306640252470970e-03
5.606514215469360352e-02
2.104262709617614746e-01
3.217057585716247559e-01
4.383949637413024902e-01
5.274019204080104828e-03
3.734636604785919189e-01
6.324791312217712402e-01
4.047341346740722656e-01
2.616766653954982758e-02
4.614629745483398438e-01
2.169667184352874756e-01
5.508434772491455078e-01
3.521491587162017822e-01
1.831060834228992462e-02
1.851669698953628540e-01
2.691214680671691895e-01
4.203814268112182617e-01
3.952962160110473633e-02
1.505646556615829468e-01
1.775747537612915039e-01
6.103703975677490234e-01
4.485046118497848511e-02
2.049850374460220337e-01
6.426066905260086060e-02
4.018103480339050293e-01
2.706475183367729187e-02
8.690654486417770386e-02
3.572203963994979858e-02
9.781361818313598633e-01
2.268601655960083008e-01
5.089571326971054077e-02
3.998267650604248047e-01
2.580844759941101074e-01
3.766534328460693359e-01
2.489556968212127686e-01
2.439159899950027466e-01
4.134280085563659668e-01
2.018332015722990036e-03
3.743385076522827148e-01
4.407003987580537796e-03
1.614449024200439453e-01
8.346735239028930664e-01
2.672950327396392822e-01
1.506074331700801849e-02
5.962473750114440918e-01
3.315002322196960449e-01
2.847993969917297363e-01
1.726118326187133789e-01
1.981951594352722168e-01
7.774562835693359375e-01
1.638091504573822021e-01
3.426367789506912231e-02
4.839222505688667297e-02
5.092570558190345764e-02
6.010755896568298340e-01
4.724162220954895020e-01
3.720204345881938934e-03
5.294986963272094727e-01
5.700469017028808594e-02
5.999948382377624512e-01
2.055493742227554321e-01
4.328587949275970459e-01
1.077975407242774963e-01
1.326483935117721558e-01
1.128667294979095459e-01
7.212052587419748306e-03
9.587643668055534363e-03
1.806311607360839844e-01
5.994637608528137207e-01
2.084156423807144165e-01
2.615571618080139160e-01
4.592386186122894287e-01
4.924925267696380615e-01
1.403984799981117249e-02
3.887793123722076416e-01
4.056341052055358887e-01
5.346889495849609375e-01
1.370544265955686569e-02
2.055749744176864624e-01
3.735658526420593262e-02
6.060994267463684082e-01
5.485824868083000183e-02
1.318058967590332031e-01
4.299456775188446045e-01
3.928973674774169922e-01
7.645230889320373535e-01
6.053566336631774902e-01
4.074856340885162354e-01
3.229582905769348145e-01
5.481309816241264343e-02
3.725741505622863770e-01
3.967193663120269775e-01
2.215431034564971924e-01
9.855831265449523926e-01
1.053977175615727901e-03
2.015518546104431152e-01
4.069830477237701416e-01
4.135470688343048096e-01
7.720148563385009766e-01
2.046280652284622192e-01
2.365622371435165405e-01
6.015855073928833008e-01
6.573683619499206543e-01
2.077711001038551331e-02
2.540689408779144287e-01
1.322484016418457031e-01
4.062268435955047607e-01
3.401673436164855957e-01
7.169120479375123978e-03
4.724174737930297852e-01
3.650397062301635742e-01
2.875853478908538818e-01
3.525965511798858643e-01
3.940707445144653320e-01
5.924708843231201172e-01
7.510718107223510742e-01
4.654843360185623169e-03
2.153945565223693848e-01
5.196502208709716797e-01
6.000043153762817383e-01
3.830358013510704041e-02
9.701374173164367676e-02
2.266288548707962036e-01
4.050090610980987549e-01
6.261469125747680664e-01
2.453209757804870605e-01
3.683285415172576904e-01
2.769216299057006836e-01
8.614878058433532715e-01
1.044874042272567749e-01
3.690824210643768311e-01
5.221174955368041992e-01
2.452225089073181152e-01
3.100388050079345703e-01
2.018048465251922607e-01
3.042223155498504639e-01
5.143191218376159668e-01
4.796648025512695312e-01
2.167990505695343018e-01
4.108039438724517822e-01
9.726324677467346191e-02
5.942928194999694824e-01
5.922990441322326660e-01
2.527921199798583984e-01
5.912064313888549805e-01
5.413267612457275391e-01
3.965389728546142578e-01
2.015694826841354370e-01
6.846372038125991821e-03
1.932378113269805908e-01
7.368476390838623047e-01
3.269765973091125488e-01
3.843379318714141846e-01
1.339045315980911255e-01
5.945940613746643066e-01
5.970177650451660156e-01
1.876576989889144897e-01
5.936871767044067383e-01
9.812576174736022949e-01
2.011394351720809937e-01
6.000538822263479233e-03
2.569003999233245850e-01
1.125530377030372620e-01
6.448271274566650391e-01
1.970281898975372314e-01
1.933326125144958496e-01
5.854612588882446289e-01
8.261650800704956055e-01
5.843487977981567383e-01
3.092573583126068115e-02
1.698904484510421753e-01
4.938595592975616455e-01
3.964627981185913086e-01
5.055747553706169128e-02
3.938541710376739502e-01
2.093458920717239380e-01
4.102700650691986084e-01
3.389662802219390869e-01
2.049469202756881714e-01
2.226414531469345093e-01
6.948327422142028809e-01
6.014631986618041992e-01
3.017992973327636719e-01
2.243640422821044922e-01
9.919397830963134766e-01
4.165151417255401611e-01
2.813862562179565430e-01
4.191915094852447510e-01
4.002204537391662598e-01
6.254166960716247559e-01
3.002436161041259766e-01
3.148002624511718750e-01
7.731795907020568848e-01
2.174883037805557251e-01
7.917742133140563965e-01
1.379617769271135330e-02
1.216353476047515869e-01
1.925422251224517822e-01
4.944480955600738525e-01
1.951327472925186157e-01
8.104385435581207275e-02
3.928298652172088623e-01
1.505781710147857666e-01
6.127773523330688477e-01
4.915995597839355469e-01
3.118682503700256348e-01
6.266280412673950195e-01
8.561440110206604004e-01
4.791974497493356466e-04
6.516843102872371674e-03
