5.686715245246887207e-01
9.998563528060913086e-01
9.768513441085815430e-01
9.847681522369384766e-01
3.406726419925689697e-01
9.930773973464965820e-01
9.927920699119567871e-01
9.908403158187866211e-01
7.108215093612670898e-01
9.584389328956604004e-01
9.778185486793518066e-01
9.937348365783691406e-01
8.180603384971618652e-01
7.125990837812423706e-02
9.994117617607116699e-01
9.790760874748229980e-01
9.890989065170288086e-01
9.853511452674865723e-01
9.900733232498168945e-01
9.933569431304931641e-01
9.825466275215148926e-01
9.946233630180358887e-01
9.597893357276916504e-01
5.325534939765930176e-01
9.524608850479125977e-01
9.925897717475891113e-01
2.893031109124422073e-03
1.203386578708887100e-03
9.982452988624572754e-01
3.500720486044883728e-03
5.564067512750625610e-03
9.984027743339538574e-01
9.810007810592651367e-01
9.879260659217834473e-01
2.175931036472320557e-01
9.904358386993408203e-01
9.995664954185485840e-01
9.754422903060913086e-01
9.467954635620117188e-01
7.929726416477933526e-05
4.509393125772476196e-03
9.800923466682434082e-01
4.682736471295356750e-02
6.500260531902313232e-02
9.203065633773803711e-01
9.650050401687622070e-01
9.851751327514648438e-01
9.851929545402526855e-01
8.218616247177124023e-01
9.931410551071166992e-01
9.847255945205688477e-01
9.422177076339721680e-01
8.474558591842651367e-01
5.918685812503099442e-03
9.988881945610046387e-01
8.899782896041870117e-01
9.740971922874450684e-01
9.837492704391479492e-01
9.914747476577758789e-01
9.928200840950012207e-01
9.902177453041076660e-01
9.516189098358154297e-01
9.699681401252746582e-01
9.743646383285522461e-01
9.995483756065368652e-01
5.041801929473876953e-01
1.066917479038238525e-01
9.994152188301086426e-01
9.991193413734436035e-01
8.284658789634704590e-01
1.851541846990585327e-01
1.588195413351058960e-01
9.741999506950378418e-01
5.079305768013000488e-01
2.082935720682144165e-02
1.147344149649143219e-02
3.946756720542907715e-01
2.207791507244110107e-01
8.609642088413238525e-02
1.398075968027114868e-01
9.996519684791564941e-01
5.876062065362930298e-02
2.127407938241958618e-01
1.720796376466751099e-01
9.531279206275939941e-01
7.977881282567977905e-02
2.005246728658676147e-01
9.752659797668457031e-01
9.891617894172668457e-01
7.030352950096130371e-02
5.569257959723472595e-02
7.303984761238098145e-01
2.535957694053649902e-01
9.993419051170349121e-01
2.225576490163803101e-01
7.461230158805847168e-01
4.053225517272949219e-01
9.740510582923889160e-01
9.801142215728759766e-01
1.086592748761177063e-01
9.652537703514099121e-01
9.994756579399108887e-01
9.994637370109558105e-01
6.726262625306844711e-03
3.816705942153930664e-01
9.668344259262084961e-01
9.988152980804443359e-01
6.400905847549438477e-01
8.311985135078430176e-01
8.477072119712829590e-01
9.806451201438903809e-01
9.893283843994140625e-01
9.906439781188964844e-01
9.594890475273132324e-01
7.146056890487670898e-01
9.922736883163452148e-01
9.981270432472229004e-01
6.794003844261169434e-01
9.137778878211975098e-01
9.976435303688049316e-01
9.785579442977905273e-01
9.906518459320068359e-01
9.850229620933532715e-01
9.845603704452514648e-01
9.990082383155822754e-01
9.806050062179565430e-01
9.554665684700012207e-01
9.676429033279418945e-01
9.720168709754943848e-01
9.708071947097778320e-01
7.018101215362548828e-01
9.113202691078186035e-01
9.961628317832946777e-01
9.727652072906494141e-01
9.781360030174255371e-01
9.484992623329162598e-01
9.793384671211242676e-01
9.901295304298400879e-01
9.925945997238159180e-01
9.658405780792236328e-01
9.313384890556335449e-01
7.882373929023742676e-01
9.705101847648620605e-01
6.632511615753173828e-01
4.575441479682922363e-01
9.996187686920166016e-01
9.818261265754699707e-01
2.440726757049560547e-01
7.250096201896667480e-01
9.914994239807128906e-01
9.917704463005065918e-01
9.883944392204284668e-01
9.876125454902648926e-01
9.837694764137268066e-01
9.913274049758911133e-01
9.017422795295715332e-01
4.870311617851257324e-01
5.700346231460571289e-01
9.997380971908569336e-01
7.980327606201171875e-01
9.699866771697998047e-01
8.568568229675292969e-01
9.890616536140441895e-01
9.916771054267883301e-01
9.926998019218444824e-01
9.894522428512573242e-01
9.744664430618286133e-01
9.925144314765930176e-01
9.923895597457885742e-01
5.586382150650024414e-01
9.909246563911437988e-01
9.867793321609497070e-01
9.911503791809082031e-01
9.088739752769470215e-01
9.820637106895446777e-01
9.932991862297058105e-01
9.922206997871398926e-01
9.948429465293884277e-01
9.615584015846252441e-01
9.909011721611022949e-01
9.938011169433593750e-01
9.976128935813903809e-01
9.999161958694458008e-01
5.253438372164964676e-03
9.989798665046691895e-01
5.082577094435691833e-02
3.212844207882881165e-02
1.181250810623168945e-01
9.952486753463745117e-01
9.869529008865356445e-01
5.775814130902290344e-02
4.023027420043945312e-01
9.708524346351623535e-01
9.961935877799987793e-01
9.940383583307266235e-02
6.660578772425651550e-03
1.077610068023204803e-02
9.400804042816162109e-01
2.967731840908527374e-02
2.550568431615829468e-02
9.403468966484069824e-01
5.641217827796936035e-01
9.830386638641357422e-01
7.535613775253295898e-01
8.535686731338500977e-01
9.601075053215026855e-01
9.865141510963439941e-01
7.789866924285888672e-01
5.886831283569335938e-01
1.209459267556667328e-02
9.580582380294799805e-01
7.961984276771545410e-01
7.908171415328979492e-02
9.066922664642333984e-01
9.893842339515686035e-01
9.883656501770019531e-01
9.879540205001831055e-01
8.164727091789245605e-01
9.260512590408325195e-01
9.867569208145141602e-01
9.748225808143615723e-01
9.489095211029052734e-01
1.700854748487472534e-01
9.899118542671203613e-01
9.994050264358520508e-01
9.954500794410705566e-01
2.845284640789031982e-01
4.211329221725463867e-01
9.895201921463012695e-01
9.745326638221740723e-01
3.090693801641464233e-02
1.739653386175632477e-02
5.406934022903442383e-01
9.953877329826354980e-01
9.606862664222717285e-01
2.031238526105880737e-01
9.844263792037963867e-01
4.981386959552764893e-01
9.853510260581970215e-01
3.190174698829650879e-01
9.486788511276245117e-01
2.107338011264801025e-01
6.215125322341918945e-01
9.334829449653625488e-01
9.712510704994201660e-01
4.949728026986122131e-02
6.807128340005874634e-02
7.197206020355224609e-01
3.046384751796722412e-01
9.887659549713134766e-01
1.800511628389358521e-01
7.980969548225402832e-01
4.546107649803161621e-01
9.714789986610412598e-01
9.880490303039550781e-01
9.387442469596862793e-02
9.597583413124084473e-01
9.995930790901184082e-01
9.989238977432250977e-01
6.132616847753524780e-02
6.836292743682861328e-01
9.918640255928039551e-01
9.867314696311950684e-01
9.477757215499877930e-01
9.426753520965576172e-01
9.740990400314331055e-01
9.678842425346374512e-01
9.920898675918579102e-01
9.883636832237243652e-01
9.304178953170776367e-01
9.966959953308105469e-01
9.954369664192199707e-01
9.983394145965576172e-01
9.892379045486450195e-01
9.275206923484802246e-01
9.788415431976318359e-01
9.933149218559265137e-01
9.929651618003845215e-01
9.944255352020263672e-01
9.483950138092041016e-01
9.954860210418701172e-01
9.692752957344055176e-01
9.949316382408142090e-01
9.147257208824157715e-01
9.819645881652832031e-01
9.811992049217224121e-01
8.025687932968139648e-01
9.265758395195007324e-01
9.745435714721679688e-01
9.364331960678100586e-01
9.868579506874084473e-01
9.882170557975769043e-01
9.477860331535339355e-01
9.897379279136657715e-01
9.949271678924560547e-01
9.938161373138427734e-01
8.473788499832153320e-01
7.760763168334960938e-01
9.826577901840209961e-01
7.756918668746948242e-01
4.856618642807006836e-01
9.892633557319641113e-01
9.568412899971008301e-01
9.835917949676513672e-01
9.453645944595336914e-01
9.811414480209350586e-01
9.933334589004516602e-01
9.892826676368713379e-01
9.954261183738708496e-01
9.642724990844726562e-01
9.821903109550476074e-01
9.850433468818664551e-01
9.562116861343383789e-01
7.700147628784179688e-01
9.876605272293090820e-01
9.604340791702270508e-01
9.891173839569091797e-01
9.838427305221557617e-01
9.767664074897766113e-01
9.909253716468811035e-01
9.906345009803771973e-01
9.942538738250732422e-01
9.466467499732971191e-01
8.621839880943298340e-01
9.945205450057983398e-01
9.999480843544006348e-01
9.968684911727905273e-01
9.026855230331420898e-01
9.998813271522521973e-01
1.340608894824981689e-01
6.274149417877197266e-01
9.846774339675903320e-01
9.979790449142456055e-01
9.818214178085327148e-01
9.601485729217529297e-01
9.926679134368896484e-01
9.830174446105957031e-01
9.884770512580871582e-01
5.471137166023254395e-01
9.873303174972534180e-01
9.737070798873901367e-01
9.806445837020874023e-01
8.407236337661743164e-01
9.710991978645324707e-01
9.824476242065429688e-01
6.780293583869934082e-01
9.839805960655212402e-01
9.166524410247802734e-01
9.817789793014526367e-01
9.831258654594421387e-01
9.909742474555969238e-01
5.231252312660217285e-01
9.801113605499267578e-01
9.930953383445739746e-01
8.963130712509155273e-01
1.402615336701273918e-03
9.748546481132507324e-01
9.905554056167602539e-01
9.870751500129699707e-01
9.834324717521667480e-01
9.675347805023193359e-01
9.866429567337036133e-01
9.928243160247802734e-01
9.900751709938049316e-01
4.905861616134643555e-01
9.790589213371276855e-01
9.923433661460876465e-01
2.977887094020843506e-01
9.460327029228210449e-01
9.845202565193176270e-01
9.890093803405761719e-01
9.869671463966369629e-01
9.931371808052062988e-01
9.651080369949340820e-01
9.978410005569458008e-01
9.926644563674926758e-01
9.889541268348693848e-01
9.920178055763244629e-01
9.922786951065063477e-01
9.952739477157592773e-01
9.954133033752441406e-01
9.996678829193115234e-01
9.943548440933227539e-01
9.925875067710876465e-01
9.964098334312438965e-01
9.842648506164550781e-01
8.486467003822326660e-01
8.134531974792480469e-01
9.889240264892578125e-01
9.948104619979858398e-01
9.825078845024108887e-01
9.898321628570556641e-01
9.850823879241943359e-01
9.340796470642089844e-01
9.997680187225341797e-01
5.837492942810058594e-01
9.816114306449890137e-01
9.951680898666381836e-01
9.888592362403869629e-01
9.858131408691406250e-01
9.937774538993835449e-01
9.049392342567443848e-01
9.985121488571166992e-01
9.403885006904602051e-01
9.873934984207153320e-01
9.852606654167175293e-01
7.924996614456176758e-01
9.996373057365417480e-01
3.111692070960998535e-01
9.872199296951293945e-01
9.380124807357788086e-01
9.500005245208740234e-01
9.822766184806823730e-01
9.995149970054626465e-01
9.935358762741088867e-01
9.824422597885131836e-01
9.538617730140686035e-01
9.872197508811950684e-01
9.761264920234680176e-01
9.853133559226989746e-01
9.993353486061096191e-01
9.690403342247009277e-01
9.921150803565979004e-01
9.885749220848083496e-01
9.946370124816894531e-01
9.818269014358520508e-01
9.660485982894897461e-01
9.981482625007629395e-01
9.832336902618408203e-01
5.012547373771667480e-01
9.866431951522827148e-01
9.936025142669677734e-01
9.937648177146911621e-01
9.972048997879028320e-01
9.975026845932006836e-01
9.797992110252380371e-01
9.926097989082336426e-01
9.843284487724304199e-01
9.915217757225036621e-01
9.941099286079406738e-01
9.720530509948730469e-01
9.992836117744445801e-01
6.453078985214233398e-01
9.840580224990844727e-01
9.926150441169738770e-01
9.835898280143737793e-01
9.983385205268859863e-01
9.953381419181823730e-01
9.829440712928771973e-01
9.928852915763854980e-01
9.959650635719299316e-01
9.875149130821228027e-01
9.534788727760314941e-01
4.998704195022583008e-01
9.992985725402832031e-01
9.865295290946960449e-01
9.883824586868286133e-01
9.399438500404357910e-01
9.838266372680664062e-01
9.978515505790710449e-01
9.938521981239318848e-01
9.926728010177612305e-01
9.870584011077880859e-01
9.786472916603088379e-01
9.986112713813781738e-01
9.888600707054138184e-01
9.978759884834289551e-01
9.986677169799804688e-01
9.713383316993713379e-01
9.893683195114135742e-01
9.825849533081054688e-01
9.834607243537902832e-01
9.986194372177124023e-01
9.916446805000305176e-01
9.918819665908813477e-01
9.866480827331542969e-01
9.875587224960327148e-01
9.877176284790039062e-01
9.515337347984313965e-01
9.803229570388793945e-01
9.973860979080200195e-01
9.999060630798339844e-01
9.999037384986877441e-01
9.976570606231689453e-01
9.359588027000427246e-01
9.999604821205139160e-01
1.201329723699018359e-04
8.846676908433437347e-03
9.547062516212463379e-01
9.992254972457885742e-01
3.134206344839185476e-04
8.534581400454044342e-03
6.279278397560119629e-01
9.992222785949707031e-01
9.999344944953918457e-01
9.961966872215270996e-01
9.969178438186645508e-01
4.608792066574096680e-01
9.970480799674987793e-01
7.799269631505012512e-03
5.077852010726928711e-01
2.195993904024362564e-03
2.931644953787326813e-02
7.031653523445129395e-01
9.858914017677307129e-01
3.626118302345275879e-01
3.177900612354278564e-02
9.999352097511291504e-01
9.962345361709594727e-01
9.925658702850341797e-01
8.404321670532226562e-01
9.450345039367675781e-01
1.872346699237823486e-01
9.947534799575805664e-01
9.961070418357849121e-01
9.667668938636779785e-01
9.775016903877258301e-01
9.938145279884338379e-01
9.909447431564331055e-01
9.678077101707458496e-01
9.999481439590454102e-01
9.955511689186096191e-01
9.929375052452087402e-01
9.643148779869079590e-01
9.947507977485656738e-01
9.996486306190490723e-01
9.949743747711181641e-01
9.962398409843444824e-01
9.826501011848449707e-01
9.911400079727172852e-01
9.975469112396240234e-01
9.852694869041442871e-01
9.569088220596313477e-01
9.999727010726928711e-01
9.972814917564392090e-01
9.952632188796997070e-01
1.505340449512004852e-02
2.507376298308372498e-02
9.999310970306396484e-01
1.922893534356262535e-05
9.962588548660278320e-01
9.999694228172302246e-01
1.065751723945140839e-02
3.367392346262931824e-03
9.980748891830444336e-01
9.820332527160644531e-01
9.999527335166931152e-01
9.968758821487426758e-01
9.947489500045776367e-01
3.666911721229553223e-01
9.976665377616882324e-01
9.938712716102600098e-01
2.059279531240463257e-01
3.544313609600067139e-01
9.999768733978271484e-01
9.907876253128051758e-01
6.522784242406487465e-04
6.444022990763187408e-03
9.997300505638122559e-01
9.999532103538513184e-01
9.963770508766174316e-01
9.919689297676086426e-01
9.320755004882812500e-01
9.801532030105590820e-01
9.997968077659606934e-01
1.372736841440200806e-01
9.619780182838439941e-01
8.023205995559692383e-01
9.863412976264953613e-01
9.835466146469116211e-01
9.906725883483886719e-01
3.761375248432159424e-01
9.999401569366455078e-01
9.947906136512756348e-01
9.939168095588684082e-01
9.974700212478637695e-01
9.969640374183654785e-01
9.997205138206481934e-01
4.197782650589942932e-02
9.949406981468200684e-01
9.868000149726867676e-01
9.744607806205749512e-01
9.800031185150146484e-01
9.786274433135986328e-01
9.934606552124023438e-01
9.999378323554992676e-01
9.955132007598876953e-01
9.922543168067932129e-01
9.811644554138183594e-01
9.962779283523559570e-01
9.999251365661621094e-01
6.239305734634399414e-01
9.918773770332336426e-01
9.911190271377563477e-01
9.781927466392517090e-01
3.694871366024017334e-01
9.216394424438476562e-01
9.983531832695007324e-01
9.999530911445617676e-01
9.946737289428710938e-01
9.908748269081115723e-01
8.321155309677124023e-01
9.973566532135009766e-01
9.970071911811828613e-01
3.695525825023651123e-01
9.653378129005432129e-01
9.793287515640258789e-01
9.208791851997375488e-01
9.929363727569580078e-01
9.828608632087707520e-01
8.433964848518371582e-01
9.999650120735168457e-01
9.958330988883972168e-01
9.921658039093017578e-01
9.160181879997253418e-01
5.250188708305358887e-01
9.983447194099426270e-01
6.744588613510131836e-01
9.791749715805053711e-01
9.972186088562011719e-01
6.938556432723999023e-01
9.922189712524414062e-01
9.628484249114990234e-01
9.818082451820373535e-01
7.702887803316116333e-02
6.492944955825805664e-01
9.911729693412780762e-01
9.761023521423339844e-01
9.902055263519287109e-01
9.668688178062438965e-01
1.723230779170989990e-01
9.688013792037963867e-01
7.083438038825988770e-01
8.846299648284912109e-01
9.624366760253906250e-01
9.900128841400146484e-01
7.534546256065368652e-01
8.457031846046447754e-01
9.529182910919189453e-01
9.807755947113037109e-01
9.805088043212890625e-01
9.695990681648254395e-01
9.777979254722595215e-01
9.816392064094543457e-01
8.690550923347473145e-01
8.166726231575012207e-01
9.306703805923461914e-01
9.897220134735107422e-01
9.830213189125061035e-01
9.670854210853576660e-01
9.916869997978210449e-01
9.936478734016418457e-01
9.946092367172241211e-01
9.857311844825744629e-01
9.812700748443603516e-01
9.962859153747558594e-01
1.182699948549270630e-01
9.760029911994934082e-01
9.950808882713317871e-01
4.409782122820615768e-03
8.774503134191036224e-03
5.981987714767456055e-01
9.929538369178771973e-01
9.470531344413757324e-01
9.852136373519897461e-01
9.915741682052612305e-01
9.851333498954772949e-01
9.818319678306579590e-01
9.918891787528991699e-01
9.911476373672485352e-01
9.707360863685607910e-01
9.845147728919982910e-01
9.875292181968688965e-01
9.945589900016784668e-01
8.769471645355224609e-01
9.915798902511596680e-01
1.874264627695083618e-01
9.862310886383056641e-01
9.893227219581604004e-01
9.472591876983642578e-01
6.133932471275329590e-01
9.910928010940551758e-01
9.617794156074523926e-01
1.275675892829895020e-01
9.678713679313659668e-01
8.930459022521972656e-01
9.867369532585144043e-01
9.940817356109619141e-01
9.892032146453857422e-01
7.803239822387695312e-01
9.889162182807922363e-01
9.724915027618408203e-01
9.907425045967102051e-01
9.813846945762634277e-01
9.728966355323791504e-01
9.746561646461486816e-01
9.710894227027893066e-01
9.734084010124206543e-01
9.237570762634277344e-01
9.908304214477539062e-01
7.467462420463562012e-01
4.435036480426788330e-01
3.156492710113525391e-01
8.501859307289123535e-01
9.831771850585937500e-01
9.745694994926452637e-01
8.906149864196777344e-01
9.871115684509277344e-01
9.620149135589599609e-01
9.925078749656677246e-01
3.166282176971435547e-01
9.744890928268432617e-01
9.693615436553955078e-01
9.211043119430541992e-01
4.696334302425384521e-01
7.794211506843566895e-01
9.837710857391357422e-01
9.918140172958374023e-01
9.808925390243530273e-01
9.600287079811096191e-01
9.898285865783691406e-01
9.806020259857177734e-01
9.769734144210815430e-01
9.429263472557067871e-01
9.843824505805969238e-01
9.309561252593994141e-01
3.034311532974243164e-01
9.901008009910583496e-01
9.125677347183227539e-01
9.916674494743347168e-01
9.942828416824340820e-01
9.882934093475341797e-01
9.750924706459045410e-01
9.945008158683776855e-01
9.914456605911254883e-01
8.744664788246154785e-01
9.847738146781921387e-01
9.926382303237915039e-01
9.645762443542480469e-01
9.924198389053344727e-01
9.932978153228759766e-01
9.850998520851135254e-01
9.922422170639038086e-01
9.939677119255065918e-01
9.940078854560852051e-01
9.747195243835449219e-01
9.947172999382019043e-01
9.910111427307128906e-01
9.009112715721130371e-01
9.821352958679199219e-01
9.850756525993347168e-01
9.788201451301574707e-01
9.601809382438659668e-01
1.735697537660598755e-01
6.253159791231155396e-02
5.756918191909790039e-01
4.046124517917633057e-01
9.856723546981811523e-01
9.793931841850280762e-01
9.624459147453308105e-01
9.598162174224853516e-01
9.718432426452636719e-01
2.439402937889099121e-01
9.050815105438232422e-01
9.966850280761718750e-01
9.990445375442504883e-01
9.996060132980346680e-01
9.907379746437072754e-01
8.987858891487121582e-01
9.925960302352905273e-01
9.945090413093566895e-01
9.945415854454040527e-01
9.929594397544860840e-01
9.599338173866271973e-01
9.676832556724548340e-01
1.808235347270965576e-01
5.713664889335632324e-01
4.310309290885925293e-01
9.930869936943054199e-01
3.262490630149841309e-01
9.913836717605590820e-01
9.865910410881042480e-01
9.917763471603393555e-01
9.908559918403625488e-01
3.129180669784545898e-01
9.923167228698730469e-01
9.448407888412475586e-01
2.711841836571693420e-03
7.424638420343399048e-02
9.801673889160156250e-01
9.791097640991210938e-01
1.091839298605918884e-01
8.014449477195739746e-02
9.890871047973632812e-01
9.843032956123352051e-01
9.922963380813598633e-01
9.944481253623962402e-01
6.254197955131530762e-01
9.901760816574096680e-01
9.880610108375549316e-01
9.830007553100585938e-01
9.539003968238830566e-01
9.816217422485351562e-01
9.994431734085083008e-01
9.957401752471923828e-01
5.283644795417785645e-01
9.464061260223388672e-01
9.577196836471557617e-01
9.883411526679992676e-01
9.934915304183959961e-01
4.999172091484069824e-01
9.896321296691894531e-01
9.779297113418579102e-01
9.738974571228027344e-01
9.780403375625610352e-01
9.483436346054077148e-01
9.990481734275817871e-01
9.988049864768981934e-01
9.947870969772338867e-01
5.334583520889282227e-01
8.968077898025512695e-01
9.863721132278442383e-01
9.886259436607360840e-01
9.877862930297851562e-01
7.363944649696350098e-01
9.767903685569763184e-01
9.994525313377380371e-01
9.964646100997924805e-01
9.695946574211120605e-01
9.908091425895690918e-01
9.937073588371276855e-01
9.799004793167114258e-01
2.761154472827911377e-01
1.169394925236701965e-01
9.533666968345642090e-01
9.767794013023376465e-01
9.442529082298278809e-01
4.938166141510009766e-01
9.559694528579711914e-01
9.860734343528747559e-01
9.922393560409545898e-01
9.911583662033081055e-01
8.913753628730773926e-01
9.793963432312011719e-01
9.855509400367736816e-01
9.895227551460266113e-01
9.863409996032714844e-01
9.916185140609741211e-01
9.939953684806823730e-01
7.646119594573974609e-01
9.911004900932312012e-01
9.915167689323425293e-01
9.872009754180908203e-01
9.579035043716430664e-01
9.236057400703430176e-01
9.877206683158874512e-01
9.922202825546264648e-01
5.629460215568542480e-01
7.144175171852111816e-01
9.510585665702819824e-01
9.880188703536987305e-01
9.937205910682678223e-01
9.231503009796142578e-01
9.534556269645690918e-01
9.886863231658935547e-01
9.903099536895751953e-01
9.836325645446777344e-01
9.155886173248291016e-01
9.772440791130065918e-01
9.977565407752990723e-01
9.952908754348754883e-01
9.918391704559326172e-01
9.894263148307800293e-01
9.886838793754577637e-01
9.714213609695434570e-01
9.953460097312927246e-01
9.943783879280090332e-01
9.931625127792358398e-01
9.930100440979003906e-01
9.820334315299987793e-01
8.447131514549255371e-01
8.841518759727478027e-01
9.794157147407531738e-01
9.851619005203247070e-01
9.907498955726623535e-01
9.848181605339050293e-01
9.836192131042480469e-01
9.947732686996459961e-01
7.445066571235656738e-01
9.896703958511352539e-01
9.830233454704284668e-01
9.837195277214050293e-01
1.968175545334815979e-02
9.836125373840332031e-01
9.937251806259155273e-01
8.887754678726196289e-01
9.907766580581665039e-01
8.030942082405090332e-01
9.838290214538574219e-01
9.465890526771545410e-01
9.924930334091186523e-01
6.171820163726806641e-01
9.827587604522705078e-01
9.816264510154724121e-01
9.725791215896606445e-01
3.943477058783173561e-04
9.717958569526672363e-01
9.995873570442199707e-01
9.971239566802978516e-01
3.155081649310886860e-04
3.326689600944519043e-01
7.827795147895812988e-01
6.726341843605041504e-01
9.920899868011474609e-01
9.712592512369155884e-02
9.769930839538574219e-01
9.842473864555358887e-01
9.803261160850524902e-01
9.859520196914672852e-01
9.678436517715454102e-01
9.986194372177124023e-01
9.987988471984863281e-01
9.942700266838073730e-01
4.926066100597381592e-01
9.358984827995300293e-01
9.143951535224914551e-01
9.926756620407104492e-01
9.868820309638977051e-01
9.886744022369384766e-01
9.867265820503234863e-01
9.980186223983764648e-01
9.925468564033508301e-01
5.590206980705261230e-01
9.914987683296203613e-01
9.016622304916381836e-01
9.979669451713562012e-01
5.905022025108337402e-01
8.754801750183105469e-01
9.643424749374389648e-01
9.921136498451232910e-01
9.476026296615600586e-01
9.860526323318481445e-01
9.830874204635620117e-01
9.919497370719909668e-01
9.958454966545104980e-01
9.896248579025268555e-01
9.474012255668640137e-01
2.473601996898651123e-01
9.936703443527221680e-01
9.602789878845214844e-01
9.790433049201965332e-01
9.106286764144897461e-01
9.914966225624084473e-01
8.808681368827819824e-01
9.851968288421630859e-01
9.927986860275268555e-01
9.858614802360534668e-01
9.793288111686706543e-01
9.905592203140258789e-01
9.898865818977355957e-01
9.976443648338317871e-01
9.410185217857360840e-01
9.583705663681030273e-01
9.857043623924255371e-01
9.352346062660217285e-01
9.605349302291870117e-01
9.653800725936889648e-01
9.909778237342834473e-01
9.866517186164855957e-01
9.889745116233825684e-01
9.867205023765563965e-01
9.834356904029846191e-01
9.816484451293945312e-01
9.965698122978210449e-01
9.975895285606384277e-01
9.949538111686706543e-01
9.929901957511901855e-01
9.921035170555114746e-01
2.779188156127929688e-01
9.833543896675109863e-01
9.464402198791503906e-01
9.996726512908935547e-01
9.941174983978271484e-01
9.837297797203063965e-01
1.471068244427442551e-03
2.712685847654938698e-03
9.920433759689331055e-01
9.656849503517150879e-01
9.907385706901550293e-01
9.840793013572692871e-01
9.911814928054809570e-01
9.742698669433593750e-01
9.951534867286682129e-01
9.920136332511901855e-01
9.996941089630126953e-01
9.944463968276977539e-01
9.610799551010131836e-01
8.936739563941955566e-01
9.796180725097656250e-01
9.177464842796325684e-01
9.990782141685485840e-01
9.922111034393310547e-01
9.897139072418212891e-01
9.837821722030639648e-01
9.024559855461120605e-01
9.962530732154846191e-01
9.930631518363952637e-01
9.221102595329284668e-01
9.944010972976684570e-01
9.940524101257324219e-01
9.114128947257995605e-01
9.899917840957641602e-01
9.782422184944152832e-01
6.950841546058654785e-01
9.934883117675781250e-01
9.919341206550598145e-01
9.925369620323181152e-01
9.367274045944213867e-01
9.914941787719726562e-01
9.942668080329895020e-01
9.996449351310729980e-01
8.400987386703491211e-01
9.912320971488952637e-01
9.978629946708679199e-01
1.813258081674575806e-01
4.236628413200378418e-01
9.984430074691772461e-01
9.943478107452392578e-01
9.894165396690368652e-01
9.882842302322387695e-01
6.437492966651916504e-01
9.972476363182067871e-01
9.968280792236328125e-01
9.368185997009277344e-01
9.967953562736511230e-01
8.921247720718383789e-01
9.871745705604553223e-01
7.638692855834960938e-01
9.756655097007751465e-01
9.816560149192810059e-01
9.943969249725341797e-01
9.901404380798339844e-01
9.907346963882446289e-01
9.338089227676391602e-01
9.967500567436218262e-01
9.737549424171447754e-01
9.866118431091308594e-01
9.950436353683471680e-01
9.818642735481262207e-01
9.609459638595581055e-01
9.684787988662719727e-01
9.939728975296020508e-01
9.191361069679260254e-01
9.918681979179382324e-01
9.912159442901611328e-01
9.926438927650451660e-01
8.703963160514831543e-01
4.281139373779296875e-01
3.629035651683807373e-01
9.999728202819824219e-01
9.324378967285156250e-01
9.999151229858398438e-01
9.882017374038696289e-01
9.937333464622497559e-01
2.295155376195907593e-01
9.999666810035705566e-01
9.918246865272521973e-01
9.882763028144836426e-01
9.845142364501953125e-01
9.458006620407104492e-01
9.290765523910522461e-01
9.929758906364440918e-01
8.952730894088745117e-01
9.886681437492370605e-01
9.916450381278991699e-01
9.864653944969177246e-01
9.921370744705200195e-01
9.894568920135498047e-01
8.945670127868652344e-01
9.915902614593505859e-01
9.884123802185058594e-01
9.943001866340637207e-01
3.708734810352325439e-01
9.868498444557189941e-01
9.914767146110534668e-01
9.986996054649353027e-01
3.068636059761047363e-01
9.895056486129760742e-01
9.877789616584777832e-01
2.398884389549493790e-03
4.314565062522888184e-01
9.991149902343750000e-01
9.899010658264160156e-01
9.892749786376953125e-01
9.940677285194396973e-01
9.926410913467407227e-01
9.100739359855651855e-01
9.935291409492492676e-01
9.991681575775146484e-01
9.826893210411071777e-01
9.876034259796142578e-01
9.965822100639343262e-01
9.782849550247192383e-01
3.580662012100219727e-01
9.996160864830017090e-01
9.918467998504638672e-01
9.911004304885864258e-01
9.898082613945007324e-01
9.746514558792114258e-01
8.631072044372558594e-01
9.909693598747253418e-01
9.008826613426208496e-01
9.878458976745605469e-01
9.865606427192687988e-01
9.994528293609619141e-01
9.876907467842102051e-01
9.909346103668212891e-01
9.997464418411254883e-01
9.926511645317077637e-01
9.899200201034545898e-01
9.641556143760681152e-01
9.756964445114135742e-01
9.848519563674926758e-01
9.929251670837402344e-01
2.427635639905929565e-01
9.840022325515747070e-01
9.912436604499816895e-01
9.603747129440307617e-01
9.859390854835510254e-01
9.858800768852233887e-01
9.746540188789367676e-01
9.916082024574279785e-01
9.896478056907653809e-01
9.917440414428710938e-01
2.092653959989547729e-01
6.537292897701263428e-02
5.447382330894470215e-01
9.999613165855407715e-01
9.077986478805541992e-01
9.900574088096618652e-01
9.886652827262878418e-01
9.856690168380737305e-01
9.719334244728088379e-01
3.881918673869222403e-04
8.805453777313232422e-01
9.839291572570800781e-01
9.941024780273437500e-01
9.862921833992004395e-01
9.784668087959289551e-01
9.886595010757446289e-01
1.321652978658676147e-01
9.913456439971923828e-01
9.964720606803894043e-01
9.971213340759277344e-01
9.985625743865966797e-01
2.265598475933074951e-01
9.791902303695678711e-01
9.568472504615783691e-01
9.838322997093200684e-01
9.863632917404174805e-01
9.879265427589416504e-01
8.666751384735107422e-01
9.790697097778320312e-01
9.728264212608337402e-01
9.796671867370605469e-01
9.897888302803039551e-01
9.914792180061340332e-01
9.581412672996520996e-01
4.557324064080603421e-05
9.717102646827697754e-01
9.909260869026184082e-01
9.904901981353759766e-01
9.927127957344055176e-01
7.509996891021728516e-01
2.207470536231994629e-01
9.246200323104858398e-01
9.999538064002990723e-01
9.921420216560363770e-01
9.882661104202270508e-01
9.998032450675964355e-01
9.885604381561279297e-01
9.937179684638977051e-01
5.447630882263183594e-01
7.879745364189147949e-01
8.828541040420532227e-01
5.148832201957702637e-01
9.926156401634216309e-01
7.482395768165588379e-01
5.580723881721496582e-01
9.492464363574981689e-02
9.843013882637023926e-01
9.479227066040039062e-01
2.987354993820190430e-02
9.727228283882141113e-01
9.993829131126403809e-01
9.010567069053649902e-01
8.158768415451049805e-01
9.654678702354431152e-01
8.907154798507690430e-01
9.923735857009887695e-01
9.872227311134338379e-01
9.933791756629943848e-01
9.906821846961975098e-01
9.864876866340637207e-01
9.964950680732727051e-01
9.877410531044006348e-01
9.795734882354736328e-01
9.966477751731872559e-01
9.904738068580627441e-01
4.816147685050964355e-01
9.034085869789123535e-01
7.832719087600708008e-01
9.921926259994506836e-01
9.223349094390869141e-01
9.870080351829528809e-01
9.475252032279968262e-01
9.826282858848571777e-01
9.904749393463134766e-01
9.846512675285339355e-01
9.435693621635437012e-01
6.499129533767700195e-01
9.605018496513366699e-01
9.864946007728576660e-01
9.886596798896789551e-01
9.020252823829650879e-01
9.373760819435119629e-01
9.907507300376892090e-01
9.934479594230651855e-01
8.940418958663940430e-01
9.930052757263183594e-01
9.860298633575439453e-01
9.907227754592895508e-01
9.841560125350952148e-01
9.977071285247802734e-01
9.968659877777099609e-01
9.917275309562683105e-01
9.902536869049072266e-01
9.906291365623474121e-01
6.198823451995849609e-02
1.528280526399612427e-01
1.930703371763229370e-01
9.994171857833862305e-01
8.433480560779571533e-02
1.570676080882549286e-02
5.194068551063537598e-01
9.978591799736022949e-01
9.629979729652404785e-02
9.958965778350830078e-01
9.655609726905822754e-01
9.798226356506347656e-01
9.155221581459045410e-01
9.670671820640563965e-01
9.909090995788574219e-01
9.915095567703247070e-01
9.964985251426696777e-01
9.756194353103637695e-01
9.907507896423339844e-01
9.823299646377563477e-01
9.982247948646545410e-01
9.889582395553588867e-01
9.970908761024475098e-01
9.189811944961547852e-01
9.602295756340026855e-01
9.408916831016540527e-01
9.857104420661926270e-01
9.909021854400634766e-01
9.947449564933776855e-01
9.951119422912597656e-01
9.808427095413208008e-01
9.935961961746215820e-01
9.866328239440917969e-01
9.857861995697021484e-01
9.754909276962280273e-01
9.913299083709716797e-01
9.946408867835998535e-01
9.924966692924499512e-01
9.927508234977722168e-01
3.039959073066711426e-02
5.851067602634429932e-02
9.671752452850341797e-01
9.998620152473449707e-01
1.270895600318908691e-01
9.006652235984802246e-01
9.888463616371154785e-01
9.973564147949218750e-01
4.910694062709808350e-01
9.991977214813232422e-01
8.272675871849060059e-01
9.877105355262756348e-01
9.166445136070251465e-01
9.938378334045410156e-01
9.647049903869628906e-01
9.919830560684204102e-01
9.837664961814880371e-01
9.858981966972351074e-01
9.898223280906677246e-01
9.972428083419799805e-01
9.895533919334411621e-01
9.610751867294311523e-01
9.904753565788269043e-01
9.910699129104614258e-01
9.891730546951293945e-01
9.934002757072448730e-01
7.593402266502380371e-01
9.747646450996398926e-01
9.918785691261291504e-01
9.968258142471313477e-01
9.442869424819946289e-01
9.862903356552124023e-01
9.727472662925720215e-01
9.983963370323181152e-01
9.630502462387084961e-01
9.210613369941711426e-01
