2.582725467733465452e-01
1.597500390444810681e-01
1.723530833707907495e-01
2.604468750695769774e-01
1.499907655569796272e-01
9.546689429687550688e-02
1.520716963658252652e-01
1.867008436663756821e-01
2.880422829005580554e-01
3.048120128850524413e-01
2.135215554959498940e-01
2.155534479265602821e-01
2.073462979169562459e-01
4.592024683952331543e-01
1.425669555006047196e-01
1.536344780201593929e-01
2.466310508674583735e-01
2.302077849879144433e-01
1.963818936223665768e-01
2.055140167044905430e-01
3.289354369335342199e-01
2.751055695116519928e-01
2.653229324720226545e-01
3.090887649987752450e-01
3.635091694215169533e-01
2.563459410403783334e-01
3.519347004878979335e-01
3.785005976947454220e-01
2.985063526116741306e-01
3.422977044963492754e-01
2.570197176940452466e-01
3.739569486620334393e-01
3.699919910331328499e-01
3.752430346436225195e-01
3.239164040065728445e-01
3.869928369620957986e-01
2.969358487484546893e-01
2.147339609308311636e-01
1.395093182621237049e-01
2.700310206900422560e-01
3.231313794564742436e-01
2.104470012015484115e-01
2.478801637458113438e-01
2.151037330309358842e-01
2.659137218545835624e-01
3.558241908389251362e-01
3.329889585729688406e-01
2.976767261548397547e-01
3.467620438347624456e-01
3.012628968661794082e-01
1.810531194651747999e-01
2.829104077574391973e-01
2.318464993284298781e-01
3.559867451683833006e-01
4.695909562019201511e-01
2.892989763058722019e-01
3.024376812390983105e-01
3.585258985833486567e-01
3.749659715327792187e-01
2.356973462379895745e-01
2.258209977298974991e-01
2.197244766239936642e-01
2.541254536750224835e-01
4.206488447693678134e-01
3.089652311307592991e-01
3.153261134687524447e-01
3.452250854685329218e-01
3.158564007462700829e-01
3.440298574815432442e-01
3.868948235736192620e-01
3.616857916259995087e-01
4.265594656507556426e-01
2.982335799875167615e-01
4.681851671865353004e-01
3.676409819521583300e-01
2.539153087866277692e-01
2.835967771422404637e-01
3.190688753787141452e-01
2.073766071206102068e-01
2.686106095386024406e-01
3.340633222116873857e-01
3.146989776824529184e-01
2.694788390161612646e-01
3.229793112438458791e-01
2.730121780007790933e-01
3.067014801244323241e-01
1.948570904250328251e-01
2.876127058496841804e-01
2.904023337536133509e-01
2.517100592287114247e-01
2.924290837433475843e-01
3.662753833027986294e-01
3.759978888825011856e-01
3.621934959306739588e-01
3.646809799739947899e-01
3.700560812766735541e-01
3.765032924711704254e-01
3.684484830770928254e-01
3.494895304051729434e-01
4.359682578450211898e-01
3.394298626069660041e-01
