9.986405372619628906e-01
9.820439815521240234e-01
7.006096839904785156e-01
9.715986251831054688e-01
8.164184689521789551e-01
9.127796888351440430e-01
9.794228672981262207e-01
9.917966127395629883e-01
9.897661805152893066e-01
9.378628730773925781e-01
9.858785271644592285e-01
9.969840645790100098e-01
9.979203343391418457e-01
1.921030282974243164e-01
9.948580265045166016e-01
6.252508759498596191e-01
9.470469951629638672e-01
9.481583833694458008e-01
9.556784033775329590e-01
9.896082878112792969e-01
9.965376853942871094e-01
9.929485321044921875e-01
9.584106802940368652e-01
9.950785636901855469e-01
9.989880919456481934e-01
9.998453855514526367e-01
1.318259816616773605e-02
1.849892782047390938e-03
9.993191957473754883e-01
2.393931150436401367e-02
1.535566803067922592e-02
9.994202852249145508e-01
9.968675374984741211e-01
9.936574697494506836e-01
9.908311367034912109e-01
9.950282573699951172e-01
9.999237060546875000e-01
9.999888539314270020e-01
9.999876022338867188e-01
5.455380305647850037e-03
5.322837736457586288e-03
9.915161132812500000e-01
8.062142133712768555e-01
2.094484306871891022e-02
9.623633623123168945e-01
9.798074960708618164e-01
9.873319864273071289e-01
9.919260740280151367e-01
9.675995111465454102e-01
9.988708496093750000e-01
9.999208450317382812e-01
9.999914169311523438e-01
8.761317133903503418e-01
7.599317003041505814e-03
9.982415437698364258e-01
8.705073595046997070e-01
8.806271553039550781e-01
9.781812429428100586e-01
9.953470826148986816e-01
9.963820576667785645e-01
9.953257441520690918e-01
9.764329195022583008e-01
9.978913068771362305e-01
9.994779229164123535e-01
9.999461770057678223e-01
4.423525631427764893e-01
6.647069007158279419e-02
9.995323419570922852e-01
9.994858503341674805e-01
9.836524128913879395e-01
7.656501978635787964e-02
6.399239301681518555e-01
9.803326129913330078e-01
4.072431921958923340e-01
1.877479517133906484e-04
2.107165567576885223e-02
7.456518709659576416e-02
7.650693506002426147e-02
4.966191053390502930e-01
1.092568337917327881e-01
9.996243119239807129e-01
5.138070583343505859e-01
9.928012490272521973e-01
3.162394762039184570e-01
9.826869368553161621e-01
2.754440903663635254e-01
6.152676343917846680e-01
9.919377565383911133e-01
9.930774569511413574e-01
7.291908562183380127e-02
2.627768516540527344e-01
7.044401168823242188e-01
9.624695777893066406e-01
9.983851313591003418e-01
9.919945597648620605e-01
9.909155368804931641e-01
9.889617562294006348e-01
9.677224755287170410e-01
9.938372373580932617e-01
6.119704246520996094e-01
9.720232486724853516e-01
9.977473616600036621e-01
9.993311166763305664e-01
9.995388984680175781e-01
8.206624388694763184e-01
7.121131420135498047e-01
9.985241889953613281e-01
7.559210658073425293e-01
9.760024547576904297e-01
9.084743261337280273e-01
9.752417802810668945e-01
9.953591227531433105e-01
9.954595565795898438e-01
9.760872721672058105e-01
5.351206064224243164e-01
9.974383711814880371e-01
9.998693466186523438e-01
9.389612674713134766e-01
9.943235516548156738e-01
9.967379570007324219e-01
9.933995008468627930e-01
9.983872771263122559e-01
9.794453978538513184e-01
9.286382198333740234e-01
9.485066533088684082e-01
9.332785606384277344e-01
7.316776514053344727e-01
6.507486701011657715e-01
3.559227287769317627e-01
8.350681066513061523e-01
8.617368936538696289e-01
9.878368377685546875e-01
9.959506988525390625e-01
9.989655017852783203e-01
9.991293549537658691e-01
9.861072301864624023e-01
9.318844079971313477e-01
9.726524949073791504e-01
8.023077845573425293e-01
3.631338775157928467e-01
9.416851997375488281e-01
2.683021873235702515e-02
1.921542435884475708e-01
5.004507303237915039e-01
9.836038351058959961e-01
9.975392222404479980e-01
9.980031847953796387e-01
9.985294938087463379e-01
9.930000305175781250e-01
9.290258288383483887e-01
9.854696989059448242e-01
9.668518304824829102e-01
4.322223961353302002e-01
9.492370486259460449e-01
9.776513576507568359e-01
2.755096852779388428e-01
9.050443172454833984e-01
9.593039155006408691e-01
9.992786049842834473e-01
7.770418524742126465e-01
9.727615118026733398e-01
9.805952906608581543e-01
9.661815762519836426e-01
9.954464435577392578e-01
9.950740933418273926e-01
9.565369486808776855e-01
9.644634723663330078e-01
9.948077797889709473e-01
9.985511898994445801e-01
6.884877085685729980e-01
9.740817546844482422e-01
8.209210038185119629e-01
1.510091722011566162e-01
7.365612983703613281e-01
9.249420762062072754e-01
9.865778088569641113e-01
9.347376823425292969e-01
8.170650601387023926e-01
8.839782476425170898e-01
9.931436181068420410e-01
9.995589256286621094e-01
9.998299479484558105e-01
9.982404112815856934e-01
4.967097640037536621e-01
8.893181383609771729e-02
8.424260616302490234e-01
9.908509254455566406e-01
1.561040873639285564e-03
9.061359614133834839e-02
6.234143674373626709e-02
9.473796486854553223e-01
4.811393097043037415e-03
9.135328233242034912e-02
1.134501770138740540e-01
1.478417962789535522e-01
4.329565167427062988e-02
1.224508322775363922e-02
9.816918373107910156e-01
2.549993433058261871e-02
1.249343343079090118e-02
9.775312542915344238e-01
9.832640290260314941e-01
9.888689517974853516e-01
9.791789650917053223e-01
9.692310094833374023e-01
9.861851334571838379e-01
9.903151988983154297e-01
9.929288029670715332e-01
9.311097860336303711e-01
3.795009106397628784e-03
9.845769405364990234e-01
9.817882776260375977e-01
4.131016135215759277e-02
9.651676416397094727e-01
9.935723543167114258e-01
9.877739548683166504e-01
9.490957856178283691e-01
9.556093811988830566e-01
9.992132186889648438e-01
9.999397993087768555e-01
9.999958872795104980e-01
9.858456254005432129e-01
7.743719220161437988e-01
9.893357753753662109e-01
9.986406564712524414e-01
9.892203807830810547e-01
9.893707633018493652e-01
1.145163923501968384e-01
4.995840489864349365e-01
9.922645688056945801e-01
1.591327972710132599e-02
5.948729440569877625e-02
4.765096679329872131e-02
5.873697623610496521e-02
9.861142635345458984e-01
1.309472620487213135e-01
9.906472563743591309e-01
9.442043900489807129e-01
9.906971454620361328e-01
8.153879642486572266e-01
9.695915579795837402e-01
6.036334037780761719e-01
9.915831685066223145e-01
9.861130118370056152e-01
9.865366220474243164e-01
5.790496617555618286e-02
8.808834552764892578e-01
9.721468091011047363e-01
7.182385921478271484e-01
9.869033098220825195e-01
8.323130607604980469e-01
9.775533080101013184e-01
9.857307672500610352e-01
9.650082588195800781e-01
9.918489456176757812e-01
3.484527468681335449e-01
9.570968747138977051e-01
9.989634156227111816e-01
9.994966983795166016e-01
9.997954368591308594e-01
9.781719446182250977e-01
1.983223557472229004e-01
9.858908653259277344e-01
9.836078286170959473e-01
9.817548394203186035e-01
9.633418917655944824e-01
9.582282900810241699e-01
9.924383163452148438e-01
9.920923113822937012e-01
9.536859989166259766e-01
9.931170344352722168e-01
9.982816576957702637e-01
9.996596574783325195e-01
9.344694018363952637e-01
9.888738393783569336e-01
9.803990125656127930e-01
9.970786571502685547e-01
9.957984685897827148e-01
9.952605366706848145e-01
9.305728673934936523e-01
9.786326289176940918e-01
9.926776289939880371e-01
9.524850249290466309e-01
7.817069888114929199e-01
8.610478043556213379e-01
9.797115325927734375e-01
4.352442622184753418e-01
9.745787978172302246e-01
9.783465862274169922e-01
9.970878362655639648e-01
9.965642094612121582e-01
9.929252862930297852e-01
9.410161375999450684e-01
9.868401288986206055e-01
9.938312172889709473e-01
8.024116158485412598e-01
9.305115342140197754e-01
1.882203221321105957e-01
6.225386261940002441e-01
5.781206488609313965e-01
9.732252359390258789e-01
9.817671179771423340e-01
9.956217408180236816e-01
9.959287643432617188e-01
9.928733706474304199e-01
9.477928876876831055e-01
9.892985224723815918e-01
9.947795271873474121e-01
8.066634535789489746e-01
9.322848916053771973e-01
9.755883812904357910e-01
5.058557987213134766e-01
9.817463159561157227e-01
1.234929561614990234e-01
9.853203892707824707e-01
8.862305283546447754e-01
9.377807974815368652e-01
9.927984476089477539e-01
9.520256519317626953e-01
9.820852875709533691e-01
9.958640336990356445e-01
9.822931289672851562e-01
9.387580752372741699e-01
9.949795603752136230e-01
9.996090531349182129e-01
9.996092319488525391e-01
9.938001632690429688e-01
9.599575996398925781e-01
9.996664524078369141e-01
8.573446273803710938e-01
7.162817120552062988e-01
9.673074483871459961e-01
9.858088493347167969e-01
9.906167984008789062e-01
4.742958247661590576e-01
9.592804312705993652e-01
9.997703433036804199e-01
9.998503923416137695e-01
8.771257400512695312e-01
9.872464537620544434e-01
9.902752041816711426e-01
8.825551867485046387e-01
9.867093563079833984e-01
9.917799830436706543e-01
9.774804115295410156e-01
9.699043631553649902e-01
3.480335474014282227e-01
9.848796725273132324e-01
9.934431910514831543e-01
9.285628199577331543e-01
9.862481355667114258e-01
7.359746098518371582e-02
5.970043689012527466e-02
9.711582064628601074e-01
1.468633264303207397e-01
2.429078798741102219e-03
9.443114995956420898e-01
9.929826259613037109e-01
9.895550012588500977e-01
9.649290442466735840e-01
9.364694952964782715e-01
9.977483153343200684e-01
9.995625019073486328e-01
9.997903108596801758e-01
9.757069945335388184e-01
9.628962278366088867e-01
9.808202385902404785e-01
9.761058688163757324e-01
9.608676433563232422e-01
9.730997681617736816e-01
9.848367571830749512e-01
9.472233653068542480e-01
9.887135624885559082e-01
9.681199193000793457e-01
9.985628724098205566e-01
9.996921420097351074e-01
9.999800920486450195e-01
9.868056774139404297e-01
9.735075831413269043e-01
9.734658002853393555e-01
9.710791110992431641e-01
9.904658198356628418e-01
9.776827692985534668e-01
9.740789532661437988e-01
9.787531495094299316e-01
9.900882840156555176e-01
5.368093252182006836e-01
9.447409510612487793e-01
9.990222454071044922e-01
9.961429238319396973e-01
9.895839095115661621e-01
9.837273359298706055e-01
9.687789678573608398e-01
9.714208841323852539e-01
9.993908405303955078e-01
8.016059398651123047e-01
9.865761995315551758e-01
9.837668538093566895e-01
9.962705969810485840e-01
9.883772134780883789e-01
9.789192676544189453e-01
6.414943337440490723e-01
2.602159082889556885e-01
9.826295971870422363e-01
9.782696366310119629e-01
9.767355322837829590e-01
9.660688042640686035e-01
9.866610765457153320e-01
9.890086650848388672e-01
9.779839515686035156e-01
9.529686570167541504e-01
9.614393115043640137e-01
9.682844877243041992e-01
9.989668726921081543e-01
9.991020560264587402e-01
9.984760880470275879e-01
9.867212176322937012e-01
9.584663510322570801e-01
6.198303699493408203e-01
8.773836493492126465e-01
9.955834746360778809e-01
9.502090215682983398e-01
3.819628357887268066e-01
5.861291885375976562e-01
9.650068879127502441e-01
9.708679318428039551e-01
9.682888984680175781e-01
9.407003521919250488e-01
9.691946506500244141e-01
7.058469653129577637e-01
8.367823958396911621e-01
9.901486635208129883e-01
9.889838099479675293e-01
9.887297153472900391e-01
9.907728433609008789e-01
9.594365358352661133e-01
9.809154868125915527e-01
9.902950525283813477e-01
9.892152547836303711e-01
9.323064088821411133e-01
9.730260968208312988e-01
9.982526302337646484e-01
6.822617053985595703e-01
7.870969176292419434e-01
9.901798963546752930e-01
9.901198148727416992e-01
9.947466850280761719e-01
9.928181767463684082e-01
9.671870470046997070e-01
9.919921755790710449e-01
9.968368411064147949e-01
9.520213007926940918e-01
9.563741683959960938e-01
5.159659981727600098e-01
9.770223498344421387e-01
8.883458375930786133e-01
9.207606315612792969e-01
9.892929196357727051e-01
9.874129891395568848e-01
9.924245476722717285e-01
9.931370019912719727e-01
9.711192846298217773e-01
9.928042888641357422e-01
9.906496405601501465e-01
9.876075387001037598e-01
9.548447132110595703e-01
9.970313310623168945e-01
9.832336902618408203e-01
9.730764627456665039e-01
9.536815881729125977e-01
9.872074127197265625e-01
9.815579652786254883e-01
9.784021377563476562e-01
9.798357486724853516e-01
9.690696597099304199e-01
8.727385401725769043e-01
9.912207126617431641e-01
9.889116287231445312e-01
9.583931565284729004e-01
9.963516592979431152e-01
9.997921586036682129e-01
9.992931485176086426e-01
9.993653893470764160e-01
9.886483550071716309e-01
2.404763363301753998e-02
9.998661279678344727e-01
5.469122901558876038e-03
2.798064947128295898e-01
9.654662013053894043e-01
9.999276995658874512e-01
1.075616688467562199e-03
7.733332365751266479e-02
8.583492636680603027e-01
8.250112533569335938e-01
9.985371828079223633e-01
9.904927611351013184e-01
9.847444891929626465e-01
6.240364313125610352e-01
9.912754893302917480e-01
8.095558881759643555e-01
8.389066457748413086e-01
3.239773213863372803e-02
5.724487453699111938e-02
9.319703578948974609e-01
8.585254549980163574e-01
3.350523710250854492e-01
8.252022266387939453e-01
9.993132948875427246e-01
9.886866807937622070e-01
9.576370120048522949e-01
2.395579516887664795e-01
5.571377873420715332e-01
8.027420639991760254e-01
8.579968810081481934e-01
9.771541357040405273e-01
1.068844348192214966e-01
9.960179328918457031e-01
8.000682592391967773e-01
9.878975152969360352e-01
9.910358190536499023e-01
9.996950626373291016e-01
9.912281036376953125e-01
9.600330591201782227e-01
1.773138642311096191e-01
5.976636409759521484e-01
9.987196922302246094e-01
1.980954557657241821e-01
9.780993461608886719e-01
8.732086420059204102e-01
9.665453433990478516e-01
9.805469512939453125e-01
9.101943373680114746e-01
6.569508910179138184e-01
9.885661005973815918e-01
9.188898801803588867e-01
6.209251284599304199e-01
7.398302666842937469e-03
1.086467802524566650e-01
9.758233428001403809e-01
1.234313938766717911e-03
4.264286905527114868e-02
9.997035861015319824e-01
8.100672364234924316e-01
4.272930920124053955e-01
9.825811982154846191e-01
9.996504187583923340e-01
9.994297027587890625e-01
9.904793500900268555e-01
9.597891569137573242e-01
2.222841680049896240e-01
1.895003616809844971e-01
9.993948340415954590e-01
3.441460430622100830e-01
8.193511366844177246e-01
9.995849132537841797e-01
9.730045795440673828e-01
1.132149174809455872e-01
5.658528581261634827e-02
7.596620917320251465e-02
9.995228052139282227e-01
9.887688159942626953e-01
9.429241418838500977e-01
3.384819924831390381e-01
3.168463706970214844e-01
9.980254769325256348e-01
4.689418673515319824e-01
6.990155577659606934e-02
1.372088342905044556e-01
9.945886731147766113e-01
8.804119825363159180e-01
9.788390398025512695e-01
9.607237577438354492e-01
9.997017383575439453e-01
9.928011894226074219e-01
9.605979323387145996e-01
7.536408901214599609e-01
9.884291291236877441e-01
9.588441848754882812e-01
2.972326008602976799e-03
2.333280891180038452e-01
9.909959435462951660e-01
9.974217414855957031e-01
6.553910672664642334e-02
8.615942597389221191e-01
9.758243560791015625e-01
9.997243285179138184e-01
9.952154755592346191e-01
9.836140871047973633e-01
9.395430684089660645e-01
9.881625771522521973e-01
9.992511272430419922e-01
9.720575809478759766e-02
9.576763510704040527e-01
9.906136393547058105e-01
9.959905743598937988e-01
9.256594814360141754e-03
6.555656790733337402e-01
9.989434480667114258e-01
9.996183514595031738e-01
9.941247701644897461e-01
9.864406585693359375e-01
9.168204069137573242e-01
9.580491185188293457e-01
9.983367323875427246e-01
5.599795579910278320e-01
9.772685766220092773e-01
9.828366637229919434e-01
9.988293647766113281e-01
4.679747223854064941e-01
9.717226624488830566e-01
9.993784427642822266e-01
9.997689127922058105e-01
9.929869771003723145e-01
9.660961031913757324e-01
7.778397798538208008e-01
1.246905773878097534e-01
9.984753727912902832e-01
5.600486993789672852e-01
5.519218444824218750e-01
9.810079932212829590e-01
9.994563460350036621e-01
9.973877668380737305e-01
9.849528670310974121e-01
9.962464570999145508e-01
9.472227096557617188e-01
9.778832197189331055e-01
9.854258298873901367e-01
9.883773326873779297e-01
4.609809517860412598e-01
9.883809685707092285e-01
8.533228635787963867e-01
9.753952622413635254e-01
9.537345170974731445e-01
9.806777238845825195e-01
9.909809231758117676e-01
9.932747483253479004e-01
9.883824586868286133e-01
9.819141030311584473e-01
9.873657822608947754e-01
9.774813055992126465e-01
9.645937681198120117e-01
9.509780406951904297e-01
9.837734699249267578e-01
9.527153372764587402e-01
2.686174213886260986e-01
9.431796073913574219e-01
9.873309731483459473e-01
9.834800958633422852e-01
8.468229770660400391e-01
9.383053183555603027e-01
9.928414821624755859e-01
9.926532506942749023e-01
9.784246683120727539e-01
5.135283470153808594e-01
8.133294582366943359e-01
9.931353330612182617e-01
1.333333253860473633e-01
9.753642082214355469e-01
9.923379421234130859e-01
2.183533459901809692e-01
3.118869662284851074e-02
2.155768722295761108e-01
9.326085448265075684e-01
9.908477663993835449e-01
9.932852387428283691e-01
9.819120764732360840e-01
9.793415665626525879e-01
9.772844910621643066e-01
9.931364655494689941e-01
9.932475686073303223e-01
9.786827564239501953e-01
9.950576424598693848e-01
9.903604388236999512e-01
9.672724604606628418e-01
1.929941475391387939e-01
6.424779891967773438e-01
9.825969934463500977e-01
9.844835996627807617e-01
9.633623957633972168e-01
8.436272740364074707e-01
2.162595279514789581e-02
9.856213331222534180e-01
9.611876010894775391e-01
2.026259340345859528e-02
9.873101711273193359e-01
9.835405945777893066e-01
9.782775044441223145e-01
8.588510751724243164e-01
9.695979207754135132e-02
9.878948330879211426e-01
9.916020631790161133e-01
9.776468873023986816e-01
9.667564034461975098e-01
9.514415264129638672e-01
9.910585880279541016e-01
9.762989282608032227e-01
5.789593458175659180e-01
2.364647984504699707e-01
9.891571402549743652e-01
9.640376567840576172e-01
3.288191556930541992e-01
2.278197407722473145e-01
9.769453406333923340e-01
9.905908107757568359e-01
9.816286563873291016e-01
9.916802048683166504e-01
9.016709923744201660e-01
9.891052842140197754e-01
9.931427836418151855e-01
9.856027960777282715e-01
2.602278292179107666e-01
9.232088327407836914e-01
7.614023685455322266e-01
8.892866969108581543e-01
9.713611602783203125e-01
9.856283068656921387e-01
9.904386401176452637e-01
9.891142249107360840e-01
9.910541772842407227e-01
9.676108956336975098e-01
9.862999320030212402e-01
9.927496314048767090e-01
9.910727143287658691e-01
1.906747519969940186e-01
9.860881567001342773e-01
9.865416288375854492e-01
6.968089193105697632e-02
4.662750661373138428e-01
8.800682425498962402e-01
9.809875488281250000e-01
9.854689836502075195e-01
9.909403920173645020e-01
9.514061808586120605e-01
9.859577417373657227e-01
9.923748373985290527e-01
9.854716658592224121e-01
9.604082703590393066e-01
9.571640491485595703e-01
9.873484969139099121e-01
9.940678477287292480e-01
4.479115307331085205e-01
9.872791767120361328e-01
9.910922050476074219e-01
9.838701486587524414e-01
9.835552573204040527e-01
9.783728718757629395e-01
9.910349845886230469e-01
9.921017885208129883e-01
9.751171469688415527e-01
4.579334855079650879e-01
9.860873222351074219e-01
9.882552623748779297e-01
9.930782914161682129e-01
9.866300821304321289e-01
9.827201366424560547e-01
9.760485887527465820e-01
9.718153476715087891e-01
9.669162631034851074e-01
5.189360976219177246e-01
9.789148569107055664e-01
9.906549453735351562e-01
6.568070650100708008e-01
9.336347579956054688e-01
9.746929407119750977e-01
9.991854429244995117e-01
9.995868802070617676e-01
9.996271133422851562e-01
9.861006736755371094e-01
9.680957794189453125e-01
8.965443968772888184e-01
6.845488548278808594e-01
7.422914505004882812e-01
9.636281728744506836e-01
9.598754048347473145e-01
3.447025418281555176e-01
9.649471938610076904e-02
9.601295590400695801e-01
9.631656408309936523e-01
9.624033570289611816e-01
5.644615888595581055e-01
9.869443178176879883e-01
9.739832878112792969e-01
9.231677651405334473e-01
9.645317196846008301e-01
6.684626340866088867e-01
9.646258354187011719e-01
9.808781147003173828e-01
1.876098103821277618e-03
2.037749290466308594e-01
9.865427017211914062e-01
9.790271520614624023e-01
1.503193974494934082e-01
5.817189440131187439e-02
9.817197322845458984e-01
9.764078259468078613e-01
9.595775008201599121e-01
9.691354632377624512e-01
9.435542821884155273e-01
9.778111577033996582e-01
9.797114133834838867e-01
7.984960079193115234e-01
9.517480731010437012e-01
9.831598997116088867e-01
9.996153712272644043e-01
9.990102648735046387e-01
9.932055473327636719e-01
9.861153960227966309e-01
9.696049094200134277e-01
9.380020499229431152e-01
5.826187133789062500e-01
4.956306815147399902e-01
9.500601887702941895e-01
8.526188731193542480e-01
9.412549138069152832e-01
6.317446231842041016e-01
9.731470942497253418e-01
5.125874876976013184e-01
7.841343283653259277e-01
6.063921451568603516e-01
9.834443926811218262e-01
9.746893048286437988e-01
9.780767560005187988e-01
9.875391721725463867e-01
9.855552315711975098e-01
9.569588303565979004e-01
9.715805053710937500e-01
9.983194470405578613e-01
9.968271851539611816e-01
9.860285520553588867e-01
9.033912420272827148e-01
9.604920148849487305e-01
9.608551859855651855e-01
9.769418835639953613e-01
9.730325937271118164e-01
9.821043610572814941e-01
9.896404743194580078e-01
9.817313551902770996e-01
3.761014938354492188e-01
9.746803045272827148e-01
9.952252507209777832e-01
9.955141544342041016e-01
9.911587834358215332e-01
9.662044048309326172e-01
5.808912515640258789e-01
9.692255854606628418e-01
9.749767780303955078e-01
9.643163084983825684e-01
9.808694720268249512e-01
9.887931942939758301e-01
4.225087463855743408e-01
5.149196982383728027e-01
9.746298193931579590e-01
9.902804493904113770e-01
9.205377697944641113e-01
9.921494722366333008e-01
9.615724086761474609e-01
9.990445375442504883e-01
8.776704072952270508e-01
9.853574633598327637e-01
9.765734076499938965e-01
9.585469961166381836e-01
9.717984795570373535e-01
9.726581573486328125e-01
9.794661402702331543e-01
9.725571870803833008e-01
9.884192347526550293e-01
9.908132553100585938e-01
6.786842942237854004e-01
9.715420007705688477e-01
9.988480806350708008e-01
9.995803236961364746e-01
9.887776970863342285e-01
9.706366658210754395e-01
9.222409725189208984e-01
7.189961671829223633e-01
8.395392298698425293e-01
9.709899425506591797e-01
6.893000006675720215e-01
9.878726601600646973e-01
8.855094909667968750e-01
9.954742789268493652e-01
9.435650110244750977e-01
9.984699487686157227e-01
9.947134852409362793e-01
9.881238937377929688e-01
9.795392751693725586e-01
9.509066343307495117e-01
9.907717108726501465e-01
2.816720902919769287e-01
9.863138198852539062e-01
9.770891070365905762e-01
9.869382977485656738e-01
9.860979318618774414e-01
9.778215885162353516e-01
9.846847057342529297e-01
9.189412593841552734e-01
9.595230221748352051e-01
9.795436859130859375e-01
9.671434164047241211e-01
9.344959259033203125e-01
9.321298003196716309e-01
9.361975193023681641e-01
9.658297300338745117e-01
9.603329896926879883e-01
9.537510275840759277e-01
6.280114757828414440e-05
9.721609950065612793e-01
9.793277382850646973e-01
9.850659370422363281e-01
9.948533177375793457e-01
9.857959151268005371e-01
9.634930491447448730e-01
9.064429998397827148e-01
9.206413626670837402e-01
9.612424373626708984e-01
9.573848843574523926e-01
9.092708826065063477e-01
9.587816596031188965e-01
9.913972020149230957e-01
9.944186210632324219e-01
9.970893859863281250e-01
9.982623457908630371e-01
9.914576411247253418e-01
9.880865216255187988e-01
9.744498133659362793e-01
9.471315741539001465e-01
9.823268055915832520e-01
9.821339249610900879e-01
9.815932512283325195e-01
9.747694730758666992e-01
9.788079857826232910e-01
9.918041825294494629e-01
8.178319334983825684e-01
9.356373548507690430e-01
9.922092556953430176e-01
9.881687164306640625e-01
9.868681430816650391e-01
9.789429903030395508e-01
9.590831995010375977e-01
9.833269119262695312e-01
9.802827239036560059e-01
9.866635799407958984e-01
9.710446596145629883e-01
9.868286252021789551e-01
9.947616457939147949e-01
9.864822030067443848e-01
9.747267961502075195e-01
6.301691532135009766e-01
9.851707220077514648e-01
9.847108721733093262e-01
9.785568118095397949e-01
9.630732536315917969e-01
9.768128395080566406e-01
9.735339283943176270e-01
9.836675524711608887e-01
9.783394336700439453e-01
9.904484152793884277e-01
9.925832748413085938e-01
9.936562180519104004e-01
9.731979370117187500e-01
9.990431070327758789e-01
6.902159452438354492e-01
9.813658595085144043e-01
9.491004347801208496e-01
8.507615327835083008e-01
9.863240718841552734e-01
9.744991064071655273e-01
9.646013379096984863e-01
9.640598893165588379e-01
9.787120819091796875e-01
9.922390580177307129e-01
9.764011502265930176e-01
9.582825899124145508e-01
9.962303042411804199e-01
9.996705651283264160e-01
9.890874028205871582e-01
9.716799855232238770e-01
8.941520452499389648e-01
1.996979489922523499e-02
4.669586941599845886e-02
6.581294536590576172e-02
9.977322220802307129e-01
4.733912944793701172e-01
9.997013807296752930e-01
7.937701940536499023e-01
7.500701397657394409e-02
9.979971051216125488e-01
9.999929666519165039e-01
9.928693771362304688e-01
9.775864481925964355e-01
9.401769042015075684e-01
9.370095133781433105e-01
8.926731348037719727e-01
9.306919574737548828e-01
9.981251955032348633e-01
9.439616203308105469e-01
9.988751411437988281e-01
9.742174744606018066e-01
9.808992147445678711e-01
9.438312053680419922e-01
7.507270574569702148e-01
9.895809292793273926e-01
9.696457982063293457e-01
9.022974371910095215e-01
4.964487552642822266e-01
6.544705033302307129e-01
9.644103050231933594e-01
9.809691309928894043e-01
2.021645754575729370e-01
9.696449637413024902e-01
9.905217289924621582e-01
8.250131607055664062e-01
9.878805279731750488e-01
8.747863769531250000e-01
9.926116466522216797e-01
9.798932075500488281e-01
9.513088464736938477e-01
9.422526359558105469e-01
9.553491473197937012e-01
9.845079183578491211e-01
9.888660907745361328e-01
1.782630085945129395e-01
9.544462561607360840e-01
9.941832423210144043e-01
1.558695882558822632e-01
9.882920980453491211e-01
9.994832277297973633e-01
9.928227066993713379e-01
9.835148453712463379e-01
9.706462621688842773e-01
9.464780092239379883e-01
9.619008898735046387e-01
9.323984980583190918e-01
9.900618791580200195e-01
8.708795309066772461e-01
9.808367490768432617e-01
9.938302040100097656e-01
1.896548718214035034e-01
7.879757881164550781e-01
9.978410005569458008e-01
9.914395809173583984e-01
9.759002327919006348e-01
9.308550357818603516e-01
8.863281607627868652e-01
9.505882263183593750e-01
8.690582513809204102e-01
9.812815189361572266e-01
8.145158886909484863e-01
9.765146374702453613e-01
9.898928999900817871e-01
9.723414182662963867e-01
9.802629947662353516e-01
9.989135265350341797e-01
9.909857511520385742e-01
9.856520891189575195e-01
9.657997488975524902e-01
9.783474802970886230e-01
9.718860983848571777e-01
9.865942597389221191e-01
9.988009929656982422e-01
9.859207272529602051e-01
9.989253878593444824e-01
9.882660508155822754e-01
9.836367964744567871e-01
3.224526643753051758e-01
2.777213789522647858e-02
9.927592277526855469e-01
9.757263660430908203e-01
8.714231252670288086e-01
3.670474290847778320e-01
5.171375274658203125e-01
4.038749039173126221e-01
9.937956929206848145e-01
3.935162723064422607e-01
6.585019230842590332e-01
8.319748640060424805e-01
3.183147013187408447e-01
9.826626777648925781e-01
9.784961342811584473e-01
9.933964014053344727e-01
9.855194687843322754e-01
9.452736973762512207e-01
6.058304905891418457e-01
9.710627198219299316e-01
9.756984114646911621e-01
9.981100559234619141e-01
9.043079614639282227e-02
9.624291062355041504e-01
9.987361431121826172e-01
1.014230772852897644e-03
9.166032671928405762e-01
9.997503757476806641e-01
9.933530092239379883e-01
9.868243932723999023e-01
9.745267033576965332e-01
6.990939974784851074e-01
5.630924105644226074e-01
9.725081920623779297e-01
9.985269308090209961e-01
7.746816873550415039e-01
3.478810489177703857e-01
9.992295503616333008e-01
9.750027656555175781e-01
5.317957997322082520e-01
9.994430541992187500e-01
9.902821779251098633e-01
9.862279295921325684e-01
9.804148077964782715e-01
9.875680804252624512e-01
9.804351329803466797e-01
9.920136332511901855e-01
9.926233887672424316e-01
9.779742956161499023e-01
8.561820983886718750e-01
9.961889386177062988e-01
9.878137111663818359e-01
9.874797463417053223e-01
9.886739850044250488e-01
9.937566518783569336e-01
9.803155064582824707e-01
9.213044047355651855e-01
8.302202820777893066e-01
8.978833556175231934e-01
9.737441539764404297e-01
9.951159954071044922e-01
9.630953669548034668e-01
4.173942506313323975e-01
9.968249201774597168e-01
9.835599660873413086e-01
6.490645408630371094e-01
9.758818745613098145e-01
9.906958341598510742e-01
9.786948561668395996e-01
9.426271915435791016e-01
5.860686898231506348e-01
8.178090453147888184e-01
9.734330177307128906e-01
9.919519424438476562e-01
6.773746609687805176e-01
9.489481449127197266e-01
9.830952882766723633e-01
9.895172119140625000e-01
9.863290786743164062e-01
9.065467119216918945e-01
9.891484379768371582e-01
9.830518364906311035e-01
9.730423688888549805e-01
9.848783016204833984e-01
9.826101660728454590e-01
9.885938763618469238e-01
9.983891248703002930e-01
9.800312519073486328e-01
9.805684089660644531e-01
9.980245232582092285e-01
9.694182872772216797e-01
3.611766397953033447e-01
5.506113171577453613e-01
9.863209724426269531e-01
9.850124716758728027e-01
9.762437343597412109e-01
9.641223549842834473e-01
9.800963401794433594e-01
9.845572710037231445e-01
9.976934790611267090e-01
9.505106210708618164e-01
8.901028037071228027e-01
9.980874061584472656e-01
9.363860487937927246e-01
6.937961280345916748e-02
1.197787299752235413e-01
9.827284216880798340e-01
9.790998697280883789e-01
9.726307988166809082e-01
8.870418071746826172e-01
9.588782191276550293e-01
9.785674810409545898e-01
9.960097074508666992e-01
9.405778646469116211e-01
8.323741555213928223e-01
9.954085350036621094e-01
9.734312295913696289e-01
9.512126445770263672e-01
8.188738673925399780e-02
9.908613562583923340e-01
9.824069738388061523e-01
9.489937424659729004e-01
9.673207402229309082e-01
9.754911661148071289e-01
9.841377139091491699e-01
9.973648190498352051e-01
9.622868299484252930e-01
7.605786919593811035e-01
9.964190125465393066e-01
9.843536615371704102e-01
9.993925690650939941e-01
9.991806745529174805e-01
9.877018928527832031e-01
9.745653271675109863e-01
9.525483250617980957e-01
9.802010059356689453e-01
9.841079711914062500e-01
9.813452363014221191e-01
9.677703976631164551e-01
9.366675019264221191e-01
9.266390800476074219e-01
9.543487429618835449e-01
7.239149212837219238e-01
9.938160777091979980e-01
9.897496700286865234e-01
9.903022050857543945e-01
9.791770577430725098e-01
9.670413732528686523e-01
9.863954782485961914e-01
9.856367111206054688e-01
9.861385226249694824e-01
9.772270917892456055e-01
9.487116336822509766e-01
9.651924371719360352e-01
9.302126169204711914e-01
9.775549173355102539e-01
8.642891049385070801e-01
8.027828931808471680e-01
9.853823781013488770e-01
9.655969738960266113e-01
9.450916647911071777e-01
9.778572916984558105e-01
9.807364344596862793e-01
9.717691540718078613e-01
9.556283354759216309e-01
9.470960497856140137e-01
9.689351916313171387e-01
9.504200220108032227e-01
9.730468988418579102e-01
9.981037378311157227e-01
9.998251795768737793e-01
9.905861020088195801e-01
9.813598990440368652e-01
9.781730175018310547e-01
9.901415109634399414e-01
9.924817681312561035e-01
9.864367842674255371e-01
9.931921362876892090e-01
9.043639302253723145e-01
7.126780152320861816e-01
8.457651138305664062e-01
9.349075555801391602e-01
3.330146968364715576e-01
9.790381789207458496e-01
9.856806993484497070e-01
8.563498854637145996e-01
7.989307045936584473e-01
9.918034672737121582e-01
9.922983646392822266e-01
9.939171075820922852e-01
9.931642413139343262e-01
9.604283571243286133e-01
9.655926823616027832e-01
9.724405407905578613e-01
8.830512166023254395e-01
6.567960977554321289e-01
7.568665146827697754e-01
9.874096512794494629e-01
9.686492085456848145e-01
9.565590620040893555e-01
9.877536892890930176e-01
9.878781437873840332e-01
9.822601675987243652e-01
9.820447564125061035e-01
9.568182826042175293e-01
9.902245998382568359e-01
9.531012177467346191e-01
9.402878284454345703e-01
9.672781825065612793e-01
9.756448864936828613e-01
3.963362276554107666e-01
5.827813148498535156e-01
8.850805163383483887e-01
9.912328124046325684e-01
9.648536443710327148e-01
9.921647310256958008e-01
9.943547844886779785e-01
9.726712107658386230e-01
9.935743212699890137e-01
9.887110590934753418e-01
9.284598231315612793e-01
9.699941873550415039e-01
5.671814680099487305e-01
9.675340056419372559e-01
9.798339009284973145e-01
9.595441222190856934e-01
9.921599030494689941e-01
9.877525568008422852e-01
9.857975840568542480e-01
9.849113821983337402e-01
9.661491513252258301e-01
9.927548170089721680e-01
9.578372836112976074e-01
9.424879550933837891e-01
9.670013189315795898e-01
9.104537963867187500e-01
9.930178523063659668e-01
9.826443195343017578e-01
9.537258744239807129e-01
7.405069470405578613e-01
9.408617019653320312e-01
9.819403290748596191e-01
9.918475747108459473e-01
2.742048203945159912e-01
9.298043847084045410e-01
9.551079869270324707e-01
9.892051219940185547e-01
9.688427448272705078e-01
9.374715089797973633e-01
