9.432094188836904758e-01
8.918856107271634359e-01
6.945655011536123746e-01
7.474819176400510079e-01
8.901608878961548843e-01
4.436838568709880470e-01
5.863429113076283894e-01
9.368721109170180528e-01
8.958672055831322645e-01
8.680842725130227810e-01
7.738749803258822002e-01
8.451611032852759386e-01
9.588528458888714301e-01
8.392995618856869955e-01
3.751162574895156032e-01
6.879022526912964564e-01
8.302267844287248844e-01
5.780722038963665987e-01
7.949418821013890524e-01
9.025806326132553847e-01
9.214302301406860352e-01
9.514395686296316379e-01
8.338551200353182535e-01
8.976769493176386394e-01
9.040757096730746012e-01
9.156607595773843533e-01
9.157110819449791883e-01
6.983921003098098046e-01
9.782019578493558187e-01
9.455878917987530219e-01
8.884714039472433322e-01
9.797380566596984863e-01
8.592572945814865859e-01
9.480547584020174723e-01
9.072786982242877496e-01
9.729741857602045574e-01
9.715568331571725613e-01
6.172045869484114045e-01
7.136878388432356113e-01
7.893945975945546589e-01
7.914072607572262275e-01
6.064170961124966119e-01
5.955946660385682545e-01
6.980911779862183364e-01
7.524377605340515363e-01
8.162125160631078513e-01
9.085676945172823649e-01
8.408368997848950643e-01
9.295415007151089926e-01
9.051198615477635823e-01
6.755904211447789631e-01
8.981462006385509955e-01
7.436697600552668597e-01
7.821505436530480360e-01
8.935272120512448568e-01
8.148637706270585035e-01
9.307365990602053385e-01
9.457236941044147027e-01
9.191954181744501629e-01
7.763417030756289972e-01
6.801773728802800179e-01
9.625501953638516683e-01
7.864547234315139024e-01
9.725967553945688016e-01
9.040347612821139078e-01
8.894053124464474935e-01
9.572957708285405598e-01
9.158527346757742160e-01
9.206479489803314209e-01
8.892996064902175535e-01
9.642829528221716906e-01
9.642269840607275988e-01
9.541808733573327039e-01
9.598338145476120742e-01
9.670959986173189860e-01
6.403838631052237718e-01
9.432034033995407851e-01
8.313718610084973593e-01
8.511789933993265667e-01
8.922185565416629327e-01
9.475301825083218832e-01
8.603877065559992765e-01
7.142485265548412787e-01
8.033734741978920679e-01
8.319968879222869873e-01
9.772213789132925266e-01
8.906277899558727729e-01
9.056224364500778945e-01
9.030418877418224799e-01
8.337147574012095941e-01
8.869113939312788242e-01
9.652913808822631836e-01
9.502597038562481391e-01
9.508201571611257785e-01
9.707299470901489258e-01
8.940106699099907850e-01
9.082553753486046766e-01
9.719930520424475695e-01
8.636458539045773763e-01
9.687859828655536187e-01
8.953216282220987088e-01
