1.959324926137924194e-01
6.121339797973632812e-01
1.963335722684860229e-01
8.612482994794845581e-02
3.771474212408065796e-02
2.720477581024169922e-01
1.976586580276489258e-01
2.141175121068954468e-01
4.092939198017120361e-01
4.674425348639488220e-02
3.341173753142356873e-02
7.714384049177169800e-02
4.189622700214385986e-01
1.058429703116416931e-01
3.005175590515136719e-01
7.150017470121383667e-02
2.469205111265182495e-01
2.963908202946186066e-02
2.251460403203964233e-01
6.911064684391021729e-02
5.377283096313476562e-01
3.745611906051635742e-01
6.650332361459732056e-03
1.995614171028137207e-01
2.293941974639892578e-01
8.140887022018432617e-01
1.328845246462151408e-04
2.821274846792221069e-02
6.082292795181274414e-01
2.430583164095878601e-02
2.895151823759078979e-02
5.848634243011474609e-01
1.380396932363510132e-01
4.663182497024536133e-01
2.757918834686279297e-01
5.873135328292846680e-01
1.601392328739166260e-01
3.867533802986145020e-01
4.202640652656555176e-01
1.287341816350817680e-03
1.688407734036445618e-02
4.176315367221832275e-01
1.472588330507278442e-01
3.379217386245727539e-01
4.404163062572479248e-01
1.700973697006702423e-02
7.353165745735168457e-01
1.167747005820274353e-01
6.353555712848901749e-03
5.750248432159423828e-01
8.753974735736846924e-02
1.999294385313987732e-03
7.441018708050251007e-03
1.649131812155246735e-02
3.115890324115753174e-01
2.130771726369857788e-01
1.673323959112167358e-01
2.280465960502624512e-01
5.480315685272216797e-01
8.522896468639373779e-02
2.913985634222626686e-03
1.165730282664299011e-01
2.417788952589035034e-01
2.768666446208953857e-01
4.707798361778259277e-01
2.459288516547530890e-04
1.032078787684440613e-01
5.872010588645935059e-01
2.196568846702575684e-01
1.666621491312980652e-02
1.792482137680053711e-01
1.033588964492082596e-02
2.049849778413772583e-01
3.873012214899063110e-02
6.757570430636405945e-03
1.273491233587265015e-02
1.026827171444892883e-01
2.156879901885986328e-01
3.224654495716094971e-02
4.144950304180383682e-03
8.052295446395874023e-01
4.075590372085571289e-01
2.642100751399993896e-01
1.473941951990127563e-01
3.986549377441406250e-01
9.664150886237621307e-03
4.045244306325912476e-02
3.350578546524047852e-01
2.156236171722412109e-01
4.492185115814208984e-01
1.273589581251144409e-01
6.013529375195503235e-03
9.218396991491317749e-02
6.042819023132324219e-01
2.558327317237854004e-01
2.275286614894866943e-02
4.992553591728210449e-02
2.614870667457580566e-01
8.038862943649291992e-01
8.837348222732543945e-02
7.527101319283246994e-03
2.077833563089370728e-01
2.060879617929458618e-01
2.166015654802322388e-01
4.374851286411285400e-02
1.300984248518943787e-02
9.042587280273437500e-01
1.769494414329528809e-01
7.570535689592361450e-02
7.842954993247985840e-02
2.907890453934669495e-02
2.059557437896728516e-01
3.562158644199371338e-01
8.515978232026100159e-03
2.367148697376251221e-01
7.994418144226074219e-01
1.929014772176742554e-01
2.209245925769209862e-03
1.818061433732509613e-02
4.120730161666870117e-01
4.170447885990142822e-01
2.604223191738128662e-01
4.864846915006637573e-02
4.074871838092803955e-01
2.154514789581298828e-01
4.518380463123321533e-01
3.270024657249450684e-01
1.153830345720052719e-02
1.834548115730285645e-01
4.541833102703094482e-01
2.475908026099205017e-03
1.533259898424148560e-01
6.185750961303710938e-01
2.243667244911193848e-01
3.158387541770935059e-02
6.550901383161544800e-02
3.968824446201324463e-01
2.014383822679519653e-01
3.738926053047180176e-01
3.901569843292236328e-01
2.551718652248382568e-01
8.769977837800979614e-03
2.179520279169082642e-01
1.835681847296655178e-03
3.244611620903015137e-02
6.103439927101135254e-01
1.911203861236572266e-01
1.668593138456344604e-01
9.839915670454502106e-03
6.648278236389160156e-01
4.556479156017303467e-01
3.147283196449279785e-01
2.095915824174880981e-01
7.304692175239324570e-03
1.879042945802211761e-03
2.718886919319629669e-02
9.329640120267868042e-02
2.957346476614475250e-02
2.917458415031433105e-01
4.124240875244140625e-01
1.492796279489994049e-02
2.315734140574932098e-02
6.372366547584533691e-01
4.886465370655059814e-01
2.115515321493148804e-01
4.204187989234924316e-01
1.478409171104431152e-01
2.003690153360366821e-01
2.152107208967208862e-01
2.388142049312591553e-01
4.560585916042327881e-01
5.262091159820556641e-01
2.381249666213989258e-01
1.474564969539642334e-01
2.352647036314010620e-01
6.782988309860229492e-01
1.228044629096984863e-01
3.494189977645874023e-01
1.345872995443642139e-03
1.602378673851490021e-02
6.052103638648986816e-01
9.341435432434082031e-01
8.046216964721679688e-01
6.679311860352754593e-03
1.144235208630561829e-01
2.298995554447174072e-01
2.058791816234588623e-01
2.141274884343147278e-02
3.242729306221008301e-01
3.164036273956298828e-01
2.784138917922973633e-01
2.426039427518844604e-02
1.439764648675918579e-01
1.729398965835571289e-01
8.407877385616302490e-02
1.746819019317626953e-01
2.074215561151504517e-01
4.008701443672180176e-01
1.473189145326614380e-01
2.659431993961334229e-01
4.003683030605316162e-01
1.701401919126510620e-01
1.465322729200124741e-02
2.236345410346984863e-01
2.048080116510391235e-01
3.811263442039489746e-01
2.322134077548980713e-01
2.656991481781005859e-01
3.888495862483978271e-01
2.340480536222457886e-01
4.003016650676727295e-01
4.907025024294853210e-02
2.009409368038177490e-01
6.295315027236938477e-01
6.123324632644653320e-01
4.789538085460662842e-01
2.350753098726272583e-01
2.102764695882797241e-02
2.166205346584320068e-01
3.878676295280456543e-01
3.986651599407196045e-01
4.747883379459381104e-01
2.147633731365203857e-01
9.504425525665283203e-01
4.723956286907196045e-01
2.149899601936340332e-01
2.597077488899230957e-01
3.184623271226882935e-02
5.759162306785583496e-01
4.092371165752410889e-01
5.217186640948057175e-03
1.866860985755920410e-01
1.753602921962738037e-01
4.523751884698867798e-02
5.538034439086914062e-01
1.281059980392456055e-01
2.060061693191528320e-01
9.341682195663452148e-01
8.243113011121749878e-02
2.825957536697387695e-01
3.894239962100982666e-01
2.117039710283279419e-01
2.285793423652648926e-01
8.981223404407501221e-02
1.978274881839752197e-01
5.919796973466873169e-02
1.442440301179885864e-01
6.038941144943237305e-01
7.843154016882181168e-04
5.975198745727539062e-01
3.759974241256713867e-01
2.068686783313751221e-01
4.602088630199432373e-01
2.783926203846931458e-03
2.060247063636779785e-01
1.257065981626510620e-01
1.939856112003326416e-01
4.335207343101501465e-01
3.326323032379150391e-01
2.388250082731246948e-01
8.620992898941040039e-01
4.361475631594657898e-02
5.966632366180419922e-01
2.500920295715332031e-01
2.197932451963424683e-01
9.084790199995040894e-02
7.332627773284912109e-01
5.176620483398437500e-01
1.657076179981231689e-01
3.903363347053527832e-01
2.139832973480224609e-01
7.383488118648529053e-02
5.775083899497985840e-01
5.237432718276977539e-01
1.111360490322113037e-01
9.886750578880310059e-01
2.179034650325775146e-01
2.133212983608245850e-01
1.526242792606353760e-01
1.914750188589096069e-01
4.766757786273956299e-02
5.928606390953063965e-01
8.737283945083618164e-02
2.120902091264724731e-01
4.114863276481628418e-01
3.836947977542877197e-01
3.171304464340209961e-01
2.025987207889556885e-01
4.003494977951049805e-01
3.995777070522308350e-01
2.208866029977798462e-01
2.269979864358901978e-01
2.774576842784881592e-01
7.286155223846435547e-01
3.458401262760162354e-01
4.699542522430419922e-01
3.693546950817108154e-01
9.675647318363189697e-02
1.171504855155944824e-01
6.477583646774291992e-01
5.938073247671127319e-02
5.608518123626708984e-01
4.502065777778625488e-01
2.191627770662307739e-01
4.592565819621086121e-02
5.771502256393432617e-01
4.828417301177978516e-01
5.932580232620239258e-01
4.661755263805389404e-01
4.040798246860504150e-01
3.906158506870269775e-01
8.648319542407989502e-02
2.544753849506378174e-01
2.334955185651779175e-01
6.085519790649414062e-01
8.321917057037353516e-01
1.522143781185150146e-01
2.659446895122528076e-01
3.972655534744262695e-01
1.682496219873428345e-01
3.695487678050994873e-01
1.666186004877090454e-01
1.974606812000274658e-01
5.993219614028930664e-01
2.225114032626152039e-02
6.216729283332824707e-01
2.092906236648559570e-01
4.580148160457611084e-01
4.003953337669372559e-01
1.356267463415861130e-02
6.830250378698110580e-03
2.303409203886985779e-02
2.424551546573638916e-02
2.284032702445983887e-01
5.732191726565361023e-03
1.728614792227745056e-02
9.120273590087890625e-02
3.811292648315429688e-01
1.494352966547012329e-01
2.616370022296905518e-01
7.128109931945800781e-01
2.486069649457931519e-01
2.355416417121887207e-01
5.412464141845703125e-01
3.572693467140197754e-02
6.884068250656127930e-02
3.127552568912506104e-01
1.908849775791168213e-01
2.454826049506664276e-02
5.161432027816772461e-01
4.679421484470367432e-01
5.985568165779113770e-01
3.953337371349334717e-01
3.478034138679504395e-01
3.754771947860717773e-01
3.049732744693756104e-01
3.779273927211761475e-01
6.116689443588256836e-01
2.367127388715744019e-01
1.164361387491226196e-01
3.981695175170898438e-01
2.583513855934143066e-01
7.657563686370849609e-01
2.032352536916732788e-01
5.947184562683105469e-01
1.128436997532844543e-01
1.990475058555603027e-01
5.005799531936645508e-01
3.096973598003387451e-01
2.124680671840906143e-03
2.099008411169052124e-01
5.912883281707763672e-01
3.675419688224792480e-01
1.414287984371185303e-01
2.183426618576049805e-01
3.411177098751068115e-01
6.105440258979797363e-01
7.914033532142639160e-01
2.185523808002471924e-01
4.147087335586547852e-01
4.667587876319885254e-01
1.070818603038787842e-01
3.317181766033172607e-01
6.102424487471580505e-02
5.649353265762329102e-01
4.930993020534515381e-01
1.164267770946025848e-02
4.622596316039562225e-03
1.258695721626281738e-01
3.267991244792938232e-01
4.045375585556030273e-01
2.366758184507489204e-03
4.380586147308349609e-01
5.951266288757324219e-01
3.991632163524627686e-01
4.235524833202362061e-01
3.879901766777038574e-02
2.971587479114532471e-01
2.974013984203338623e-01
1.143839582800865173e-02
1.983355134725570679e-01
6.197502613067626953e-01
6.353983879089355469e-01
2.118494063615798950e-01
2.382628470659255981e-01
2.072709202766418457e-01
3.278334140777587891e-01
3.385161757469177246e-01
1.782302260398864746e-01
2.237112820148468018e-01
3.995512127876281738e-01
2.506917715072631836e-01
8.200975134968757629e-03
2.216347604990005493e-01
5.090554952621459961e-01
3.456456661224365234e-01
5.161563158035278320e-01
4.181579649448394775e-01
5.993859171867370605e-01
4.747943580150604248e-01
5.535860061645507812e-01
2.877766191959381104e-01
3.861683607101440430e-01
6.171716451644897461e-01
5.112043023109436035e-01
2.018706947565078735e-01
7.129396498203277588e-02
7.606186866760253906e-01
6.091661453247070312e-01
7.670864462852478027e-01
2.998356223106384277e-01
1.758383363485336304e-01
4.195631295442581177e-02
6.174274682998657227e-01
2.245500087738037109e-01
1.992328613996505737e-01
2.139083594083786011e-01
2.302148640155792236e-01
5.206259489059448242e-01
9.482961148023605347e-02
4.443733990192413330e-01
7.291595339775085449e-01
5.979369878768920898e-01
4.239923954010009766e-01
6.655761599540710449e-01
2.442458420991897583e-01
5.329006314277648926e-01
3.661401867866516113e-01
4.170682746917009354e-03
3.456755280494689941e-01
5.172199010848999023e-01
2.924404144287109375e-01
9.140608459711074829e-02
2.756417691707611084e-01
3.875039219856262207e-01
4.082933366298675537e-01
2.740058302879333496e-01
3.682707250118255615e-01
3.699375689029693604e-01
2.670769095420837402e-01
3.017100095748901367e-01
5.753349661827087402e-01
6.708709001541137695e-01
6.799409985542297363e-01
7.645972371101379395e-01
2.809485234320163727e-02
3.964931517839431763e-02
5.084138512611389160e-01
5.932482481002807617e-01
5.456205010414123535e-01
5.893431305885314941e-01
2.658424973487854004e-01
1.399480849504470825e-01
6.050168871879577637e-01
3.738726675510406494e-02
2.464450299739837646e-01
6.506580710411071777e-01
3.505948483943939209e-01
3.816987872123718262e-01
5.233013629913330078e-01
2.455006539821624756e-01
2.785082757472991943e-01
6.122383475303649902e-01
1.669090539216995239e-01
5.905293822288513184e-01
1.438183709979057312e-02
2.431381866335868835e-02
3.661216050386428833e-02
4.626867175102233887e-02
4.503631591796875000e-01
1.771935448050498962e-02
2.130121737718582153e-02
1.424263566732406616e-01
1.993034183979034424e-01
6.043096184730529785e-01
6.143492460250854492e-01
2.859171945601701736e-03
5.435891747474670410e-01
2.316222935914993286e-01
1.094973366707563400e-02
2.425699383020401001e-01
2.768157795071601868e-02
2.889422476291656494e-01
7.537075784057378769e-03
2.665804699063301086e-02
1.612580120563507080e-01
3.045197427272796631e-01
7.475069165229797363e-01
3.900411427021026611e-01
7.487662136554718018e-03
1.201294809579849243e-01
3.225638568401336670e-01
1.594116389751434326e-01
3.498606085777282715e-01
1.612842231988906860e-01
2.256646603345870972e-01
4.022852983325719833e-03
3.628906011581420898e-01
9.712680429220199585e-02
3.326047956943511963e-01
6.300135850906372070e-01
7.644582390785217285e-01
3.414422571659088135e-01
3.013999462127685547e-01
2.432872354984283447e-01
3.393549025058746338e-01
2.482640892267227173e-01
3.862055540084838867e-01
3.535697460174560547e-01
1.280424278229475021e-02
4.348625242710113525e-02
4.300279021263122559e-01
4.248017370700836182e-01
6.118151545524597168e-01
3.634914457798004150e-01
4.281838890165090561e-03
5.735189318656921387e-01
5.478033423423767090e-01
2.240518182516098022e-01
3.001593798398971558e-02
4.291685670614242554e-02
2.319921404123306274e-01
7.041315734386444092e-02
2.036282978951931000e-02
2.091208249330520630e-01
5.620341747999191284e-02
1.012475043535232544e-01
1.657073646783828735e-01
5.905846133828163147e-03
2.036513090133666992e-01
3.158014118671417236e-01
2.012456953525543213e-01
1.207170076668262482e-03
1.366411708295345306e-02
1.845584809780120850e-01
1.918629929423332214e-02
8.178314194083213806e-03
6.159840896725654602e-02
1.534581780433654785e-01
6.513256430625915527e-01
2.016878426074981689e-01
3.582501113414764404e-01
8.561123162508010864e-02
2.209311723709106445e-01
2.204332798719406128e-01
2.828415948897600174e-03
2.176139056682586670e-01
7.230850458145141602e-01
7.586742751300334930e-03
3.136978717520833015e-03
4.127712249755859375e-01
1.045723855495452881e-01
8.060318231582641602e-01
6.139066219329833984e-01
6.732849776744842529e-02
2.991002611815929413e-02
4.487660229206085205e-01
4.161692857742309570e-01
6.878424435853958130e-03
7.055406272411346436e-02
3.604296445846557617e-01
4.101876914501190186e-01
1.767358556389808655e-02
1.327596604824066162e-01
5.760572552680969238e-01
5.371409654617309570e-01
2.871142625808715820e-01
3.161148428916931152e-01
1.782498657703399658e-01
5.984754562377929688e-01
1.977456510066986084e-01
7.301763445138931274e-02
3.593423962593078613e-02
4.820607006549835205e-01
3.103092014789581299e-01
1.079601142555475235e-02
6.087988242506980896e-02
4.576557874679565430e-01
4.358039796352386475e-01
5.498144030570983887e-01
4.154296219348907471e-02
6.869131326675415039e-02
4.213812053203582764e-01
3.964059650897979736e-01
1.240754127502441406e-01
2.038499861955642700e-01
3.959606885910034180e-01
5.331509113311767578e-01
5.550295580178499222e-03
5.996048450469970703e-03
2.704592347145080566e-01
8.100911378860473633e-01
4.681992828845977783e-01
3.414283990859985352e-01
8.477528393268585205e-02
2.817559838294982910e-01
4.075176715850830078e-01
1.755728386342525482e-02
1.903985887765884399e-01
5.507345199584960938e-01
4.967067241668701172e-01
1.026647351682186127e-02
2.523326501250267029e-02
5.151443928480148315e-02
6.566370129585266113e-01
2.032704055309295654e-01
1.007012575864791870e-01
3.919028639793395996e-01
2.909860573709011078e-02
4.310978055000305176e-01
7.698716968297958374e-02
2.680751681327819824e-01
3.278402388095855713e-01
3.023710548877716064e-01
2.075411528348922729e-01
2.099168747663497925e-01
4.955566525459289551e-01
7.892695665359497070e-01
6.060000061988830566e-01
3.542155027389526367e-02
7.658615708351135254e-01
2.370621263980865479e-01
4.143186211585998535e-01
2.537552416324615479e-01
2.372231632471084595e-01
2.072506248950958252e-01
9.396180510520935059e-02
1.052385894581675529e-03
2.291624546051025391e-01
4.079546928405761719e-01
1.560845077037811279e-01
3.496999666094779968e-02
2.442468404769897461e-01
3.685263097286224365e-01
1.538167893886566162e-01
5.918585062026977539e-01
1.030195690691471100e-02
1.211446449160575867e-01
5.682599544525146484e-01
3.263257443904876709e-02
8.309799432754516602e-02
2.461179792881011963e-01
2.471629381179809570e-01
7.875121831893920898e-01
7.638005539774894714e-03
2.150474786758422852e-01
5.942921042442321777e-01
4.295707345008850098e-01
4.119543135166168213e-01
2.044555693864822388e-01
1.188334077596664429e-01
2.646387815475463867e-01
3.200070858001708984e-01
4.037684202194213867e-01
3.485535085201263428e-01
4.672661125659942627e-01
4.298273026943206787e-01
3.028211593627929688e-01
2.023398280143737793e-01
7.657244205474853516e-01
9.577550739049911499e-02
3.407804667949676514e-01
2.463900446891784668e-01
4.685160517692565918e-01
1.300234198570251465e-01
4.620255231857299805e-01
2.673480808734893799e-01
2.377405613660812378e-01
3.207842707633972168e-01
5.993106365203857422e-01
3.832401335239410400e-01
1.858568638563156128e-01
2.142353802919387817e-01
1.442447900772094727e-01
3.960745930671691895e-01
1.364145707339048386e-02
3.934832215309143066e-01
4.229606688022613525e-01
5.542140007019042969e-01
5.289680361747741699e-01
2.890481054782867432e-01
4.836601614952087402e-01
5.782157778739929199e-01
4.003972411155700684e-01
6.050658877938985825e-03
6.400299072265625000e-01
5.237328261137008667e-02
3.676110208034515381e-01
5.881975889205932617e-01
2.068243324756622314e-01
2.830463647842407227e-01
6.276447772979736328e-01
1.776773482561111450e-02
7.065831422805786133e-01
3.744546771049499512e-01
6.014626622200012207e-01
2.484481334686279297e-01
4.715540912002325058e-03
9.764078259468078613e-01
3.628107309341430664e-01
2.003786116838455200e-01
1.545317471027374268e-01
3.930881023406982422e-01
5.871412754058837891e-01
2.146493196487426758e-01
7.883478403091430664e-01
2.333450019359588623e-01
2.038144618272781372e-01
9.768254160881042480e-01
5.271518230438232422e-01
1.781436614692211151e-02
5.698190927505493164e-01
3.409408926963806152e-01
3.530982136726379395e-01
4.430816173553466797e-01
2.510744035243988037e-01
4.909454882144927979e-01
2.055017650127410889e-01
1.937277466058731079e-01
1.984583586454391479e-01
2.202309370040893555e-01
5.649548768997192383e-01
5.221073627471923828e-01
1.931609958410263062e-01
3.830905556678771973e-01
3.792636841535568237e-02
3.724915385246276855e-01
3.958465456962585449e-01
1.131091080605983734e-02
6.670131683349609375e-01
5.488407015800476074e-01
8.372716605663299561e-02
4.005213081836700439e-01
7.873857617378234863e-01
2.087029814720153809e-01
4.020771980285644531e-01
1.307786558754742146e-03
7.973439693450927734e-01
3.817016780376434326e-01
2.224937230348587036e-01
2.705153822898864746e-01
5.581033974885940552e-02
2.725356519222259521e-01
1.947807371616363525e-01
7.555054426193237305e-01
4.178933203220367432e-01
4.033212363719940186e-01
4.065918624401092529e-01
5.874428749084472656e-01
3.525647521018981934e-02
5.833619236946105957e-01
1.199059039354324341e-01
2.043162435293197632e-01
2.700104713439941406e-01
2.154999375343322754e-01
2.270409613847732544e-01
7.589214015752077103e-03
4.176641255617141724e-02
2.280275374650955200e-01
2.300335168838500977e-01
4.075357317924499512e-01
4.539570212364196777e-01
1.978854686021804810e-01
2.313969135284423828e-01
5.919709801673889160e-01
2.493267059326171875e-01
2.026772946119308472e-01
1.419297307729721069e-01
3.087619319558143616e-02
1.239022463560104370e-01
1.609308458864688873e-02
1.487094610929489136e-01
3.137131333351135254e-01
2.206243723630905151e-01
2.173076272010803223e-01
2.151831835508346558e-01
2.071174830198287964e-01
4.562703371047973633e-01
1.997614055871963501e-01
3.885347247123718262e-01
8.033288717269897461e-01
6.698424816131591797e-01
2.739002108573913574e-01
4.100039899349212646e-01
3.935447037220001221e-01
1.492693126201629639e-01
3.360659778118133545e-01
3.955694735050201416e-01
2.263630777597427368e-01
3.974491953849792480e-01
2.384752184152603149e-01
3.015612363815307617e-01
5.680368542671203613e-01
4.379655122756958008e-01
1.850888319313526154e-02
1.892468333244323730e-01
2.453805059194564819e-01
3.564541339874267578e-01
4.156231582164764404e-01
5.971786975860595703e-01
3.938000202178955078e-01
1.959803998470306396e-01
5.644514560699462891e-01
4.201459586620330811e-01
7.974624633789062500e-02
2.131967395544052124e-01
3.251957893371582031e-01
4.345850944519042969e-01
2.547947466373443604e-01
2.291768789291381836e-02
2.278730571269989014e-01
3.601106107234954834e-01
4.205912053585052490e-01
1.439300179481506348e-01
1.751637160778045654e-01
7.896306514739990234e-01
6.829714775085449219e-01
6.909032911062240601e-02
1.908048689365386963e-01
7.584588602185249329e-03
3.068971633911132812e-01
3.005270957946777344e-01
1.876370515674352646e-03
1.122429519891738892e-01
1.408381164073944092e-01
5.993933677673339844e-01
2.652439475059509277e-01
9.557661600410938263e-03
4.279599785804748535e-01
5.166955292224884033e-02
2.347181290388107300e-01
5.876797437667846680e-01
1.096287369728088379e-02
6.482279859483242035e-03
3.988677859306335449e-01
1.906630247831344604e-01
2.097782492637634277e-01
1.883153058588504791e-02
4.457547366619110107e-01
8.194842934608459473e-01
3.728193044662475586e-02
7.372820377349853516e-01
3.488542139530181885e-01
1.827677041292190552e-01
3.031050562858581543e-01
6.224259138107299805e-01
4.730184674263000488e-01
2.791807055473327637e-01
7.332344055175781250e-01
2.147548198699951172e-01
3.250584378838539124e-02
6.012511849403381348e-01
7.181312143802642822e-02
3.477849066257476807e-02
5.971484184265136719e-01
2.889180481433868408e-01
4.065120220184326172e-01
1.022324711084365845e-01
2.614287137985229492e-01
4.069001078605651855e-01
1.220907084643840790e-02
4.420601949095726013e-02
9.027940034866333008e-02
4.171776771545410156e-01
7.225502729415893555e-01
1.924333572387695312e-01
3.554199934005737305e-01
2.134652435779571533e-01
3.980345726013183594e-01
1.695316731929779053e-01
5.769596248865127563e-02
2.865635454654693604e-01
1.653028428554534912e-01
8.828228712081909180e-02
2.437428757548332214e-02
4.422016739845275879e-01
3.995219171047210693e-01
2.123120874166488647e-01
2.163003981113433838e-01
1.121220737695693970e-02
4.499433040618896484e-01
2.766464650630950928e-01
2.372797578573226929e-01
5.850100517272949219e-01
2.930246591567993164e-01
1.647704746574163437e-03
3.827663958072662354e-01
3.634140193462371826e-01
6.891876924782991409e-03
2.339264899492263794e-01
6.084080338478088379e-01
2.607082128524780273e-01
1.356860529631376266e-02
2.063295841217041016e-01
4.287527203559875488e-01
2.577329874038696289e-01
3.836030662059783936e-01
2.527133524417877197e-01
6.079186201095581055e-01
5.347326863557100296e-03
4.077942967414855957e-01
4.449602067470550537e-01
3.850340545177459717e-01
7.943105697631835938e-01
4.931724965572357178e-01
2.178114093840122223e-02
5.085521340370178223e-01
4.201033115386962891e-01
5.688452124595642090e-01
4.513973891735076904e-01
4.055179953575134277e-01
1.105256378650665283e-01
3.986255526542663574e-01
1.377384960651397705e-01
3.556984961032867432e-01
2.796535789966583252e-01
5.992377996444702148e-01
3.563060760498046875e-01
2.344676479697227478e-02
2.079752236604690552e-01
5.299165248870849609e-01
3.966398537158966064e-01
3.790161907672882080e-01
2.244017720222473145e-01
3.176214396953582764e-01
4.300535321235656738e-01
4.615653306245803833e-02
3.188967704772949219e-01
3.426716029644012451e-01
4.081731438636779785e-01
2.674709856510162354e-01
1.975666880607604980e-01
5.845907926559448242e-01
1.273191571235656738e-01
3.185377120971679688e-01
2.192716449499130249e-01
4.882839918136596680e-01
5.088730454444885254e-01
2.590339779853820801e-01
1.929705739021301270e-01
4.038516581058502197e-01
1.520441174507141113e-01
6.022444367408752441e-01
1.951203793287277222e-01
8.959790691733360291e-03
5.962501168251037598e-01
1.381756365299224854e-01
4.095352888107299805e-01
6.174557209014892578e-01
8.328477144241333008e-01
2.001640796661376953e-01
3.848914504051208496e-01
4.310739636421203613e-01
2.927287817001342773e-01
5.477556586265563965e-01
5.957325696945190430e-01
2.857634425163269043e-02
3.400341793894767761e-02
4.317672252655029297e-01
2.948062121868133545e-01
2.477968782186508179e-01
3.017008304595947266e-01
1.199423894286155701e-01
7.155190706253051758e-01
2.717444300651550293e-02
6.318665295839309692e-02
3.869346976280212402e-01
2.070072889328002930e-01
6.034899950027465820e-01
5.339734554290771484e-01
2.417569048702716827e-02
2.046668231487274170e-01
6.241492033004760742e-01
4.065484404563903809e-01
2.134142816066741943e-01
2.231465727090835571e-01
4.317103326320648193e-02
7.154799997806549072e-03
2.088932693004608154e-01
1.724720150232315063e-01
2.962617576122283936e-01
6.489958167076110840e-01
1.291068345308303833e-01
3.197838366031646729e-01
6.225895285606384277e-01
1.875914186239242554e-01
2.685407400131225586e-01
9.603103995323181152e-02
2.535305321216583252e-01
1.045742109417915344e-01
1.975761204957962036e-01
2.984073758125305176e-02
9.604778140783309937e-02
2.425191551446914673e-02
5.996462702751159668e-01
4.108896851539611816e-01
1.184389181435108185e-02
4.073473215103149414e-01
7.939952015876770020e-01
2.381272763013839722e-01
6.816816329956054688e-02
1.704103201627731323e-01
3.168016672134399414e-01
1.869162023067474365e-01
3.310424089431762695e-02
2.230637222528457642e-01
4.264097213745117188e-01
7.269775867462158203e-01
1.423142701387405396e-01
3.812641203403472900e-01
3.988257348537445068e-01
5.726304054260253906e-01
4.106449186801910400e-01
7.260754108428955078e-01
5.942118540406227112e-02
3.311698138713836670e-01
4.216427728533744812e-02
1.186960935592651367e-02
2.209538221359252930e-02
1.394039094448089600e-01
2.203356921672821045e-01
5.901158452033996582e-01
2.173635810613632202e-01
5.000346899032592773e-01
3.391698002815246582e-01
4.007724523544311523e-01
9.221363067626953125e-02
4.225149452686309814e-01
6.070424318313598633e-01
7.458581328392028809e-01
4.502300173044204712e-03
1.807282418012619019e-01
1.943031102418899536e-01
5.976072549819946289e-01
4.069923758506774902e-01
1.973304748535156250e-01
2.039553076028823853e-01
4.370991885662078857e-01
1.284661591053009033e-01
3.919574618339538574e-01
1.805577278137207031e-01
8.098223805427551270e-02
1.975292265415191650e-01
3.664492070674896240e-02
4.305882453918457031e-01
4.873844981193542480e-01
7.602619528770446777e-01
2.268136143684387207e-01
2.672738134860992432e-01
4.379437565803527832e-01
6.866004467010498047e-01
2.936154007911682129e-01
4.426928758621215820e-01
1.993373632431030273e-01
2.150881290435791016e-01
1.983019560575485229e-01
2.179672420024871826e-01
2.096214890480041504e-01
2.018449902534484863e-01
5.781230926513671875e-01
2.180715203285217285e-01
3.785379827022552490e-01
4.228667020797729492e-01
2.829750180244445801e-01
3.528567850589752197e-01
7.143090367317199707e-01
3.874916434288024902e-01
7.035832405090332031e-01
3.850085139274597168e-01
3.489480167627334595e-02
2.121211290359497070e-01
1.588868647813796997e-01
4.380124509334564209e-01
3.819725215435028076e-01
2.790415892377495766e-04
5.949980616569519043e-01
5.800523757934570312e-01
3.063668012619018555e-01
7.968983650207519531e-01
2.386723905801773071e-01
2.411605119705200195e-01
3.782840967178344727e-01
9.118317626416683197e-03
2.479992061853408813e-01
3.610481619834899902e-01
4.067024886608123779e-01
1.035747770220041275e-02
2.330374419689178467e-01
3.794071972370147705e-01
4.016736149787902832e-01
5.817707777023315430e-01
3.873079419136047363e-01
2.074586600065231323e-01
2.147394269704818726e-01
5.491867065429687500e-01
3.643074631690979004e-01
1.054128911346197128e-02
1.558109968900680542e-01
4.062122702598571777e-01
7.425798773765563965e-01
1.904080361127853394e-01
2.476307600736618042e-01
5.885952711105346680e-01
4.498444870114326477e-02
4.345306158065795898e-01
3.931385874748229980e-01
4.080981314182281494e-01
3.246639072895050049e-01
2.027144432067871094e-01
3.987911641597747803e-01
2.238510549068450928e-01
6.068345308303833008e-01
4.860938191413879395e-01
3.825574517250061035e-01
5.971178412437438965e-01
2.127793580293655396e-01
3.899192810058593750e-01
3.970541954040527344e-01
5.258574485778808594e-01
3.417038917541503906e-01
6.432949900627136230e-01
2.990486845374107361e-02
1.992711722850799561e-01
4.070046246051788330e-01
1.318736821413040161e-01
7.797222137451171875e-01
5.859419107437133789e-01
1.122363433241844177e-01
5.304630994796752930e-01
4.383105635643005371e-01
2.472077123820781708e-02
3.931961059570312500e-01
4.238773882389068604e-01
2.336898446083068848e-01
2.240870594978332520e-01
2.064333111047744751e-01
8.967135846614837646e-02
7.279173135757446289e-01
2.713366746902465820e-01
2.729239463806152344e-01
4.037615060806274414e-01
3.228355646133422852e-01
2.461960017681121826e-01
3.921021223068237305e-01
3.418787419795989990e-01
2.351498603820800781e-01
2.156112790107727051e-01
2.170296162366867065e-01
5.443039163947105408e-02
1.638742089271545410e-01
5.692595243453979492e-01
5.871080160140991211e-01
3.885620832443237305e-01
7.156795263290405273e-01
3.372133970260620117e-01
2.507558166980743408e-01
2.298570275306701660e-01
1.893785744905471802e-01
2.518709003925323486e-01
3.926176428794860840e-01
2.189079374074935913e-01
4.182829558849334717e-01
1.686237603425979614e-01
6.909479498863220215e-01
6.210957467555999756e-02
2.378752827644348145e-01
5.489935278892517090e-01
2.430107295513153076e-01
3.480985462665557861e-01
2.888492941856384277e-01
3.161061704158782959e-01
1.227572932839393616e-02
2.480091154575347900e-02
6.453013420104980469e-02
3.513578772544860840e-01
5.959059596061706543e-01
4.080420136451721191e-01
2.363447695970535278e-01
6.161642959341406822e-04
7.791049480438232422e-01
1.599856019020080566e-01
5.342245101928710938e-01
4.065977334976196289e-01
5.826863050460815430e-01
1.675331592559814453e-01
3.382006287574768066e-01
5.606003850698471069e-02
2.821179926395416260e-01
3.630251884460449219e-01
5.928319096565246582e-01
1.626733131706714630e-02
5.229461789131164551e-01
6.340459734201431274e-02
2.340702116489410400e-01
3.372524976730346680e-01
2.048199325799942017e-01
2.252998948097229004e-02
4.003265798091888428e-01
5.012984871864318848e-01
5.787767171859741211e-01
1.612928509712219238e-02
2.986903190612792969e-01
7.871043682098388672e-01
2.519468963146209717e-01
1.184480264782905579e-02
4.865695238113403320e-01
2.875283956527709961e-01
3.877789974212646484e-01
2.459134347736835480e-02
1.952640414237976074e-01
2.495696842670440674e-01
2.018310129642486572e-01
6.935161072760820389e-03
3.362898826599121094e-01
5.896028280258178711e-01
5.972706079483032227e-01
3.093204498291015625e-01
3.025038167834281921e-02
7.533760070800781250e-01
4.959838092327117920e-01
4.001703858375549316e-01
4.910467863082885742e-01
5.846753716468811035e-01
2.067934572696685791e-01
3.735333681106567383e-01
5.708616971969604492e-01
3.060886561870574951e-01
7.325420379638671875e-01
4.121228754520416260e-01
1.041441224515438080e-02
2.850213646888732910e-01
4.836619198322296143e-01
4.187773466110229492e-01
3.130983114242553711e-01
3.666327595710754395e-01
5.456943437457084656e-02
5.249681472778320312e-01
6.888524293899536133e-01
6.076501011848449707e-01
2.973342686891555786e-02
2.226500809192657471e-01
6.724361181259155273e-01
2.201055437326431274e-01
1.262431312352418900e-02
4.252643287181854248e-01
2.576815187931060791e-01
8.402349054813385010e-02
4.240637123584747314e-01
6.521897017955780029e-02
4.006872177124023438e-01
7.303665280342102051e-01
7.520114779472351074e-01
2.362221479415893555e-02
2.697286605834960938e-01
4.884492456912994385e-01
8.719621598720550537e-02
1.186444610357284546e-01
4.183844327926635742e-01
3.167284131050109863e-01
2.336183637380599976e-01
2.669451832771301270e-01
3.947851359844207764e-01
2.317539043724536896e-02
4.850597977638244629e-01
7.211439013481140137e-01
2.477810252457857132e-03
5.366070866584777832e-01
5.849685668945312500e-01
5.708675384521484375e-01
1.944635808467864990e-01
1.987687498331069946e-01
5.777787566184997559e-01
4.094226062297821045e-01
5.580607056617736816e-01
1.829246878623962402e-01
3.612988293170928955e-01
9.657778590917587280e-02
3.805392384529113770e-01
4.267850890755653381e-03
1.089501380920410156e-01
4.847309887409210205e-01
3.428970277309417725e-01
3.442448675632476807e-01
7.764066457748413086e-01
3.976055979728698730e-01
4.091054201126098633e-01
4.541602730751037598e-01
5.574160814285278320e-01
1.966591328382492065e-01
3.547774553298950195e-01
2.287104427814483643e-01
2.207444282248616219e-03
2.094040066003799438e-02
