2.152015051016440694e-01
2.469739333654825397e-01
2.853319787973305210e-01
2.231860220468101508e-01
2.066269582316566100e-01
1.306261815054592934e-01
2.489857554364089676e-01
2.171336433563668122e-01
2.400712372305301434e-01
2.468872348813769824e-01
2.261616073262233129e-01
2.072010501556528217e-01
2.451076365720767369e-01
3.499364567866835585e-01
2.097893841922856273e-01
2.376060685715996323e-01
3.271757344213815921e-01
3.089683290499334323e-01
2.698384420229838487e-01
2.906732428998041740e-01
3.642619851116950525e-01
3.180039100922070761e-01
3.209746308051623087e-01
3.833761768272289649e-01
3.282761525076169362e-01
1.908307573041663763e-01
2.897015212533565753e-01
3.838770905366310493e-01
3.230135376708438977e-01
3.014012412526286822e-01
3.354682294257844699e-01
2.661887809920769343e-01
4.621039216335003363e-01
3.506952902445426568e-01
3.649885004314665782e-01
4.043228077487303618e-01
3.980465668898362508e-01
2.000673118119056515e-01
2.359112215300019078e-01
2.523534803364712586e-01
3.476242837854303103e-01
2.296913612562303253e-01
1.104161615411822644e-01
2.469103061773169627e-01
3.043578924754491433e-01
2.727303462676130552e-01
2.655909543212216506e-01
2.873983887525705105e-01
2.846920202271296385e-01
3.290995238169741044e-01
2.198631532776814113e-01
3.518105927281655054e-01
3.284689721006613383e-01
3.545336960456691999e-01
3.730151158614227191e-01
3.822416349027592530e-01
3.683592400585229409e-01
3.821828661916347736e-01
3.372299574548378587e-01
2.428341026847752326e-01
2.392287665548232800e-01
3.542068233856788262e-01
3.174384661878530967e-01
3.146135772650058282e-01
2.570883502395680531e-01
2.316775481001688841e-01
4.022807791255987864e-01
2.565272881721074594e-01
2.704136638114085778e-01
2.515673398111875070e-01
3.279131590388715267e-01
3.804555393468875280e-01
3.209492372205624000e-01
3.175374991618670206e-01
4.044002321763680574e-01
2.657036938919470903e-01
2.739628721028566360e-01
2.291123471581018867e-01
2.989787449343846437e-01
3.049889711233285672e-01
3.473042195233014828e-01
2.905457753401536336e-01
3.351817715626496663e-01
3.715174100719965677e-01
3.519124848356183777e-01
3.001770371427902595e-01
3.543229667613139733e-01
4.014918056245033728e-01
3.210941270853464591e-01
2.973113251993289574e-01
3.629320894296352851e-01
2.911432067362161868e-01
3.318876195251225236e-01
2.914880028424354785e-01
2.936043798422011131e-01
4.501471550991901771e-01
3.398578930646181107e-01
3.336795457423879507e-01
3.148627260055106292e-01
3.252991565431540000e-01
3.515278290993032462e-01
