9.732794165611267090e-01
9.497277140617370605e-01
9.344155192375183105e-01
9.316251873970031738e-01
8.890358805656433105e-01
9.504326581954956055e-01
8.875023126602172852e-01
9.354417324066162109e-01
9.372541904449462891e-01
9.573728442192077637e-01
9.776480793952941895e-01
9.630733132362365723e-01
9.833584427833557129e-01
9.908273816108703613e-01
9.998607635498046875e-01
6.763499975204467773e-01
9.726892709732055664e-01
9.999992251396179199e-01
8.307727575302124023e-01
8.359140753746032715e-01
9.713058471679687500e-01
9.968326091766357422e-01
9.641695618629455566e-01
9.901945590972900391e-01
9.865555167198181152e-01
9.297739267349243164e-01
9.184683561325073242e-01
9.440627098083496094e-01
9.984678626060485840e-01
9.303274154663085938e-01
9.527311325073242188e-01
9.805278182029724121e-01
7.644320726394653320e-01
8.866170048713684082e-01
9.473502635955810547e-01
9.864561557769775391e-01
9.817939400672912598e-01
9.942394495010375977e-01
9.923201203346252441e-01
9.053767919540405273e-01
8.825925588607788086e-01
9.471238255500793457e-01
9.988862276077270508e-01
9.817226529121398926e-01
9.623672366142272949e-01
9.251670241355895996e-01
8.828705549240112305e-01
8.935577869415283203e-01
8.956575989723205566e-01
9.314470291137695312e-01
9.695265889167785645e-01
9.819552302360534668e-01
9.727470278739929199e-01
8.980489373207092285e-01
9.249917864799499512e-01
9.664226174354553223e-01
9.998201131820678711e-01
9.999991059303283691e-01
9.975798726081848145e-01
9.923509955406188965e-01
7.952156066894531250e-01
9.409042596817016602e-01
9.876743555068969727e-01
6.094798445701599121e-01
8.420745134353637695e-01
9.750316739082336426e-01
9.767987728118896484e-01
9.464048743247985840e-01
9.521715044975280762e-01
9.689845442771911621e-01
9.952772855758666992e-01
9.895248413085937500e-01
9.936904907226562500e-01
9.649838805198669434e-01
9.790676832199096680e-01
9.047600030899047852e-01
9.808866381645202637e-01
9.978599548339843750e-01
8.649014830589294434e-01
8.586061000823974609e-01
9.909487962722778320e-01
9.876633286476135254e-01
9.899131059646606445e-01
9.927857518196105957e-01
9.719620347023010254e-01
9.730206727981567383e-01
8.900219202041625977e-01
9.961909055709838867e-01
9.803327918052673340e-01
7.936961054801940918e-01
9.824582934379577637e-01
9.917362928390502930e-01
9.294010996818542480e-01
9.123164415359497070e-01
8.946500420570373535e-01
9.761313199996948242e-01
9.707907438278198242e-01
9.936189055442810059e-01
9.998744130134582520e-01
9.883027672767639160e-01
9.739962816238403320e-01
9.342795610427856445e-01
9.267745018005371094e-01
8.755081295967102051e-01
9.590230584144592285e-01
9.536961317062377930e-01
9.556325674057006836e-01
9.444192647933959961e-01
9.502533078193664551e-01
9.182326793670654297e-01
9.337267875671386719e-01
9.843400120735168457e-01
9.998200535774230957e-01
9.964536428451538086e-01
9.914206862449645996e-01
9.853919148445129395e-01
8.331108689308166504e-01
8.362123370170593262e-01
9.626638293266296387e-01
9.565270543098449707e-01
9.030823111534118652e-01
9.761294126510620117e-01
9.657413959503173828e-01
9.285265803337097168e-01
9.683679938316345215e-01
9.938039779663085938e-01
9.990488290786743164e-01
9.955235719680786133e-01
9.912137985229492188e-01
9.836036562919616699e-01
8.796820044517517090e-01
8.398064970970153809e-01
8.954758048057556152e-01
9.531100988388061523e-01
9.618171453475952148e-01
9.356051683425903320e-01
9.981449246406555176e-01
9.957382678985595703e-01
9.647672176361083984e-01
9.335090517997741699e-01
9.999482035636901855e-01
9.856380224227905273e-01
9.805064201354980469e-01
9.839448928833007812e-01
8.822239041328430176e-01
8.750107884407043457e-01
9.461920261383056641e-01
9.914386272430419922e-01
9.469078779220581055e-01
8.923122882843017578e-01
9.937540292739868164e-01
9.696695208549499512e-01
9.995649456977844238e-01
9.971911311149597168e-01
9.843339323997497559e-01
9.843332767486572266e-01
9.842697978019714355e-01
9.689438343048095703e-01
8.778678178787231445e-01
8.731326460838317871e-01
9.422087073326110840e-01
8.665555715560913086e-01
8.992679119110107422e-01
9.175263047218322754e-01
9.352917075157165527e-01
9.420481920242309570e-01
9.775267243385314941e-01
9.979562163352966309e-01
9.992137551307678223e-01
9.909068346023559570e-01
9.743459224700927734e-01
9.508137702941894531e-01
8.561018109321594238e-01
8.518860936164855957e-01
9.320564866065979004e-01
8.748603463172912598e-01
9.171944260597229004e-01
9.342769384384155273e-01
9.225342273712158203e-01
9.403197765350341797e-01
9.620994925498962402e-01
9.915122389793395996e-01
9.992628097534179688e-01
9.803890585899353027e-01
9.539910554885864258e-01
9.445021152496337891e-01
9.428789615631103516e-01
8.780732154846191406e-01
9.020726084709167480e-01
8.981210589408874512e-01
9.688367247581481934e-01
9.160141944885253906e-01
9.980137944221496582e-01
9.729593396186828613e-01
9.587954878807067871e-01
8.622872829437255859e-01
9.995237588882446289e-01
9.532864093780517578e-01
9.125645756721496582e-01
9.051471352577209473e-01
9.649382233619689941e-01
8.622967004776000977e-01
8.110767006874084473e-01
9.088231921195983887e-01
9.791687130928039551e-01
8.945537209510803223e-01
9.828398227691650391e-01
9.991713166236877441e-01
9.480830430984497070e-01
9.257809519767761230e-01
9.945530891418457031e-01
9.775173664093017578e-01
9.648231863975524902e-01
9.086896181106567383e-01
9.163386821746826172e-01
8.830434679985046387e-01
8.297304511070251465e-01
9.194427132606506348e-01
9.380930066108703613e-01
9.543185234069824219e-01
9.511885046958923340e-01
9.827210307121276855e-01
9.298292994499206543e-01
9.322891235351562500e-01
9.583722352981567383e-01
