7.921674847602844238e-01
1.590460389852523804e-01
9.736859239637851715e-03
8.195636421442031860e-02
4.238678514957427979e-01
3.690672814846038818e-01
8.599800616502761841e-02
5.662510395050048828e-01
4.928669333457946777e-01
4.458940625190734863e-01
8.378772735595703125e-01
1.045134514570236206e-01
1.678051985800266266e-02
7.506537437438964844e-01
8.497393131256103516e-01
1.880931085906922817e-03
6.011709956510458142e-06
5.979381799697875977e-01
1.818303912878036499e-01
2.173864468932151794e-02
1.438574865460395813e-02
3.270617127418518066e-01
1.988001912832260132e-02
4.813117980957031250e-01
2.877103984355926514e-01
9.541960433125495911e-03
2.247284650802612305e-01
4.326473474502563477e-01
5.296825766563415527e-01
6.887903809547424316e-01
1.905934810638427734e-01
4.850938916206359863e-01
4.457218647003173828e-01
2.831421792507171631e-01
2.465298958122730255e-02
1.933200508356094360e-01
1.599625200033187866e-01
3.277419805526733398e-01
7.570685148239135742e-01
5.390366911888122559e-02
2.377367466688156128e-01
5.395570397377014160e-01
6.229992508888244629e-01
7.927433252334594727e-01
2.124694585800170898e-01
5.634503364562988281e-01
7.023403048515319824e-02
5.765236616134643555e-01
2.885020673274993896e-01
5.990941524505615234e-01
3.446406126022338867e-01
2.458267360925674438e-01
7.144129276275634766e-01
2.281183451414108276e-01
2.867140173912048340e-01
4.872642457485198975e-01
9.055823683738708496e-01
8.684492707252502441e-01
3.659024536609649658e-01
3.218275904655456543e-01
4.826093018054962158e-01
3.017605245113372803e-01
1.845064312219619751e-01
1.745420508086681366e-02
3.281499147415161133e-01
3.700966536998748779e-01
7.974345088005065918e-01
9.404686093330383301e-02
1.727449148893356323e-01
2.127043753862380981e-01
5.267285704612731934e-01
8.623578548431396484e-01
2.868280708789825439e-01
2.607876667752861977e-03
6.093935966491699219e-01
4.814507067203521729e-02
2.522027194499969482e-01
1.768769919872283936e-01
4.915206506848335266e-02
3.804153203964233398e-01
4.834675192832946777e-01
1.823580563068389893e-01
1.152504682540893555e-01
4.171306192874908447e-01
7.647894620895385742e-01
6.174843907356262207e-01
3.543167114257812500e-01
3.684266209602355957e-01
3.309603333473205566e-01
4.518583416938781738e-01
2.019789367914199829e-01
3.898031115531921387e-01
2.704654932022094727e-01
2.164845764636993408e-01
2.859056591987609863e-01
9.974067658185958862e-02
3.188491463661193848e-01
5.340949296951293945e-01
5.968634486198425293e-01
5.108658075332641602e-01
4.043970406055450439e-01
1.807397156953811646e-01
2.680951356887817383e-01
5.795443430542945862e-02
4.330719411373138428e-01
3.984618782997131348e-01
4.356490969657897949e-01
4.347351789474487305e-01
5.576860308647155762e-01
3.693940937519073486e-01
2.776063978672027588e-01
6.013052463531494141e-01
6.072978973388671875e-01
6.032251119613647461e-01
6.411607265472412109e-01
2.862033545970916748e-01
6.297112703323364258e-01
2.622857689857482910e-01
5.317872166633605957e-01
3.997006416320800781e-01
4.180186092853546143e-01
3.196583390235900879e-01
3.324390649795532227e-01
2.523727307561784983e-04
2.350706234574317932e-02
3.690372407436370850e-01
2.999292314052581787e-01
5.895240306854248047e-01
4.372772574424743652e-01
1.005002111196517944e-01
7.301709055900573730e-01
2.700699865818023682e-01
2.992555201053619385e-01
2.351275682449340820e-01
4.871858954429626465e-01
3.666764795780181885e-01
5.263351798057556152e-01
3.524743616580963135e-01
4.140732586383819580e-01
4.911639988422393799e-01
7.902561426162719727e-01
5.581578612327575684e-02
2.039171159267425537e-01
1.927653700113296509e-01
6.075593829154968262e-01
4.938845038414001465e-01
3.882658481597900391e-01
5.970175862312316895e-01
2.690148949623107910e-01
5.720503330230712891e-01
1.477540731430053711e-01
1.953567266464233398e-01
4.031001008115708828e-04
2.758112549781799316e-01
4.039543867111206055e-01
2.903348803520202637e-01
5.958777666091918945e-01
4.146222174167633057e-01
1.705721765756607056e-01
2.033299803733825684e-01
4.886686205863952637e-01
9.672142565250396729e-02
3.721352517604827881e-01
6.982386112213134766e-01
5.564830899238586426e-01
3.706205263733863831e-02
2.211736887693405151e-01
5.381730943918228149e-02
5.068180561065673828e-01
9.292216598987579346e-02
3.507702946662902832e-01
4.927896335721015930e-02
6.609127521514892578e-01
3.652119636535644531e-01
4.614466130733489990e-01
5.064092949032783508e-02
5.224288105964660645e-01
4.651122093200683594e-01
5.879734754562377930e-01
6.565378308296203613e-01
3.586650192737579346e-01
5.557399988174438477e-01
8.288583159446716309e-01
5.540538430213928223e-01
5.184192657470703125e-01
5.271704494953155518e-02
7.869670391082763672e-01
3.062976002693176270e-01
2.351248562335968018e-01
4.108898043632507324e-01
1.850677877664566040e-01
9.924288094043731689e-02
3.233215212821960449e-01
5.117531418800354004e-01
2.999889105558395386e-02
1.587682068347930908e-01
3.659798502922058105e-01
5.613601207733154297e-01
1.917922496795654297e-01
5.450506210327148438e-01
6.869757175445556641e-01
1.987745054066181183e-02
2.234022319316864014e-01
1.470986455678939819e-01
2.248191684484481812e-01
4.829970598220825195e-01
5.884348154067993164e-01
4.375704228878021240e-01
1.070536449551582336e-01
4.090944230556488037e-01
2.646446526050567627e-01
4.294620752334594727e-01
3.714127838611602783e-01
2.085575312376022339e-01
5.278595685958862305e-01
2.960455417633056641e-01
2.387327998876571655e-01
3.496502935886383057e-01
2.256217896938323975e-01
3.628957271575927734e-01
5.103384852409362793e-01
9.858869314193725586e-01
2.791204452514648438e-01
5.938856601715087891e-01
4.143432676792144775e-01
