9.664818048477172852e-01
9.795458316802978516e-01
9.701060056686401367e-01
9.906370043754577637e-01
9.849327206611633301e-01
9.881050586700439453e-01
9.842929244041442871e-01
9.783654212951660156e-01
9.909666776657104492e-01
9.888853430747985840e-01
9.928653240203857422e-01
9.724791646003723145e-01
9.968882203102111816e-01
9.915602207183837891e-01
9.993630647659301758e-01
8.266783952713012695e-01
9.276186227798461914e-01
9.996449947357177734e-01
9.738464355468750000e-01
8.962396383285522461e-01
9.447354078292846680e-01
9.921042919158935547e-01
9.577966332435607910e-01
9.918671250343322754e-01
9.785922169685363770e-01
9.774662852287292480e-01
9.986175298690795898e-01
9.756234884262084961e-01
9.706090688705444336e-01
9.281285405158996582e-01
9.277164340019226074e-01
9.942502975463867188e-01
9.825415015220642090e-01
9.845538735389709473e-01
9.682257175445556641e-01
9.825439453125000000e-01
9.951725602149963379e-01
9.785492420196533203e-01
9.588558077812194824e-01
9.604303240776062012e-01
9.933866262435913086e-01
9.816472530364990234e-01
9.793725609779357910e-01
9.901724457740783691e-01
9.778935313224792480e-01
9.836387634277343750e-01
9.807058572769165039e-01
9.986701011657714844e-01
9.793891906738281250e-01
9.598435163497924805e-01
9.855566620826721191e-01
9.894597530364990234e-01
9.914589524269104004e-01
9.661288261413574219e-01
9.939047694206237793e-01
9.896992444992065430e-01
9.973931312561035156e-01
9.990707635879516602e-01
9.856634140014648438e-01
9.749917984008789062e-01
9.501335024833679199e-01
9.875693321228027344e-01
9.864423871040344238e-01
9.047724008560180664e-01
9.636771082878112793e-01
9.800156354904174805e-01
9.923525452613830566e-01
9.958155751228332520e-01
9.947292804718017578e-01
9.890973567962646484e-01
9.935922026634216309e-01
9.874260425567626953e-01
9.890404939651489258e-01
9.788215756416320801e-01
9.895424842834472656e-01
9.764684438705444336e-01
9.889538288116455078e-01
9.923094511032104492e-01
9.530180692672729492e-01
9.556752443313598633e-01
9.855059385299682617e-01
9.932289719581604004e-01
9.951622486114501953e-01
9.704999327659606934e-01
9.684496521949768066e-01
9.204826354980468750e-01
9.781464934349060059e-01
9.768585562705993652e-01
9.955005645751953125e-01
9.579862952232360840e-01
9.547567963600158691e-01
9.883912205696105957e-01
9.463276267051696777e-01
9.814932942390441895e-01
9.857463836669921875e-01
9.755602478981018066e-01
9.993679523468017578e-01
9.997092485427856445e-01
9.948162436485290527e-01
9.681981205940246582e-01
9.798336029052734375e-01
9.675018191337585449e-01
9.923871755599975586e-01
9.839642643928527832e-01
9.882554411888122559e-01
9.778000116348266602e-01
9.921603202819824219e-01
9.991024136543273926e-01
9.916854500770568848e-01
9.644929766654968262e-01
9.945796728134155273e-01
9.904127120971679688e-01
9.991204142570495605e-01
9.933529496192932129e-01
9.801692366600036621e-01
9.723234772682189941e-01
8.741727471351623535e-01
9.851730465888977051e-01
9.876986742019653320e-01
9.816723465919494629e-01
9.770512580871582031e-01
9.804208278656005859e-01
9.924327135086059570e-01
9.712888002395629883e-01
9.890385866165161133e-01
9.824051856994628906e-01
9.958273172378540039e-01
9.933931827545166016e-01
9.845424294471740723e-01
9.758039712905883789e-01
9.042679071426391602e-01
9.240512251853942871e-01
9.879112243652343750e-01
9.916464686393737793e-01
9.820898771286010742e-01
9.648763537406921387e-01
9.981064200401306152e-01
9.876623153686523438e-01
9.840396642684936523e-01
9.805929064750671387e-01
9.988787770271301270e-01
9.095453619956970215e-01
9.781125187873840332e-01
9.694576859474182129e-01
9.949836134910583496e-01
9.772239327430725098e-01
9.840531349182128906e-01
9.991082549095153809e-01
9.846439957618713379e-01
9.900225996971130371e-01
9.861851334571838379e-01
9.714189767837524414e-01
9.998152256011962891e-01
9.991094470024108887e-01
9.473406076431274414e-01
9.838787913322448730e-01
9.797095656394958496e-01
9.706663489341735840e-01
9.911573529243469238e-01
9.822780489921569824e-01
9.889689087867736816e-01
9.783403873443603516e-01
9.806615710258483887e-01
9.892647266387939453e-01
9.899296164512634277e-01
9.739500284194946289e-01
9.989253878593444824e-01
9.990680217742919922e-01
9.959884881973266602e-01
9.920036196708679199e-01
9.801482558250427246e-01
9.710901975631713867e-01
8.948918581008911133e-01
9.770671725273132324e-01
9.885142445564270020e-01
9.785734415054321289e-01
9.709739685058593750e-01
9.853112697601318359e-01
9.805085659027099609e-01
9.913500547409057617e-01
9.962942600250244141e-01
9.819369912147521973e-01
9.996951222419738770e-01
9.815443158149719238e-01
9.777356386184692383e-01
9.709544181823730469e-01
9.903477430343627930e-01
9.272166490554809570e-01
9.881907701492309570e-01
9.853218197822570801e-01
9.786782860755920410e-01
9.897517561912536621e-01
9.876461029052734375e-01
9.961174726486206055e-01
9.775739312171936035e-01
9.763501882553100586e-01
9.997860193252563477e-01
8.479098677635192871e-01
9.747732281684875488e-01
9.740431904792785645e-01
9.944074153900146484e-01
9.846521615982055664e-01
9.834561944007873535e-01
9.776064157485961914e-01
9.840784072875976562e-01
9.930170774459838867e-01
9.632613658905029297e-01
9.434652328491210938e-01
9.532747268676757812e-01
9.840747117996215820e-01
9.237909317016601562e-01
9.843227267265319824e-01
9.795361757278442383e-01
9.497611522674560547e-01
9.876251816749572754e-01
9.847202301025390625e-01
9.839768409729003906e-01
9.810916781425476074e-01
9.639724493026733398e-01
9.855903387069702148e-01
9.690319895744323730e-01
9.740310907363891602e-01
9.714905023574829102e-01
9.946461915969848633e-01
9.676806926727294922e-01
