6.065461635589599609e-01
1.177685409784317017e-01
2.008627206087112427e-01
7.819728851318359375e-01
2.542648017406463623e-01
4.142401814460754395e-01
2.238576710224151611e-01
1.794984913431107998e-03
9.742336273193359375e-01
6.524991393089294434e-01
6.498928666114807129e-01
3.217235803604125977e-01
4.941572546958923340e-01
7.061908245086669922e-01
5.771529674530029297e-01
7.026316015981137753e-04
2.878748346120119095e-03
6.079579591751098633e-01
4.099586308002471924e-01
2.166315540671348572e-02
6.570991873741149902e-02
4.306236505508422852e-01
2.293345034122467041e-01
4.093458652496337891e-01
8.692372590303421021e-02
2.209708988666534424e-01
2.158223092555999756e-01
2.485989779233932495e-01
3.238070309162139893e-01
4.542716145515441895e-01
1.190458657220005989e-03
7.962981462478637695e-01
2.361075878143310547e-01
7.324353605508804321e-02
2.374649420380592346e-02
3.879179358482360840e-01
5.366477370262145996e-02
5.776500701904296875e-01
1.536584496498107910e-01
3.112481832504272461e-01
2.818714976310729980e-01
4.305832684040069580e-01
4.065254926681518555e-01
3.810070753097534180e-01
6.333698034286499023e-01
6.697887182235717773e-01
1.080541759729385376e-01
7.948799133300781250e-01
4.375056624412536621e-01
1.671872437000274658e-01
4.317456856369972229e-02
4.570129513740539551e-01
1.705451309680938721e-01
1.303083356469869614e-02
5.117152929306030273e-01
8.939880877733230591e-02
6.695986986160278320e-01
2.487703859806060791e-01
1.549519598484039307e-01
2.254039943218231201e-01
8.095486462116241455e-02
4.461373090744018555e-01
4.606399312615394592e-02
2.547570317983627319e-02
3.976021707057952881e-02
4.878073632717132568e-01
2.186869978904724121e-01
4.108717292547225952e-02
7.836187630891799927e-02
1.478502452373504639e-01
2.948444709181785583e-02
7.346458435058593750e-01
1.994458734989166260e-01
5.047744605690240860e-03
4.134215116500854492e-01
7.660090327262878418e-01
1.012127846479415894e-02
1.758822053670883179e-01
2.042196989059448242e-01
2.742044925689697266e-01
5.683147907257080078e-01
1.825402975082397461e-01
5.546681880950927734e-01
2.165924459695816040e-01
5.614079236984252930e-01
4.002845287322998047e-01
1.958725154399871826e-01
1.546334195882081985e-02
6.089338064193725586e-01
4.494839608669281006e-01
1.932787150144577026e-02
1.661163270473480225e-01
4.041186571121215820e-01
4.584123566746711731e-02
4.455043375492095947e-01
4.957309663295745850e-01
1.814937591552734375e-01
6.046686172485351562e-01
2.920707762241363525e-01
5.458468794822692871e-01
2.098848968744277954e-01
3.846149146556854248e-01
3.678572177886962891e-01
1.479916721582412720e-01
3.845219910144805908e-01
5.984755158424377441e-01
4.633560031652450562e-02
6.212521791458129883e-01
1.300468444824218750e-01
7.421142458915710449e-01
3.984906151890754700e-02
5.508741140365600586e-01
7.331945896148681641e-01
7.530083060264587402e-01
5.395970344543457031e-01
8.381140418350696564e-03
4.388101696968078613e-01
5.013883486390113831e-02
4.037891626358032227e-01
7.273561358451843262e-01
1.236214190721511841e-01
2.947503030300140381e-01
1.834691911935806274e-01
1.048984304070472717e-01
8.414923399686813354e-02
1.864477097988128662e-01
1.083512976765632629e-01
3.863184154033660889e-01
5.766038894653320312e-01
1.042808219790458679e-02
2.066821008920669556e-01
7.523713260889053345e-02
8.014467358589172363e-01
3.471608161926269531e-01
1.201999094337224960e-02
4.415592178702354431e-02
7.698206603527069092e-02
2.163403183221817017e-01
1.466467380523681641e-01
4.191865921020507812e-01
5.467075109481811523e-01
5.816559791564941406e-01
3.917010426521301270e-01
1.902875900268554688e-01
4.069666564464569092e-01
3.776766955852508545e-01
6.610589623451232910e-01
4.060777425765991211e-01
4.240148365497589111e-01
6.237818002700805664e-01
3.986431956291198730e-01
3.399069309234619141e-01
9.026365727186203003e-02
2.719474136829376221e-01
8.154495060443878174e-02
7.864889502525329590e-01
5.854974985122680664e-01
3.743383660912513733e-02
1.525504328310489655e-02
2.104426026344299316e-01
4.372568428516387939e-01
3.119986690580844879e-02
4.337241873145103455e-02
7.108131796121597290e-02
4.256381988525390625e-01
1.881382465362548828e-01
3.970395624637603760e-01
5.890609025955200195e-01
2.199195027351379395e-01
4.005023241043090820e-01
3.940631151199340820e-01
7.261845283210277557e-03
5.998365879058837891e-01
3.426754474639892578e-02
4.524619877338409424e-01
1.573229432106018066e-01
4.146429896354675293e-01
4.025966227054595947e-01
2.990182340145111084e-01
5.968710780143737793e-01
4.160988628864288330e-01
4.593455195426940918e-01
5.583645701408386230e-01
4.010646939277648926e-01
7.067644000053405762e-01
3.613907843828201294e-02
2.410732507705688477e-01
2.862352132797241211e-01
6.091696619987487793e-01
2.566329948604106903e-02
3.495087027549743652e-01
5.702720880508422852e-01
4.153155982494354248e-01
3.315860331058502197e-01
1.778993057087063789e-03
4.924780130386352539e-01
7.699807882308959961e-01
5.638030171394348145e-01
2.003294676542282104e-01
1.724803298711776733e-01
7.967114448547363281e-01
3.475496768951416016e-01
1.831934750080108643e-01
1.324155461043119431e-02
1.994954496622085571e-01
4.820048809051513672e-01
3.925382196903228760e-01
2.772594094276428223e-01
9.393455088138580322e-02
2.009377181529998779e-01
3.644197583198547363e-01
5.849262475967407227e-01
2.991291880607604980e-01
8.904374390840530396e-02
5.985930562019348145e-01
2.853084206581115723e-01
5.984039306640625000e-01
2.361304461956024170e-01
3.879186809062957764e-01
6.834024190902709961e-01
6.686044335365295410e-01
4.323953986167907715e-01
1.394650638103485107e-01
3.964414894580841064e-01
9.867474436759948730e-01
