6.006512641906738281e-01
3.368045389652252197e-01
1.793613135814666748e-01
4.046158194541931152e-01
3.224957585334777832e-01
2.613523602485656738e-01
4.621886834502220154e-02
7.291969656944274902e-01
2.522656321525573730e-02
1.930002421140670776e-01
6.266684532165527344e-01
2.767383754253387451e-01
4.680416360497474670e-02
6.004253029823303223e-01
9.694069027900695801e-01
1.053564832545816898e-03
2.069686800241470337e-01
2.235275208950042725e-01
4.490970075130462646e-02
2.526310831308364868e-02
4.781664907932281494e-02
5.983685255050659180e-01
3.081556260585784912e-01
4.324312508106231689e-02
4.485765993595123291e-01
2.369168400764465332e-01
2.375214733183383942e-02
4.295847713947296143e-01
3.915602564811706543e-01
5.707970857620239258e-01
2.221507020294666290e-02
5.966331362724304199e-01
3.957466483116149902e-01
2.390036433935165405e-01
2.337509393692016602e-02
2.047722190618515015e-01
9.265480935573577881e-02
4.016155302524566650e-01
2.798185646533966064e-01
3.031226340681314468e-03
2.309308499097824097e-01
3.080186843872070312e-01
4.215443134307861328e-01
3.894359767436981201e-01
3.911468982696533203e-01
5.962088108062744141e-01
3.107998371124267578e-01
5.968087911605834961e-01
4.724056124687194824e-01
1.977690458297729492e-01
5.993794798851013184e-01
6.290724873542785645e-01
4.358328878879547119e-01
3.455528020858764648e-01
1.510695181787014008e-02
4.931306838989257812e-01
7.123972773551940918e-01
8.344751000404357910e-01
4.003626406192779541e-01
1.639599911868572235e-03
2.567161917686462402e-01
2.119357287883758545e-01
1.058688461780548096e-01
2.790948003530502319e-02
1.973576247692108154e-01
2.154594957828521729e-01
4.258724451065063477e-01
9.268535301089286804e-03
1.588040143251419067e-01
2.652800381183624268e-01
6.040036082267761230e-01
2.621243000030517578e-01
2.114923149347305298e-01
1.636973582208156586e-02
7.810432314872741699e-01
1.694383285939693451e-02
2.911458909511566162e-01
4.786215424537658691e-01
1.735920310020446777e-01
2.766154408454895020e-01
3.712830543518066406e-01
2.896586060523986816e-01
4.106482267379760742e-01
4.606445729732513428e-01
4.293219745159149170e-01
4.145762622356414795e-01
4.015037119388580322e-01
3.105724453926086426e-01
7.923239469528198242e-01
2.153107076883316040e-01
2.459026277065277100e-01
4.070047438144683838e-01
2.200574874877929688e-01
2.130802422761917114e-01
5.471569299697875977e-01
3.431161046028137207e-01
3.872547745704650879e-01
3.601920604705810547e-01
4.149255454540252686e-01
9.792097806930541992e-01
4.179011583328247070e-01
7.593845576047897339e-02
3.944625854492187500e-01
3.374719619750976562e-01
4.045638442039489746e-01
4.866864979267120361e-01
4.393248558044433594e-01
3.835582733154296875e-01
5.477352142333984375e-01
7.348427549004554749e-03
2.474071681499481201e-01
3.354463577270507812e-01
4.958346486091613770e-01
2.262768000364303589e-01
3.241988122463226318e-01
2.040956765413284302e-01
3.959299027919769287e-01
5.949401855468750000e-01
4.155191183090209961e-01
4.389204680919647217e-01
2.732674479484558105e-01
9.475792944431304932e-02
6.051480770111083984e-01
2.038191072642803192e-02
3.046426475048065186e-01
3.309917151927947998e-01
9.218988418579101562e-01
4.164581894874572754e-01
2.351050376892089844e-01
1.014065444469451904e-01
3.971717953681945801e-01
2.321911752223968506e-01
6.023512482643127441e-01
3.877096474170684814e-01
5.651360750198364258e-01
3.475294411182403564e-01
2.067963182926177979e-01
1.906105428934097290e-01
4.160106778144836426e-01
4.258586466312408447e-01
5.017428994178771973e-01
4.109976291656494141e-01
5.497757792472839355e-01
6.665620207786560059e-02
2.655847072601318359e-01
2.302971780300140381e-01
7.955112457275390625e-01
4.025636911392211914e-01
1.842654496431350708e-01
5.551819205284118652e-01
5.295933485031127930e-01
1.818412542343139648e-01
4.422689676284790039e-01
1.277723014354705811e-01
3.680088520050048828e-01
7.935793995857238770e-01
2.922911643981933594e-01
2.718743085861206055e-01
2.286195456981658936e-01
5.287237167358398438e-01
6.796919107437133789e-01
3.955544233322143555e-01
2.050327956676483154e-01
2.206360995769500732e-01
3.911211490631103516e-01
3.808954060077667236e-01
4.032050073146820068e-01
7.785741090774536133e-01
5.062754750251770020e-01
5.701467394828796387e-01
2.109686434268951416e-01
5.986168384552001953e-01
6.257174015045166016e-01
3.998802900314331055e-01
2.238075584173202515e-01
4.150650501251220703e-01
3.834933936595916748e-01
3.261336982250213623e-01
4.311078190803527832e-01
8.966619968414306641e-01
1.594608873128890991e-01
3.291720151901245117e-01
7.212179899215698242e-01
2.111093848943710327e-01
2.000483274459838867e-01
2.001437991857528687e-01
6.936806440353393555e-01
5.460243821144104004e-01
5.458336472511291504e-01
4.377394914627075195e-01
3.356378674507141113e-01
2.205295264720916748e-01
5.990430116653442383e-01
2.005705684423446655e-01
1.840137094259262085e-01
3.417167365550994873e-01
6.116554737091064453e-01
3.208388388156890869e-01
1.188903464935719967e-03
2.595157362520694733e-03
7.924910187721252441e-01
3.538578152656555176e-01
7.736939191818237305e-01
9.638441354036331177e-02
7.699447274208068848e-01
3.919019997119903564e-01
4.349559545516967773e-01
4.453111886978149414e-01
1.897754371166229248e-01
3.770996928215026855e-01
6.010625958442687988e-01
4.057378470897674561e-01
2.780277654528617859e-02
3.317142128944396973e-01
3.084524273872375488e-01
4.080333709716796875e-01
5.786857604980468750e-01
3.074681162834167480e-01
1.256631016731262207e-01
5.906192660331726074e-01
4.881402850151062012e-01
3.879846036434173584e-01
4.077806770801544189e-01
3.932466506958007812e-01
4.187774360179901123e-01
