9.887859225273132324e-01
9.818534851074218750e-01
9.712726473808288574e-01
9.768151044845581055e-01
9.810179471969604492e-01
9.850779771804809570e-01
9.855347275733947754e-01
9.790685176849365234e-01
9.906867146492004395e-01
9.932198524475097656e-01
9.964550733566284180e-01
9.808092117309570312e-01
9.991878867149353027e-01
9.997247457504272461e-01
9.993448853492736816e-01
9.034205675125122070e-01
9.886696338653564453e-01
9.983747005462646484e-01
9.809199571609497070e-01
9.954499602317810059e-01
9.895961880683898926e-01
9.728041887283325195e-01
9.960547089576721191e-01
9.968132972717285156e-01
9.872765541076660156e-01
9.725573062896728516e-01
9.970291852951049805e-01
9.963361620903015137e-01
9.996281862258911133e-01
8.703333139419555664e-01
9.754339456558227539e-01
9.851406216621398926e-01
9.637746214866638184e-01
9.850307106971740723e-01
9.920961260795593262e-01
9.616106152534484863e-01
9.955772757530212402e-01
9.954589009284973145e-01
9.908920526504516602e-01
9.499669075012207031e-01
9.974684715270996094e-01
9.997399449348449707e-01
9.998745918273925781e-01
9.733917713165283203e-01
9.615252017974853516e-01
9.873096942901611328e-01
9.617130160331726074e-01
9.843143820762634277e-01
9.881801605224609375e-01
9.773310422897338867e-01
9.932384490966796875e-01
9.936389327049255371e-01
9.936633706092834473e-01
9.650920629501342773e-01
9.985378384590148926e-01
9.996994137763977051e-01
9.999753832817077637e-01
9.996839165687561035e-01
9.932402968406677246e-01
9.786393642425537109e-01
7.562614083290100098e-01
9.325521588325500488e-01
9.991213679313659668e-01
7.560738325119018555e-01
8.510108590126037598e-01
9.811943769454956055e-01
9.966850876808166504e-01
9.970279932022094727e-01
9.711205363273620605e-01
9.992331862449645996e-01
9.983662962913513184e-01
9.815542101860046387e-01
9.886841773986816406e-01
9.857895374298095703e-01
9.850206375122070312e-01
9.753379821777343750e-01
9.893825650215148926e-01
9.913791418075561523e-01
9.756641387939453125e-01
8.342799544334411621e-01
9.894728660583496094e-01
9.892648458480834961e-01
9.905402660369873047e-01
9.802637696266174316e-01
8.843715190887451172e-01
9.809079766273498535e-01
9.767597913742065430e-01
9.720714092254638672e-01
9.752849936485290527e-01
9.273700118064880371e-01
9.796518087387084961e-01
9.813110232353210449e-01
9.901998639106750488e-01
9.821419715881347656e-01
9.657529592514038086e-01
9.744061231613159180e-01
9.994129538536071777e-01
9.995107650756835938e-01
9.989162683486938477e-01
9.872462749481201172e-01
9.774171113967895508e-01
9.546316862106323242e-01
9.621934294700622559e-01
9.713615179061889648e-01
9.793480634689331055e-01
9.708012342453002930e-01
9.840849637985229492e-01
9.920864105224609375e-01
9.892495870590209961e-01
9.795768857002258301e-01
9.985905289649963379e-01
9.992652535438537598e-01
9.998565912246704102e-01
9.929777383804321289e-01
9.816576242446899414e-01
9.566763043403625488e-01
8.933905363082885742e-01
9.492791295051574707e-01
9.841589331626892090e-01
9.860138893127441406e-01
9.028350710868835449e-01
9.815934896469116211e-01
9.948395490646362305e-01
9.941707253456115723e-01
9.591495394706726074e-01
9.993385672569274902e-01
9.999399781227111816e-01
9.937473535537719727e-01
9.859121441841125488e-01
9.560516476631164551e-01
8.071308732032775879e-01
9.267692565917968750e-01
9.763861298561096191e-01
9.981463551521301270e-01
9.225470423698425293e-01
9.383450746536254883e-01
9.992290735244750977e-01
9.838119745254516602e-01
8.962814211845397949e-01
9.961460828781127930e-01
9.999192953109741211e-01
9.863249063491821289e-01
9.837158918380737305e-01
9.675330519676208496e-01
9.637067317962646484e-01
9.642041325569152832e-01
9.813783168792724609e-01
9.979541301727294922e-01
9.804661870002746582e-01
9.821522831916809082e-01
9.983631968498229980e-01
9.838809370994567871e-01
9.993719458580017090e-01
9.947037100791931152e-01
9.785942435264587402e-01
9.905074238777160645e-01
9.786379337310791016e-01
9.522328972816467285e-01
9.559152126312255859e-01
9.674225449562072754e-01
9.824584722518920898e-01
9.687869548797607422e-01
9.300524592399597168e-01
9.700192213058471680e-01
9.761906862258911133e-01
9.883011579513549805e-01
9.954115748405456543e-01
9.987974166870117188e-01
9.975886344909667969e-01
9.892340898513793945e-01
9.724377393722534180e-01
9.630282521247863770e-01
9.887902736663818359e-01
9.863647818565368652e-01
9.879199862480163574e-01
9.881594777107238770e-01
9.671688675880432129e-01
9.742112755775451660e-01
9.886999130249023438e-01
9.920692443847656250e-01
8.995277881622314453e-01
9.902223944664001465e-01
9.994969964027404785e-01
9.868896007537841797e-01
9.775082468986511230e-01
9.783861637115478516e-01
9.911199212074279785e-01
9.833453297615051270e-01
9.928285479545593262e-01
9.922057986259460449e-01
9.747905135154724121e-01
9.910950064659118652e-01
9.829672574996948242e-01
9.884130954742431641e-01
9.757698178291320801e-01
9.924750924110412598e-01
9.945905208587646484e-01
9.858720302581787109e-01
9.802169799804687500e-01
9.793332219123840332e-01
9.856403470039367676e-01
9.669218659400939941e-01
9.901244044303894043e-01
9.936808347702026367e-01
9.798026084899902344e-01
9.941019415855407715e-01
9.910936951637268066e-01
9.951881170272827148e-01
9.743501543998718262e-01
9.988704323768615723e-01
9.926113486289978027e-01
9.913026094436645508e-01
9.782651066780090332e-01
9.518317580223083496e-01
9.772177338600158691e-01
9.783447980880737305e-01
9.831351637840270996e-01
9.833787679672241211e-01
9.681990742683410645e-01
9.765520691871643066e-01
9.838381409645080566e-01
9.891896247863769531e-01
9.772285223007202148e-01
9.987536072731018066e-01
9.997822642326354980e-01
