9.752175211906433105e-01
9.669025540351867676e-01
9.911944866180419922e-01
9.756270647048950195e-01
9.879367351531982422e-01
9.923523068428039551e-01
9.971476197242736816e-01
9.545511603355407715e-01
9.919097423553466797e-01
9.906645417213439941e-01
9.935346841812133789e-01
9.834675192832946777e-01
9.948729276657104492e-01
9.964382052421569824e-01
9.990876317024230957e-01
8.288434147834777832e-01
9.528774619102478027e-01
9.992523789405822754e-01
9.834374785423278809e-01
9.879890084266662598e-01
9.879832267761230469e-01
9.729841351509094238e-01
9.925510883331298828e-01
9.893513321876525879e-01
9.856180548667907715e-01
9.547404646873474121e-01
9.850056171417236328e-01
9.769783020019531250e-01
9.919696450233459473e-01
8.708415627479553223e-01
9.312287569046020508e-01
9.879407882690429688e-01
9.860140681266784668e-01
9.900085926055908203e-01
9.868959188461303711e-01
9.575622677803039551e-01
9.890891909599304199e-01
9.865538477897644043e-01
9.903518557548522949e-01
9.526036381721496582e-01
9.725812077522277832e-01
9.910913109779357910e-01
9.979777336120605469e-01
9.152311682701110840e-01
9.716181159019470215e-01
9.839066267013549805e-01
9.902392625808715820e-01
9.937481880187988281e-01
9.928303956985473633e-01
9.404582381248474121e-01
9.882783293724060059e-01
9.886341094970703125e-01
9.884381294250488281e-01
9.649986624717712402e-01
9.908296465873718262e-01
9.919814467430114746e-01
9.982672333717346191e-01
9.988564848899841309e-01
9.871637225151062012e-01
9.788841009140014648e-01
9.254325628280639648e-01
9.957868456840515137e-01
9.930847883224487305e-01
7.348853349685668945e-01
9.875599741935729980e-01
9.911088347434997559e-01
9.914542436599731445e-01
9.574820399284362793e-01
9.943987727165222168e-01
9.908342361450195312e-01
9.969680309295654297e-01
8.568403720855712891e-01
9.636528491973876953e-01
9.848188161849975586e-01
9.881384372711181641e-01
9.256839752197265625e-01
9.711700081825256348e-01
9.894632697105407715e-01
9.439495205879211426e-01
9.701321125030517578e-01
9.584107398986816406e-01
9.811841845512390137e-01
9.888922572135925293e-01
9.786063432693481445e-01
9.762710332870483398e-01
9.800514578819274902e-01
9.764119982719421387e-01
9.820967912673950195e-01
9.783998131752014160e-01
9.723032116889953613e-01
9.777491092681884766e-01
9.719605445861816406e-01
9.959778785705566406e-01
9.919461011886596680e-01
9.674040675163269043e-01
9.754074811935424805e-01
9.970045685768127441e-01
9.967660307884216309e-01
9.983906745910644531e-01
9.827420711517333984e-01
9.764426946640014648e-01
9.712161421775817871e-01
9.624038934707641602e-01
9.890443682670593262e-01
9.927741289138793945e-01
9.257500767707824707e-01
9.929300546646118164e-01
9.887648224830627441e-01
9.913785457611083984e-01
9.679301381111145020e-01
9.941352009773254395e-01
9.956533908843994141e-01
9.988100528717041016e-01
9.880485534667968750e-01
9.780274033546447754e-01
9.808295369148254395e-01
8.115392923355102539e-01
9.835451245307922363e-01
9.920500516891479492e-01
9.949601888656616211e-01
9.911505579948425293e-01
9.906451106071472168e-01
9.925048947334289551e-01
9.396324157714843750e-01
9.949420690536499023e-01
9.978131055831909180e-01
9.974039196968078613e-01
9.850603938102722168e-01
9.790174961090087891e-01
9.859962463378906250e-01
9.165660738945007324e-01
9.490845799446105957e-01
9.959290623664855957e-01
9.972596764564514160e-01
9.584915637969970703e-01
9.920415878295898438e-01
9.953436255455017090e-01
9.757297635078430176e-01
9.568084478378295898e-01
9.958788156509399414e-01
9.984124302864074707e-01
9.801111817359924316e-01
9.759673476219177246e-01
9.888838529586791992e-01
9.533693790435791016e-01
9.733309149742126465e-01
9.948242306709289551e-01
9.995802044868469238e-01
9.647123813629150391e-01
9.951976537704467773e-01
9.971951842308044434e-01
9.895042181015014648e-01
9.992313385009765625e-01
9.982990622520446777e-01
9.984952211380004883e-01
9.827244281768798828e-01
9.731789231300354004e-01
9.828603863716125488e-01
9.286722540855407715e-01
9.916500449180603027e-01
9.915187954902648926e-01
9.899033904075622559e-01
9.472615718841552734e-01
9.915774464607238770e-01
9.871125221252441406e-01
9.902775287628173828e-01
9.966521859169006348e-01
9.972022771835327148e-01
9.957478046417236328e-01
9.791669845581054688e-01
9.601760506629943848e-01
9.811863303184509277e-01
9.500639438629150391e-01
9.917263984680175781e-01
9.880519509315490723e-01
9.930325150489807129e-01
9.421361684799194336e-01
9.921315908432006836e-01
9.917294979095458984e-01
9.906808137893676758e-01
9.942167401313781738e-01
9.962921738624572754e-01
9.992480874061584473e-01
9.488158822059631348e-01
9.533113837242126465e-01
9.903848767280578613e-01
9.716035127639770508e-01
9.843776822090148926e-01
9.548946022987365723e-01
9.958820939064025879e-01
9.591457247734069824e-01
9.920732378959655762e-01
9.974099397659301758e-01
9.946139454841613770e-01
9.672930836677551270e-01
9.926676750183105469e-01
9.947834014892578125e-01
9.322353005409240723e-01
9.481697082519531250e-01
9.887059330940246582e-01
9.846324324607849121e-01
9.866543412208557129e-01
9.911355972290039062e-01
9.967799782752990723e-01
9.672431349754333496e-01
9.947764873504638672e-01
9.860721826553344727e-01
9.886655807495117188e-01
9.593424797058105469e-01
9.688007235527038574e-01
9.482183456420898438e-01
9.635182619094848633e-01
9.480683803558349609e-01
9.737464189529418945e-01
9.794803857803344727e-01
9.899799227714538574e-01
9.931769967079162598e-01
9.931208491325378418e-01
9.251704812049865723e-01
9.877340197563171387e-01
9.817320108413696289e-01
9.710421562194824219e-01
9.558875560760498047e-01
9.856848120689392090e-01
9.611136317253112793e-01
