4.870682060718536377e-01
3.751282691955566406e-01
3.976408764719963074e-02
4.271918535232543945e-01
2.132720947265625000e-01
5.972299575805664062e-01
5.925432443618774414e-01
4.808279871940612793e-02
5.685993432998657227e-01
9.352950453758239746e-01
7.748747467994689941e-01
1.914734095335006714e-01
1.941132992506027222e-01
3.243047595024108887e-01
8.001261949539184570e-01
7.739556021988391876e-04
2.037380933761596680e-01
2.232093364000320435e-01
2.691350579261779785e-01
2.427248284220695496e-02
1.444585174322128296e-01
4.147075116634368896e-01
3.163056969642639160e-01
3.403563499450683594e-01
5.581598877906799316e-01
1.157428044825792313e-02
4.067471921443939209e-01
7.364125847816467285e-01
3.380832076072692871e-01
7.927302718162536621e-01
4.150979220867156982e-02
5.688576698303222656e-01
4.399760365486145020e-01
4.288245737552642822e-02
2.684797644615173340e-01
8.731707930564880371e-01
5.819161534309387207e-01
7.314203977584838867e-01
3.394760787487030029e-01
2.633920684456825256e-02
4.994688034057617188e-01
3.161386251449584961e-01
4.310505092144012451e-01
2.221684902906417847e-01
1.925409585237503052e-01
5.184811353683471680e-01
5.955236554145812988e-01
5.952985286712646484e-01
2.985660433769226074e-01
2.110600322484970093e-01
4.249114096164703369e-01
2.287044972181320190e-01
4.573400020599365234e-01
1.267659571021795273e-02
4.043883383274078369e-01
4.325959980487823486e-01
7.137987613677978516e-01
4.387296736240386963e-01
9.975969791412353516e-02
1.668752636760473251e-03
2.655579149723052979e-01
3.378744795918464661e-02
5.037508606910705566e-01
1.998699270188808441e-03
1.511092782020568848e-01
6.697242259979248047e-01
3.247890770435333252e-01
1.450086478143930435e-03
1.537841279059648514e-02
3.548191189765930176e-01
1.465126574039459229e-01
4.398635923862457275e-01
1.970396935939788818e-01
3.116869926452636719e-01
9.086126685142517090e-01
3.986603021621704102e-01
5.915102958679199219e-01
2.049605697393417358e-01
3.828522264957427979e-01
2.445283681154251099e-01
9.570379257202148438e-01
7.506953924894332886e-02
3.872003257274627686e-01
2.920842766761779785e-01
6.411853432655334473e-01
5.054839849472045898e-01
3.910777568817138672e-01
1.998773962259292603e-01
2.146707028150558472e-01
8.223501443862915039e-01
4.385876655578613281e-02
3.428341150283813477e-01
3.993586301803588867e-01
2.260148823261260986e-01
4.397161006927490234e-01
3.572460263967514038e-03
2.127031832933425903e-01
3.177040219306945801e-01
2.213433235883712769e-01
5.051403641700744629e-01
2.584328651428222656e-01
1.989376498386263847e-03
4.347826838493347168e-01
2.543583512306213379e-01
3.920774459838867188e-01
7.491123676300048828e-01
7.500295639038085938e-01
4.083498120307922363e-01
5.254176259040832520e-01
1.911242306232452393e-01
3.763059079647064209e-01
6.716241240501403809e-01
7.626034021377563477e-01
8.238895535469055176e-01
1.589262783527374268e-01
6.132132932543754578e-02
9.776638746261596680e-01
6.887131929397583008e-01
3.586866259574890137e-01
2.134149707853794098e-02
9.582398086786270142e-02
4.711502790451049805e-01
5.257388353347778320e-01
1.630302285775542259e-03
3.616109862923622131e-02
3.675104975700378418e-01
1.373618841171264648e-01
5.866237878799438477e-01
3.705528378486633301e-01
1.430847449228167534e-03
4.039473831653594971e-01
3.421622216701507568e-01
8.723105192184448242e-01
2.972376048564910889e-01
8.670768886804580688e-02
1.961222290992736816e-02
5.814576745033264160e-01
5.853026639670133591e-03
1.724124699831008911e-01
5.869098380208015442e-02
1.805178672075271606e-01
1.495000626891851425e-02
3.867385387420654297e-01
1.921316385269165039e-01
4.224434792995452881e-01
3.564905524253845215e-01
3.054278492927551270e-01
1.973022818565368652e-01
5.354894399642944336e-01
3.084463477134704590e-01
3.578126728534698486e-01
1.287648454308509827e-02
4.072366058826446533e-01
2.811671197414398193e-01
5.255076289176940918e-01
7.682883143424987793e-01
5.287332925945520401e-03
4.938731715083122253e-02
1.273241266608238220e-02
4.689641296863555908e-01
2.049691975116729736e-01
4.155852198600769043e-01
2.015359401702880859e-01
2.142465412616729736e-01
4.173115193843841553e-01
3.926452994346618652e-01
1.172149553894996643e-02
3.249931335449218750e-01
6.410523056983947754e-01
4.424802660942077637e-01
3.386764526367187500e-01
1.982849240303039551e-01
8.016141653060913086e-01
5.316352248191833496e-01
3.868265450000762939e-01
2.486845552921295166e-01
3.701809346675872803e-01
5.436308383941650391e-01
6.444701552391052246e-01
5.973204374313354492e-01
1.040056943893432617e-01
6.457590460777282715e-01
6.401283144950866699e-01
5.623878240585327148e-01
1.924911886453628540e-01
2.398299276828765869e-01
5.930670499801635742e-01
2.012267112731933594e-01
2.253106534481048584e-01
4.349445104598999023e-01
5.789579749107360840e-01
7.952790856361389160e-01
5.975974798202514648e-01
6.111150383949279785e-01
7.769898511469364166e-03
2.210215926170349121e-01
6.100798845291137695e-01
5.763379335403442383e-01
2.796179354190826416e-01
2.158095240592956543e-01
5.796848535537719727e-01
5.176584720611572266e-01
6.398012638092041016e-01
1.392650417983531952e-02
4.661671519279479980e-01
7.993487119674682617e-01
3.654184937477111816e-02
5.412445068359375000e-01
1.302456948906183243e-02
2.231338471174240112e-01
2.736217677593231201e-01
6.300783753395080566e-01
4.947526156902313232e-01
3.948668837547302246e-01
4.002652764320373535e-01
1.985753476619720459e-01
5.934534668922424316e-01
2.343702614307403564e-01
2.245857864618301392e-01
7.868152856826782227e-01
2.347101867198944092e-01
5.582817792892456055e-01
2.150717377662658691e-02
4.154873490333557129e-01
3.374218940734863281e-01
