2.925044792758014212e-01
1.835255604209333480e-01
2.126001891760657125e-01
2.297169473246098159e-01
2.597217953522116263e-01
1.450881855786204933e-01
1.976101029520997698e-01
1.963798257101398714e-01
1.732756420365498817e-01
1.859686384962584982e-01
1.547233921413023183e-01
1.779564429934208103e-01
2.152766524993169894e-01
3.400441423918192374e-01
2.733162869878399959e-01
2.715540993958711624e-01
3.729996778644047994e-01
1.627698538001053630e-01
2.188480620053059600e-01
3.230535190982314342e-01
2.404657647712156177e-01
2.768136941774103632e-01
3.144698208914353255e-01
3.412855261077101243e-01
3.527120639784978029e-01
2.521978901047707278e-01
3.467117697000503540e-01
3.068954027616060953e-01
4.629328462939996114e-01
3.339177312624927452e-01
2.972058138022056206e-01
4.146880026047046197e-01
2.652643805083174100e-01
2.615079467113201606e-01
4.633388817310333252e-01
4.602697803997076731e-01
4.057455934011019449e-01
1.717871779947017785e-01
2.527628094316102247e-01
1.700060649689895953e-01
2.841091285943268541e-01
2.428120564939751924e-01
1.229356129719795104e-01
3.175434334597622144e-01
2.530225972430064085e-01
3.162042943474192014e-01
2.191231176257133484e-01
2.370954415349003086e-01
2.856080943305502329e-01
3.270772340205999607e-01
3.060074523259223023e-01
3.127756428260069499e-01
2.975944516947492957e-01
4.147244269171586617e-01
2.860151718442256463e-01
3.734901462896512148e-01
3.260802232946913848e-01
2.275209610995191922e-01
3.179104749937183838e-01
1.965322420001029968e-01
2.433437765217744408e-01
3.223731833008619541e-01
2.820058697409247306e-01
3.084428690087336888e-01
3.410361644525367608e-01
2.815152561659208241e-01
2.743177783100131384e-01
3.345328833706494587e-01
2.738761720068466077e-01
3.217893402056338781e-01
3.718877658247947693e-01
3.982074845295686116e-01
3.072007015692249099e-01
3.631419262793105229e-01
4.779342498916845927e-01
1.519028985415983579e-01
1.952409463880870333e-01
2.209252149153214106e-01
3.779457657633779055e-01
2.701373996454864423e-01
3.175043641285111296e-01
3.209094010794965035e-01
3.345077673976237786e-01
1.706404889074082665e-01
2.094562549251489936e-01
3.252704696239491766e-01
3.670705191504496923e-01
2.846431024193477044e-01
3.373824323957356208e-01
2.713699909195733673e-01
2.807961232857241196e-01
2.732050870366107831e-01
3.355127707696877737e-01
2.680309303821279410e-01
3.762394044225892409e-01
2.791910037183417681e-01
4.185250796950780172e-01
2.728316619613906369e-01
3.196016934055548320e-01
3.037675414234399796e-01
3.359113544306288057e-01
