3.672900795936584473e-02
9.999282360076904297e-01
9.985094666481018066e-01
7.061558365821838379e-01
2.030060440301895142e-01
9.965879917144775391e-01
9.989482164382934570e-01
9.997833967208862305e-01
9.903104901313781738e-01
9.567254781723022461e-01
9.963682293891906738e-01
9.649684429168701172e-01
9.546013474464416504e-01
1.146878600120544434e-01
9.998208880424499512e-01
9.976091384887695312e-01
9.990292191505432129e-01
7.686581611633300781e-01
9.938231110572814941e-01
9.952665567398071289e-01
9.990059733390808105e-01
9.985918998718261719e-01
9.896337389945983887e-01
9.981212019920349121e-01
9.988293647766113281e-01
9.981794357299804688e-01
1.184504665434360504e-02
4.011370947409886867e-06
9.986345767974853516e-01
5.913777649402618408e-02
1.224467763677239418e-03
9.973077178001403809e-01
9.635119438171386719e-01
9.808391332626342773e-01
8.570394515991210938e-01
9.547673463821411133e-01
9.989493489265441895e-01
9.993919730186462402e-01
9.989048242568969727e-01
1.162081286311149597e-01
4.753801822662353516e-01
8.788478970527648926e-01
9.505908004939556122e-03
2.193639278411865234e-01
8.627204298973083496e-01
8.775466680526733398e-01
8.902075886726379395e-01
9.957466125488281250e-01
8.733041882514953613e-01
9.444908499717712402e-01
9.705048799514770508e-01
9.875667691230773926e-01
2.433535307645797729e-01
4.576018545776605606e-03
9.987758398056030273e-01
2.187299914658069611e-02
6.511808037757873535e-01
9.823578000068664551e-01
2.139595746994018555e-01
7.261002063751220703e-01
9.838339686393737793e-01
9.806113243103027344e-01
9.971338510513305664e-01
9.978827238082885742e-01
9.977531433105468750e-01
2.964691258966922760e-03
1.755381971597671509e-01
9.998672008514404297e-01
5.802648141980171204e-03
4.467393271625041962e-03
5.766977071762084961e-01
6.279193796217441559e-03
1.302338950335979462e-02
2.159614711999893188e-01
2.076398348435759544e-03
6.485186982899904251e-03
7.062514312565326691e-03
9.672041982412338257e-03
2.241336256265640259e-01
3.304244279861450195e-01
9.998942017555236816e-01
9.925108551979064941e-01
9.994482994079589844e-01
9.738159179687500000e-01
9.955756068229675293e-01
1.420771926641464233e-01
5.782839655876159668e-01
9.923890829086303711e-01
7.994081377983093262e-01
9.682462215423583984e-01
9.561782479286193848e-01
2.556437849998474121e-01
8.307761549949645996e-01
9.976958036422729492e-01
9.989331364631652832e-01
9.996951222419738770e-01
9.882587790489196777e-01
9.131059050559997559e-01
9.957618713378906250e-01
5.180047154426574707e-01
9.146264791488647461e-01
9.914360046386718750e-01
9.978031516075134277e-01
9.970304369926452637e-01
1.891635060310363770e-01
8.294155597686767578e-01
9.998586177825927734e-01
1.217476502060890198e-01
2.102872431278228760e-01
4.351391494274139404e-01
9.964390993118286133e-01
8.744647502899169922e-01
9.821245074272155762e-01
9.957243800163269043e-01
7.163437604904174805e-01
9.991965889930725098e-01
9.984582066535949707e-01
1.891133785247802734e-01
4.344075322151184082e-01
9.998751282691955566e-01
1.936726272106170654e-01
8.863322734832763672e-01
6.646267771720886230e-01
9.973845481872558594e-01
9.998965263366699219e-01
9.987514019012451172e-01
9.978684186935424805e-01
4.723002016544342041e-01
8.657677769660949707e-01
9.162722229957580566e-01
7.502548694610595703e-01
9.329471588134765625e-01
9.996333122253417969e-01
9.978671073913574219e-01
9.983677864074707031e-01
9.423143863677978516e-01
9.921734333038330078e-01
9.957836270332336426e-01
9.996790289878845215e-01
9.960973262786865234e-01
9.768467545509338379e-01
2.438295632600784302e-01
9.308034181594848633e-01
2.816779017448425293e-01
9.860178232192993164e-01
9.968360662460327148e-01
9.987755417823791504e-01
9.795974493026733398e-01
9.935621619224548340e-01
9.912562966346740723e-01
9.978731274604797363e-01
9.993792772293090820e-01
9.957258701324462891e-01
9.503552913665771484e-01
9.390667080879211426e-01
6.416319608688354492e-01
7.016970515251159668e-01
8.897315263748168945e-01
9.998541474342346191e-01
9.448719620704650879e-01
9.976767897605895996e-01
8.573515415191650391e-01
9.930058121681213379e-01
9.942442178726196289e-01
9.965093135833740234e-01
9.976658821105957031e-01
9.907751083374023438e-01
9.983068704605102539e-01
9.907563328742980957e-01
9.801055788993835449e-01
9.980312585830688477e-01
9.380808472633361816e-01
9.950413107872009277e-01
7.994989752769470215e-01
9.966281056404113770e-01
9.966982007026672363e-01
9.984986186027526855e-01
9.994406700134277344e-01
9.930670261383056641e-01
9.998887777328491211e-01
9.994739890098571777e-01
9.971121549606323242e-01
9.994658231735229492e-01
2.487598657608032227e-01
9.826347827911376953e-01
3.737750351428985596e-01
7.348253726959228516e-01
9.924810379743576050e-02
8.724290132522583008e-01
9.873429536819458008e-01
9.976651668548583984e-01
4.925237968564033508e-02
6.196821928024291992e-01
6.231558918952941895e-01
7.690993547439575195e-01
3.022487508133053780e-03
7.187403389252722263e-04
9.977482557296752930e-01
8.097218596958555281e-06
8.897164661902934313e-06
9.968061447143554688e-01
9.948433041572570801e-01
8.309450745582580566e-01
9.856845736503601074e-01
9.617615342140197754e-01
9.936235547065734863e-01
9.909296631813049316e-01
9.956465959548950195e-01
2.489953069016337395e-03
3.229190707206726074e-01
9.930535554885864258e-01
1.764111779630184174e-02
8.151077032089233398e-01
9.834987521171569824e-01
9.695309996604919434e-01
8.561978936195373535e-01
9.920115470886230469e-01
9.438164830207824707e-01
9.930620789527893066e-01
9.981721639633178711e-01
9.990996122360229492e-01
9.987450242042541504e-01
3.706342279911041260e-01
9.906412363052368164e-01
9.897491335868835449e-01
4.096027016639709473e-01
8.708221316337585449e-01
8.345578908920288086e-01
9.973205327987670898e-01
9.973296523094177246e-01
6.023981794714927673e-02
2.347190231084823608e-01
2.738536298274993896e-01
5.085609555244445801e-01
9.858725666999816895e-01
2.593233585357666016e-01
9.923686981201171875e-01
9.981302618980407715e-01
9.988806843757629395e-01
9.823015332221984863e-01
9.972517490386962891e-01
7.313176393508911133e-01
9.763593077659606934e-01
9.933281540870666504e-01
9.964671730995178223e-01
9.975706338882446289e-01
9.967060685157775879e-01
9.321085214614868164e-01
9.501171708106994629e-01
9.986061453819274902e-01
9.973503351211547852e-01
9.995573163032531738e-01
9.989417195320129395e-01
9.944189786911010742e-01
9.997106790542602539e-01
2.567364573478698730e-01
9.887294769287109375e-01
9.931821823120117188e-01
9.992222785949707031e-01
9.983143210411071777e-01
9.895274639129638672e-01
8.231859803199768066e-01
9.764484763145446777e-01
9.722838401794433594e-01
7.658151388168334961e-01
9.669734835624694824e-01
9.948236942291259766e-01
9.961841106414794922e-01
9.978027939796447754e-01
9.957092404365539551e-01
9.999134540557861328e-01
9.987651109695434570e-01
9.884747266769409180e-01
9.856160283088684082e-01
4.776781201362609863e-01
9.874073266983032227e-01
8.589653372764587402e-01
9.252737164497375488e-01
9.582808017730712891e-01
9.966161251068115234e-01
9.995827078819274902e-01
9.982686042785644531e-01
9.978544712066650391e-01
7.304315567016601562e-01
9.628682136535644531e-01
9.752761721611022949e-01
9.692495465278625488e-01
8.914413452148437500e-01
9.970707893371582031e-01
9.956278800964355469e-01
9.928527474403381348e-01
9.958007335662841797e-01
9.969773888587951660e-01
9.986515045166015625e-01
9.987797737121582031e-01
9.980657100677490234e-01
9.919177889823913574e-01
5.923943519592285156e-01
8.860898017883300781e-01
9.587512016296386719e-01
9.761213660240173340e-01
9.986361861228942871e-01
9.969849586486816406e-01
9.994050860404968262e-01
9.900736808776855469e-01
9.954215884208679199e-01
9.995764493942260742e-01
9.992889761924743652e-01
9.996058940887451172e-01
9.878709912300109863e-01
9.221820235252380371e-01
9.233745932579040527e-01
8.873066306114196777e-01
1.508498936891555786e-01
9.973687529563903809e-01
8.030228614807128906e-01
9.905350804328918457e-01
9.952213168144226074e-01
9.975923895835876465e-01
9.980688691139221191e-01
9.979450702667236328e-01
9.955623745918273926e-01
9.949222207069396973e-01
9.943637847900390625e-01
9.731006026268005371e-01
9.999340176582336426e-01
9.925341010093688965e-01
8.632564544677734375e-01
9.848805069923400879e-01
8.926978707313537598e-01
7.337789237499237061e-02
9.756078124046325684e-01
9.787480831146240234e-01
9.869509935379028320e-01
2.601112723350524902e-01
9.911804795265197754e-01
9.988266825675964355e-01
9.967594742774963379e-01
9.988167285919189453e-01
9.955893158912658691e-01
9.122753143310546875e-01
9.951496720314025879e-01
9.987450838088989258e-01
9.919130802154541016e-01
7.072717547416687012e-01
7.735236287117004395e-01
9.749510884284973145e-01
9.974937438964843750e-01
9.976676106452941895e-01
9.306091666221618652e-01
9.692570567131042480e-01
1.680228114128112793e-01
1.660817884840071201e-03
9.985216259956359863e-01
6.715394556522369385e-02
3.037783131003379822e-02
9.958550333976745605e-01
8.508810400962829590e-01
3.472478091716766357e-01
9.870765805244445801e-01
9.921171665191650391e-01
9.991615414619445801e-01
9.938575625419616699e-01
9.950534105300903320e-01
9.865791797637939453e-01
8.279432654380798340e-01
9.879570007324218750e-01
9.197198748588562012e-01
2.507185637950897217e-01
9.969869852066040039e-01
2.377267777919769287e-01
3.775295913219451904e-01
7.313568592071533203e-01
9.966504573822021484e-01
9.976422786712646484e-01
9.984126091003417969e-01
9.925798177719116211e-01
9.998745918273925781e-01
9.976060986518859863e-01
7.426786422729492188e-01
7.554347515106201172e-01
9.923536181449890137e-01
9.580137729644775391e-01
9.618610143661499023e-01
9.910407662391662598e-01
9.940676093101501465e-01
2.531287372112274170e-01
9.934306144714355469e-01
9.986684918403625488e-01
9.973976612091064453e-01
9.971209168434143066e-01
9.359657168388366699e-01
9.347531795501708984e-01
9.156603813171386719e-01
9.619379043579101562e-01
9.762824177742004395e-01
9.963721632957458496e-01
8.812736272811889648e-01
8.073194622993469238e-01
9.974545240402221680e-01
9.948103427886962891e-01
9.887516498565673828e-01
9.779637455940246582e-01
9.944984912872314453e-01
9.273413419723510742e-01
9.842237234115600586e-01
9.774791598320007324e-01
9.955009818077087402e-01
9.986668229103088379e-01
9.967520236968994141e-01
7.906361222267150879e-01
6.183292269706726074e-01
9.935999512672424316e-01
9.996437430381774902e-01
9.964536428451538086e-01
9.956536889076232910e-01
9.991003870964050293e-01
9.925558567047119141e-01
7.676945924758911133e-01
8.921793103218078613e-01
9.624581933021545410e-01
9.978672266006469727e-01
9.612479209899902344e-01
9.948166012763977051e-01
9.962968826293945312e-01
9.930550456047058105e-01
9.993762969970703125e-01
9.993701577186584473e-01
9.979265928268432617e-01
9.993811249732971191e-01
9.884810447692871094e-01
8.207265734672546387e-01
9.186770319938659668e-01
9.657260775566101074e-01
9.208678603172302246e-01
9.522655010223388672e-01
9.891125559806823730e-01
9.942363500595092773e-01
9.859637618064880371e-01
5.712901949882507324e-01
9.958254098892211914e-01
9.963688254356384277e-01
9.979544281959533691e-01
9.183385968208312988e-01
9.532529115676879883e-01
9.427407979965209961e-01
8.763857483863830566e-01
9.846840500831604004e-01
9.958961009979248047e-01
9.909941554069519043e-01
9.997717738151550293e-01
9.939938783645629883e-01
9.958781599998474121e-01
9.162427186965942383e-01
9.788110256195068359e-01
9.600355029106140137e-01
5.096237659454345703e-01
9.975165724754333496e-01
4.375745356082916260e-01
9.384193420410156250e-01
9.944890141487121582e-01
9.971749186515808105e-01
9.954549074172973633e-01
9.979414939880371094e-01
9.939805269241333008e-01
9.941681027412414551e-01
9.998325109481811523e-01
8.257455229759216309e-01
9.969982504844665527e-01
9.443051815032958984e-01
9.556255340576171875e-01
9.812374711036682129e-01
9.456062316894531250e-01
9.927052259445190430e-01
9.945233464241027832e-01
5.978244543075561523e-01
9.974578022956848145e-01
9.806566834449768066e-01
9.965402483940124512e-01
9.998925924301147461e-01
9.974428415298461914e-01
9.999840259552001953e-01
9.950166344642639160e-01
9.931995272636413574e-01
9.946152567863464355e-01
9.983466267585754395e-01
1.146812351748849323e-07
1.366329379379749298e-04
5.557001102715730667e-03
9.982379078865051270e-01
5.254654752206988633e-06
1.071455699275247753e-04
8.635627455078065395e-04
3.868083935230970383e-03
9.979429841041564941e-01
1.878813952207565308e-01
9.446390271186828613e-01
9.675156474113464355e-01
5.418497920036315918e-01
2.008648216724395752e-02
2.388852834701538086e-01
7.511615753173828125e-01
9.960361123085021973e-01
5.899378098547458649e-03
6.655968725681304932e-02
1.453829556703567505e-01
3.281052112579345703e-01
9.998219013214111328e-01
9.895358085632324219e-01
4.475094079971313477e-01
9.068668484687805176e-01
9.922510981559753418e-01
8.829004317522048950e-02
9.883801937103271484e-01
9.771329164505004883e-01
8.867970705032348633e-01
2.610903382301330566e-01
9.834801554679870605e-01
9.991050362586975098e-01
9.987964630126953125e-01
9.999857544898986816e-01
9.991844892501831055e-01
9.985671639442443848e-01
1.488790065050125122e-01
9.828150272369384766e-01
9.942785501480102539e-01
4.860391467809677124e-02
9.950670003890991211e-01
9.949163198471069336e-01
7.733919471502304077e-02
4.598658084869384766e-01
9.882566928863525391e-01
9.942178130149841309e-01
9.999582171440124512e-01
9.807837009429931641e-01
7.711991667747497559e-01
5.895280241966247559e-01
9.922778010368347168e-01
8.907402157783508301e-01
8.550313168598222546e-07
2.162068337202072144e-01
9.930223226547241211e-01
9.789425092776582460e-08
1.776127319317311049e-04
5.056110094301402569e-04
9.627456893213093281e-04
9.998916983604431152e-01
9.279329776763916016e-01
9.579976797103881836e-01
9.790976643562316895e-01
9.939431548118591309e-01
9.993138909339904785e-01
2.488233745098114014e-01
9.653501510620117188e-01
6.381877660751342773e-01
1.396150141954421997e-01
5.198362469673156738e-01
9.945068955421447754e-01
9.812546968460083008e-01
9.999744892120361328e-01
9.989022016525268555e-01
8.750672340393066406e-01
8.081296086311340332e-01
9.934917092323303223e-01
9.855501055717468262e-01
6.152670830488204956e-02
5.492126345634460449e-01
9.824416041374206543e-01
1.897628158330917358e-01
7.628437876701354980e-01
9.942013621330261230e-01
9.961670637130737305e-01
9.999684691429138184e-01
9.954093694686889648e-01
9.908241629600524902e-01
6.195444464683532715e-01
9.951221942901611328e-01
9.977572560310363770e-01
6.577412039041519165e-02
3.887222707271575928e-01
9.918436408042907715e-01
9.975129961967468262e-01
3.806559145450592041e-01
9.344845414161682129e-01
9.920169115066528320e-01
9.999105334281921387e-01
9.718395471572875977e-01
5.065640211105346680e-01
9.360483288764953613e-01
9.594712257385253906e-01
9.964113235473632812e-01
1.312729269266128540e-01
9.862176179885864258e-01
9.954883456230163574e-01
9.902780652046203613e-01
1.677658408880233765e-02
9.253439903259277344e-01
9.960598349571228027e-01
9.996415972709655762e-01
8.111289739608764648e-01
8.803906440734863281e-01
9.563308954238891602e-01
5.394389033317565918e-01
8.463875651359558105e-01
1.222350150346755981e-01
9.340521097183227539e-01
9.385669827461242676e-01
9.991221427917480469e-01
3.449881374835968018e-01
7.413905262947082520e-01
9.746537208557128906e-01
9.999178647994995117e-01
9.874925613403320312e-01
9.261915683746337891e-01
9.554685354232788086e-01
9.935434460639953613e-01
9.716480374336242676e-01
1.246668547391891479e-01
9.687380790710449219e-01
9.840697050094604492e-01
9.681349396705627441e-01
2.268926799297332764e-01
9.824264645576477051e-01
9.973047375679016113e-01
1.430501462891697884e-03
1.730687290546484292e-05
8.968488600658020005e-07
9.893783330917358398e-01
6.625192612409591675e-02
9.263004660606384277e-01
7.497490849345922470e-03
2.352680638432502747e-02
9.560806155204772949e-01
8.634834289550781250e-01
8.997907638549804688e-01
9.419792890548706055e-01
9.870870113372802734e-01
9.970167875289916992e-01
7.146719694137573242e-01
7.320098876953125000e-01
9.927179217338562012e-01
8.807744383811950684e-01
9.984875321388244629e-01
9.761367440223693848e-01
8.525354266166687012e-01
8.377622812986373901e-02
9.967557787895202637e-01
9.985634684562683105e-01
9.960892200469970703e-01
9.916348457336425781e-01
9.999851584434509277e-01
9.996581673622131348e-01
9.985744953155517578e-01
1.750888652168214321e-03
9.589186906814575195e-01
9.968107342720031738e-01
4.491102663450874388e-05
9.909494221210479736e-02
9.973685741424560547e-01
1.950029763975180686e-05
3.580944612622261047e-04
2.410182030871510506e-03
3.578782081604003906e-02
9.961081743240356445e-01
8.491002321243286133e-01
9.940067529678344727e-01
3.033055067062377930e-01
6.526493430137634277e-01
9.959955811500549316e-01
9.984688162803649902e-01
3.737238701432943344e-03
6.493194699287414551e-01
9.978618025779724121e-01
9.985934495925903320e-01
9.965308308601379395e-01
9.976893663406372070e-01
9.961940050125122070e-01
9.811824560165405273e-01
9.947329163551330566e-01
2.585854530334472656e-01
8.736965060234069824e-01
9.933750033378601074e-01
5.925842523574829102e-01
1.223745122551918030e-01
8.954042196273803711e-01
8.552584797143936157e-02
3.774627577513456345e-03
4.298771731555461884e-03
1.065366938710212708e-01
9.999545812606811523e-01
9.998080134391784668e-01
9.997466802597045898e-01
8.935932815074920654e-02
9.917942881584167480e-01
9.997690320014953613e-01
1.207287758588790894e-01
9.993357583880424500e-03
2.348923534154891968e-01
9.091511368751525879e-01
1.004170626401901245e-01
1.231209337711334229e-01
1.423060595989227295e-01
9.997931122779846191e-01
9.967646002769470215e-01
9.995095729827880859e-01
7.763808965682983398e-01
9.199464321136474609e-01
9.985629916191101074e-01
8.196756839752197266e-01
2.713910341262817383e-01
2.168056368827819824e-01
9.994478821754455566e-01
5.127296447753906250e-01
4.805884957313537598e-01
8.780047893524169922e-01
9.974594116210937500e-01
9.483736753463745117e-01
9.991240501403808594e-01
9.315422773361206055e-01
9.889357686042785645e-01
9.969799518585205078e-01
9.932320713996887207e-01
9.480336308479309082e-01
8.167392611503601074e-01
9.936655759811401367e-01
9.969862699508666992e-01
1.415931433439254761e-01
6.446706652641296387e-01
9.992997646331787109e-01
9.985653758049011230e-01
9.997518062591552734e-01
9.860163331031799316e-01
9.771375656127929688e-01
9.936422705650329590e-01
9.986501932144165039e-01
9.852727055549621582e-01
9.876480102539062500e-01
5.162366852164268494e-02
9.903131127357482910e-01
4.968849122524261475e-01
7.250216603279113770e-01
9.995930790901184082e-01
9.800094366073608398e-01
9.990478754043579102e-01
2.652321159839630127e-01
9.738038778305053711e-01
9.964749217033386230e-01
9.883714318275451660e-01
7.932025194168090820e-01
6.701241135597229004e-01
9.975528120994567871e-01
9.976657629013061523e-01
9.981152415275573730e-01
9.792094230651855469e-01
9.640076160430908203e-01
6.966234445571899414e-01
9.953480362892150879e-01
9.902683496475219727e-01
9.629473090171813965e-01
9.975051879882812500e-01
9.991794824600219727e-01
9.982979893684387207e-01
5.884342193603515625e-01
9.949739575386047363e-01
9.698203802108764648e-01
9.990234971046447754e-01
9.994645118713378906e-01
9.985166192054748535e-01
8.466162681579589844e-01
9.976924657821655273e-01
9.871444106101989746e-01
9.886343479156494141e-01
9.970939755439758301e-01
2.399914413690567017e-01
9.911366105079650879e-01
9.624948501586914062e-01
4.738939926028251648e-03
2.793149277567863464e-02
1.517119854688644409e-01
1.981292515993118286e-01
9.989725947380065918e-01
9.993427395820617676e-01
9.995393157005310059e-01
8.914520740509033203e-01
9.851457476615905762e-01
9.993551969528198242e-01
9.896642565727233887e-01
5.107890501676592976e-06
1.023614895530045033e-04
9.904916286468505859e-01
9.972279071807861328e-01
9.966024756431579590e-01
8.490923047065734863e-01
9.961389303207397461e-01
9.941202998161315918e-01
9.997541308403015137e-01
9.845567345619201660e-01
9.898782372474670410e-01
9.812235236167907715e-01
9.966387748718261719e-01
9.989446401596069336e-01
7.566142812720499933e-06
9.925568103790283203e-01
9.975520372390747070e-01
9.897083044052124023e-01
9.776856899261474609e-01
9.879727363586425781e-01
9.676035046577453613e-01
9.995920658111572266e-01
9.325913786888122559e-01
9.935255050659179688e-01
9.880653023719787598e-01
9.920111298561096191e-01
9.994552135467529297e-01
9.955062270164489746e-01
9.206302165985107422e-01
6.803638488054275513e-02
6.194172501564025879e-01
9.037001729011535645e-01
9.910480380058288574e-01
7.554922103881835938e-01
9.947304129600524902e-01
9.900767207145690918e-01
9.762815833091735840e-01
9.753026366233825684e-01
9.971833825111389160e-01
9.998556971549987793e-01
9.979339241981506348e-01
9.960390329360961914e-01
3.037619888782501221e-01
9.174984097480773926e-01
9.754704833030700684e-01
9.355531930923461914e-01
9.767516255378723145e-01
9.989718198776245117e-01
9.970602393150329590e-01
9.932582378387451172e-01
9.883114695549011230e-01
9.956388473510742188e-01
9.988555312156677246e-01
9.987345933914184570e-01
9.994269013404846191e-01
9.890891909599304199e-01
3.387579917907714844e-01
9.185809493064880371e-01
9.713447093963623047e-01
9.983686804771423340e-01
9.998928308486938477e-01
9.985819458961486816e-01
9.988739490509033203e-01
9.988322257995605469e-01
9.889065623283386230e-01
9.985284805297851562e-01
9.935243129730224609e-01
9.828541874885559082e-01
9.508325457572937012e-01
9.700073599815368652e-01
7.209829092025756836e-01
8.789907693862915039e-01
9.976753592491149902e-01
9.997810125350952148e-01
9.981051087379455566e-01
9.916532039642333984e-01
9.995530247688293457e-01
9.958526492118835449e-01
9.997121691703796387e-01
9.990564584732055664e-01
9.991691112518310547e-01
9.894049763679504395e-01
9.995750784873962402e-01
9.899079799652099609e-01
9.998803734779357910e-01
9.984426498413085938e-01
9.149939417839050293e-01
7.800504565238952637e-01
8.076688051223754883e-01
9.911040067672729492e-01
9.474789500236511230e-01
9.949437975883483887e-01
9.954499602317810059e-01
2.306450009346008301e-01
9.919205307960510254e-01
9.990366697311401367e-01
9.987494945526123047e-01
9.997702836990356445e-01
9.876082539558410645e-01
8.948810696601867676e-01
6.811106204986572266e-01
8.013329505920410156e-01
9.831435084342956543e-01
9.319055080413818359e-01
4.099275544285774231e-02
8.985915184020996094e-01
9.962313771247863770e-01
8.892180323600769043e-01
7.281587719917297363e-01
9.275794625282287598e-01
9.925785064697265625e-01
9.932664632797241211e-01
9.977738261222839355e-01
9.743347764015197754e-01
9.182100892066955566e-01
9.865074753761291504e-01
9.972814917564392090e-01
9.959633946418762207e-01
4.725049138069152832e-01
9.958662986755371094e-01
9.997860193252563477e-01
9.979671239852905273e-01
9.790967106819152832e-01
9.955794215202331543e-01
8.863161206245422363e-01
5.455977097153663635e-02
9.815176129341125488e-01
9.664394855499267578e-01
6.856109499931335449e-01
9.953179359436035156e-01
5.061619281768798828e-01
3.624177575111389160e-01
9.964455366134643555e-01
9.972061514854431152e-01
9.968599081039428711e-01
9.889911413192749023e-01
9.991732835769653320e-01
9.901410937309265137e-01
6.298097968101501465e-01
8.717635869979858398e-01
9.316471219062805176e-01
9.954808354377746582e-01
9.845419526100158691e-01
8.081598877906799316e-01
9.957412481307983398e-01
9.945402741432189941e-01
9.677185416221618652e-01
9.912847876548767090e-01
9.956366419792175293e-01
9.957742691040039062e-01
7.762401103973388672e-01
6.434879451990127563e-02
9.810665845870971680e-01
9.799619317054748535e-01
9.167287945747375488e-01
9.962084293365478516e-01
9.875494837760925293e-01
9.995983242988586426e-01
9.957849979400634766e-01
9.957003593444824219e-01
9.207553267478942871e-01
9.557082056999206543e-01
9.802219867706298828e-01
3.500866293907165527e-01
9.650701880455017090e-01
9.965426325798034668e-01
7.046058773994445801e-01
9.573920369148254395e-01
9.973864555358886719e-01
9.958557486534118652e-01
9.984210729598999023e-01
9.977730512619018555e-01
9.955196976661682129e-01
9.998887777328491211e-01
7.286991477012634277e-01
9.971222877502441406e-01
9.240663051605224609e-01
9.309977293014526367e-01
9.368442296981811523e-01
9.793244600296020508e-01
7.771064639091491699e-01
9.969736337661743164e-01
9.758902788162231445e-01
9.962301850318908691e-01
9.826264977455139160e-01
9.967109560966491699e-01
9.999102354049682617e-01
9.994527697563171387e-01
9.999241828918457031e-01
9.973611831665039062e-01
8.478206396102905273e-01
6.998929977416992188e-01
6.893700361251831055e-01
9.930329322814941406e-01
8.476889133453369141e-01
9.752150774002075195e-01
9.953854680061340332e-01
7.823733176337555051e-05
2.275842241942882538e-03
5.604729987680912018e-03
4.286926705390214920e-03
9.996202588081359863e-01
9.977602958679199219e-01
9.623034596443176270e-01
8.274646401405334473e-01
9.855526089668273926e-01
9.880239367485046387e-01
9.992947578430175781e-01
7.255708575248718262e-01
9.429293274879455566e-01
1.163433045148849487e-01
5.289601683616638184e-01
9.257412552833557129e-01
8.452262878417968750e-01
9.999515414237976074e-01
9.997993707656860352e-01
9.409556388854980469e-01
3.652401566505432129e-01
3.455623686313629150e-01
9.959556460380554199e-01
9.620135426521301270e-01
5.817719101905822754e-01
9.942269921302795410e-01
2.182937562465667725e-01
9.550999999046325684e-01
9.914718866348266602e-01
9.936411976814270020e-01
9.999316334724426270e-01
9.994187951087951660e-01
9.975972175598144531e-01
3.894456326961517334e-01
4.795879125595092773e-01
9.931094050407409668e-01
9.969578981399536133e-01
7.047746181488037109e-01
9.928414821624755859e-01
9.961516857147216797e-01
1.267940402030944824e-01
3.690855503082275391e-01
9.961102008819580078e-01
9.902428984642028809e-01
7.235571146011352539e-01
4.933393597602844238e-01
9.913721084594726562e-01
4.918163418769836426e-01
5.489596724510192871e-01
3.371220827102661133e-01
1.674940139055252075e-01
6.165208220481872559e-01
9.977850317955017090e-01
1.451705116778612137e-03
1.675206422805786133e-02
8.660637140274047852e-01
9.998393058776855469e-01
9.978736042976379395e-01
9.620261788368225098e-01
8.557797074317932129e-01
9.089071750640869141e-01
9.920736551284790039e-01
9.655154943466186523e-01
9.566506743431091309e-01
9.850849509239196777e-01
9.919967055320739746e-01
2.054823786020278931e-01
9.921902418136596680e-01
9.981593489646911621e-01
8.062409162521362305e-01
3.256421685218811035e-01
1.380822211503982544e-01
9.983627200126647949e-01
1.953082345426082611e-02
8.076104521751403809e-01
9.944406151771545410e-01
9.948506951332092285e-01
5.173321114853024483e-04
9.561988711357116699e-01
8.953288793563842773e-01
9.730474352836608887e-01
9.968807697296142578e-01
9.998289942741394043e-01
9.958407282829284668e-01
4.094437062740325928e-01
2.186943292617797852e-01
6.520811319351196289e-01
9.938229918479919434e-01
7.265683412551879883e-01
7.239901423454284668e-01
9.940575361251831055e-01
9.927119016647338867e-01
3.893521428108215332e-01
1.637579202651977539e-01
1.388039141893386841e-01
9.998686313629150391e-01
9.965148568153381348e-01
8.567653894424438477e-01
1.032839119434356689e-01
9.585661888122558594e-01
9.811690449714660645e-01
9.106637239456176758e-01
1.249188631772994995e-01
9.875084161758422852e-01
9.959983229637145996e-01
6.751684704795479774e-04
1.326065044850111008e-03
1.461200532503426075e-03
9.999527335166931152e-01
9.996389150619506836e-01
9.990375041961669922e-01
3.405926749110221863e-02
1.265727728605270386e-01
9.933964014053344727e-01
9.946488738059997559e-01
5.870425105094909668e-01
6.985329389572143555e-01
9.969257712364196777e-01
9.571312069892883301e-01
1.183042302727699280e-02
7.988293170928955078e-01
9.998995065689086914e-01
9.994863867759704590e-01
9.969816207885742188e-01
2.037288546562194824e-01
6.431465744972229004e-01
9.900887608528137207e-01
9.012183547019958496e-01
7.795100212097167969e-01
8.515987396240234375e-01
9.824697971343994141e-01
9.914409518241882324e-01
9.928046464920043945e-01
7.165445685386657715e-01
9.998416900634765625e-01
9.965068101882934570e-01
9.867424368858337402e-01
5.617642402648925781e-01
6.798726916313171387e-01
9.843033552169799805e-01
9.947557449340820312e-01
9.137332439422607422e-01
9.548400044441223145e-01
9.910450577735900879e-01
9.739502668380737305e-01
9.444056153297424316e-01
7.596656680107116699e-01
8.898257017135620117e-01
7.336828112602233887e-01
9.910913705825805664e-01
9.978144764900207520e-01
2.523105144500732422e-01
5.405188798904418945e-01
9.973315000534057617e-01
9.959372282028198242e-01
3.153814375400543213e-02
9.908259510993957520e-01
9.762682318687438965e-01
8.790410161018371582e-01
9.605916142463684082e-01
9.989163279533386230e-01
9.919174909591674805e-01
9.915678501129150391e-01
8.504467606544494629e-01
9.811465740203857422e-01
9.876221418380737305e-01
9.983649253845214844e-01
9.973289966583251953e-01
9.983404278755187988e-01
9.925417304039001465e-01
8.122913241386413574e-01
9.510380029678344727e-01
6.041373610496520996e-01
9.997608661651611328e-01
9.995731115341186523e-01
9.984232783317565918e-01
4.114474356174468994e-01
6.406015753746032715e-01
9.676547646522521973e-01
9.934402704238891602e-01
9.432373046875000000e-01
9.690210223197937012e-01
9.945052862167358398e-01
9.207682609558105469e-01
4.293583515391219407e-06
1.373514096485450864e-04
9.959411025047302246e-01
9.967956542968750000e-01
9.975056648254394531e-01
7.924160957336425781e-01
9.933612346649169922e-01
9.964470267295837402e-01
9.988150596618652344e-01
9.712950587272644043e-01
9.821436405181884766e-01
9.842365980148315430e-01
9.921788573265075684e-01
9.108369946479797363e-01
1.921501941978931427e-02
9.994300007820129395e-01
9.997854828834533691e-01
9.996976256370544434e-01
6.021628379821777344e-01
8.954468965530395508e-01
9.714097380638122559e-01
9.955228567123413086e-01
9.845437407493591309e-01
9.984146356582641602e-01
9.792219996452331543e-01
9.949126839637756348e-01
9.943168759346008301e-01
9.994838237762451172e-01
9.998069405555725098e-01
9.988787770271301270e-01
8.517444133758544922e-01
4.564413130283355713e-01
6.447389721870422363e-01
9.928148388862609863e-01
9.535633921623229980e-01
5.907428264617919922e-01
9.409227371215820312e-01
9.898571372032165527e-01
6.811720728874206543e-01
9.942032098770141602e-01
9.932087659835815430e-01
9.994826316833496094e-01
9.921938776969909668e-01
8.017866015434265137e-01
8.602487444877624512e-01
8.190672993659973145e-01
9.813129901885986328e-01
9.756805300712585449e-01
9.799138903617858887e-01
9.941982030868530273e-01
9.928066730499267578e-01
9.961813092231750488e-01
9.885851740837097168e-01
9.922534227371215820e-01
9.996457695960998535e-01
9.957933425903320312e-01
9.978981614112854004e-01
6.091440916061401367e-01
9.351670145988464355e-01
9.797471761703491211e-01
9.979642033576965332e-01
9.257052540779113770e-01
9.958425760269165039e-01
9.970826506614685059e-01
9.855282306671142578e-01
9.991945624351501465e-01
9.989728927612304688e-01
9.966307282447814941e-01
8.997669816017150879e-01
7.865244150161743164e-01
9.538562297821044922e-01
9.781829118728637695e-01
9.742022752761840820e-01
9.528610706329345703e-01
9.890360236167907715e-01
9.969413280487060547e-01
9.995700716972351074e-01
9.947278499603271484e-01
9.663941860198974609e-01
9.836512804031372070e-01
9.922897815704345703e-01
8.624149560928344727e-01
1.875215321779251099e-01
9.947515726089477539e-01
9.358357191085815430e-01
9.887937903404235840e-01
9.445828795433044434e-01
9.969369173049926758e-01
9.996233582496643066e-01
9.994239211082458496e-01
9.982841014862060547e-01
1.476322952657938004e-02
9.515675902366638184e-01
9.984345436096191406e-01
9.792348146438598633e-01
7.762261629104614258e-01
9.128409028053283691e-01
9.743381142616271973e-01
8.345935940742492676e-01
6.429097056388854980e-01
9.564849734306335449e-01
9.929438233375549316e-01
9.934881329536437988e-01
9.726487994194030762e-01
9.237251877784729004e-01
9.842326641082763672e-01
9.584046006202697754e-01
5.744302272796630859e-01
7.722885608673095703e-01
9.978814721107482910e-01
8.802781701087951660e-01
9.550874829292297363e-01
9.323837757110595703e-01
9.971670508384704590e-01
9.975938200950622559e-01
9.966676831245422363e-01
9.935410618782043457e-01
9.899519085884094238e-01
8.692126870155334473e-01
9.956251382827758789e-01
9.833900928497314453e-01
8.299601078033447266e-01
9.755728244781494141e-01
9.812114834785461426e-01
9.581651687622070312e-01
9.497694373130798340e-01
9.965801239013671875e-01
1.143285036087036133e-01
9.996222257614135742e-01
9.847621917724609375e-01
9.958102107048034668e-01
9.376758337020874023e-01
9.989122748374938965e-01
9.992818236351013184e-01
9.993212223052978516e-01
8.913116455078125000e-01
9.872644543647766113e-01
9.872169494628906250e-01
9.931446313858032227e-01
9.914766550064086914e-01
9.986799359321594238e-01
9.992653131484985352e-01
9.629626274108886719e-01
9.958865642547607422e-01
8.933267593383789062e-01
