8.309709372428747409e-01
9.116351191814129340e-01
6.785813552418263894e-01
7.001072330973469038e-01
6.768762910953507461e-01
1.558383103066052489e-01
7.655681371688842773e-01
8.768285650473374160e-01
7.191048476558464797e-01
7.397129856623135824e-01
9.043536747877414239e-01
9.039811904613788140e-01
9.501881966224083875e-01
9.762742702777569281e-01
6.428719950983157183e-01
6.732113017766935270e-01
7.605077639186325067e-01
6.566750736763844465e-01
9.158367560460016765e-01
9.313073525061974500e-01
9.589159626227158340e-01
9.118553216640765680e-01
9.465322586206289524e-01
9.805609996502215875e-01
9.058353728972948771e-01
8.457588954613759480e-01
9.417894803560696859e-01
6.482297828009065954e-01
7.924464046955108643e-01
8.950427976938394314e-01
9.512050793721125164e-01
9.437522246287419758e-01
9.656880818880521078e-01
9.306863317122826551e-01
9.649957189193139051e-01
8.955351320596841580e-01
9.523704510468703477e-01
4.607644442109107841e-01
4.763035024158083219e-01
8.091582524088712924e-01
7.447674411993759902e-01
4.950279388157498572e-01
7.958270162343978882e-01
7.844054865149351352e-01
7.961258687652074117e-01
8.008986419210066821e-01
7.760251703170629733e-01
8.528073441523772447e-01
5.125249874167295827e-01
8.623977114374821173e-01
4.685217045933733337e-01
8.025666588129332091e-01
5.314050203977296327e-01
5.170032002318364350e-01
7.592000594505896593e-01
8.767181348342162339e-01
8.607559522184041745e-01
8.952617393090174236e-01
9.350687678043658746e-01
6.455255891554630976e-01
8.228456700627737597e-01
9.152896676559276745e-01
8.744697759930903924e-01
9.131288092869979112e-01
9.329992761978735949e-01
9.670408230561476914e-01
9.875720693514897786e-01
8.961818951826828750e-01
8.277326240562475901e-01
9.462413145945622883e-01
8.010325939036332388e-01
9.350491578762347711e-01
8.896481240024933790e-01
8.974971771240234375e-01
9.610196948051452637e-01
6.198413205258055392e-01
8.342147045410596151e-01
7.956910775257990398e-01
7.724466209228222358e-01
5.571136099572938649e-01
9.085830323971234579e-01
6.851333768841308958e-01
6.460733677332217706e-01
6.091322910506278276e-01
7.075075873961815809e-01
8.499168295126694472e-01
9.031866788864135742e-01
7.874444184394983060e-01
9.350507626166710828e-01
7.568134477901716783e-01
8.947067697747395076e-01
9.549499383339514758e-01
8.529304151351635443e-01
9.518239498138427734e-01
9.552066096892724012e-01
9.594111809363732313e-01
8.359068730272926073e-01
9.186231860747704481e-01
9.165298847051767117e-01
9.001902571091284777e-01
9.767731428146362305e-01
