3.886375343427062035e-04
4.902110695838928223e-01
2.928740531206130981e-02
1.677823252975940704e-02
7.617660611867904663e-02
5.806576013565063477e-01
4.389083385467529297e-01
4.757172465324401855e-01
2.212126851081848145e-01
1.934054195880889893e-01
2.516933083534240723e-01
5.623620748519897461e-01
4.657596051692962646e-01
3.663815732579678297e-04
6.486938595771789551e-01
3.975694067776203156e-03
1.142180917668156326e-04
4.134898632764816284e-02
3.058159947395324707e-01
8.919682353734970093e-03
1.492733228951692581e-02
5.642802715301513672e-01
1.454263925552368164e-01
1.749595403671264648e-01
3.927391767501831055e-02
4.377300143241882324e-01
2.959187258966267109e-04
6.952585186809301376e-03
7.998991012573242188e-01
4.256423190236091614e-02
2.216477319598197937e-02
1.571848243474960327e-01
2.781266272068023682e-01
2.452865689992904663e-01
1.232804432511329651e-01
2.677192389965057373e-01
1.999572515487670898e-01
3.508869111537933350e-01
2.694839835166931152e-01
1.767207495868206024e-02
4.205147852189838886e-04
3.711673319339752197e-01
3.104185685515403748e-02
2.116676419973373413e-02
3.890619277954101562e-01
4.163768589496612549e-01
3.391913473606109619e-01
4.751015305519104004e-01
1.916417330503463745e-01
3.996468782424926758e-01
2.597499191761016846e-01
7.408157736063003540e-02
1.155877038836479187e-01
2.308465191163122654e-04
3.983460962772369385e-01
3.521327972412109375e-01
4.445596411824226379e-02
3.994483947753906250e-01
3.755165636539459229e-01
3.779749199748039246e-02
2.951926589012145996e-01
2.058041542768478394e-01
3.845853507518768311e-01
4.827067553997039795e-01
2.845785617828369141e-01
9.902162710204720497e-04
8.044602000154554844e-04
4.270619451999664307e-01
4.152581095695495605e-01
3.989596664905548096e-01
2.467956095933914185e-01
9.581635147333145142e-02
1.633202582597732544e-01
2.711243554949760437e-02
8.078479440882802010e-04
1.133399270474910736e-02
3.753985464572906494e-02
6.034566462039947510e-02
5.775878205895423889e-03
4.376643337309360504e-03
7.091560363769531250e-01
8.295562118291854858e-02
1.976414471864700317e-01
3.808668628334999084e-02
4.343229830265045166e-01
3.400451689958572388e-02
5.383691564202308655e-02
5.516703724861145020e-01
1.801820285618305206e-02
2.036151140928268433e-01
2.354709208011627197e-01
2.404771149158477783e-01
5.403332761488854885e-04
1.167868147604167461e-03
1.632042825222015381e-01
3.229689970612525940e-02
1.573155969381332397e-01
3.998039662837982178e-01
4.532285034656524658e-01
1.296974569559097290e-01
3.528537154197692871e-01
2.932854592800140381e-01
3.114005178213119507e-02
2.979264855384826660e-01
1.663438975811004639e-03
1.585360616445541382e-02
6.223520636558532715e-01
1.158447638154029846e-01
3.633433580398559570e-02
2.843096444848924875e-04
3.579309582710266113e-01
4.047903418540954590e-01
1.496075689792633057e-01
8.074714988470077515e-02
1.557192057371139526e-01
2.553081810474395752e-01
5.614742264151573181e-02
1.112833968363702297e-03
1.985398828983306885e-01
2.198543250560760498e-01
7.193519920110702515e-02
7.390058133751153946e-03
1.662200689315795898e-02
4.571652710437774658e-01
5.407158136367797852e-01
2.050252445042133331e-02
2.367551624774932861e-01
1.360697206109762192e-03
4.683615267276763916e-01
1.772769987583160400e-01
8.115929365158081055e-02
8.620350807905197144e-02
4.004189968109130859e-01
6.292202323675155640e-02
7.767610368318855762e-04
1.993314027786254883e-01
3.981472849845886230e-01
2.010830491781234741e-01
2.087069898843765259e-01
2.831910923123359680e-02
1.121299043297767639e-01
3.742014989256858826e-02
1.947856247425079346e-01
1.403049230575561523e-01
1.236956790089607239e-01
1.685236543416976929e-01
2.141899615526199341e-01
1.794898360967636108e-01
3.210193663835525513e-02
3.391981720924377441e-01
2.393428981304168701e-01
4.600574076175689697e-02
2.035846412181854248e-01
3.035474419593811035e-01
2.003314793109893799e-01
1.231173947453498840e-01
1.454879343509674072e-02
2.464852184057235718e-01
3.759329319000244141e-01
1.154040470719337463e-01
1.780275022611021996e-03
1.278923451900482178e-01
3.983309864997863770e-01
2.931561768054962158e-01
1.763148158788681030e-01
4.576354026794433594e-01
2.398860156536102295e-01
1.878366023302078247e-01
1.633928716182708740e-01
9.886838197708129883e-01
1.048620976507663727e-02
4.159695506095886230e-01
7.385215908288955688e-02
4.949721992015838623e-01
5.187059044837951660e-01
3.229894340038299561e-01
1.026844307780265808e-01
2.932293713092803955e-01
3.880271315574645996e-01
1.672710776329040527e-01
4.266833886504173279e-02
6.010342240333557129e-01
8.346948623657226562e-01
3.927343524992465973e-03
3.704168796539306641e-01
2.007312476634979248e-01
1.099915057420730591e-02
3.172527300193905830e-03
5.715693905949592590e-02
6.491605639457702637e-01
3.976594805717468262e-01
4.235885571688413620e-03
2.849372625350952148e-01
1.388672646135091782e-02
7.221328616142272949e-01
7.711703777313232422e-01
1.113088801503181458e-03
7.267334461212158203e-01
1.929237134754657745e-02
1.319531537592411041e-02
3.602156639099121094e-01
1.960345655679702759e-01
1.053520143032073975e-01
4.941661283373832703e-02
5.729692578315734863e-01
1.998076289892196655e-01
1.036583483219146729e-01
4.112446010112762451e-01
5.741491913795471191e-01
4.264431819319725037e-02
7.536371946334838867e-01
4.287612140178680420e-01
2.961281687021255493e-02
3.901501372456550598e-02
7.592384219169616699e-01
2.176487892866134644e-01
1.217272132635116577e-01
1.984418481588363647e-01
5.987204313278198242e-01
6.305422186851501465e-01
4.548571407794952393e-01
5.005956292152404785e-01
8.914826810359954834e-02
2.021720260381698608e-01
1.333601586520671844e-02
1.518669277429580688e-01
4.481671378016471863e-02
2.005299329757690430e-01
1.348692029714584351e-01
3.405044088140130043e-03
4.404295608401298523e-02
5.422764420509338379e-01
1.286786496639251709e-01
6.027029082179069519e-02
4.443928897380828857e-01
2.469643391668796539e-02
4.461072087287902832e-01
2.899714112281799316e-01
3.850011527538299561e-01
3.881826102733612061e-01
3.198888003826141357e-01
1.085837371647357941e-02
2.110147848725318909e-02
4.421383142471313477e-02
3.122059570159763098e-04
1.881178021430969238e-01
2.821806073188781738e-01
5.119156837463378906e-01
1.558393239974975586e-02
3.994493186473846436e-01
1.359669268131256104e-01
4.865680262446403503e-02
6.263644434511661530e-03
3.753044009208679199e-01
4.636036455631256104e-01
4.732071757316589355e-01
7.813972234725952148e-02
7.677886486053466797e-01
5.951644778251647949e-01
3.286513686180114746e-01
7.331732511520385742e-01
3.267946885898709297e-04
1.640478381887078285e-03
1.973277926445007324e-01
1.907824575901031494e-01
1.964453309774398804e-01
4.232881590723991394e-03
2.036865949630737305e-01
3.479131460189819336e-01
1.383253373205661774e-02
2.223625481128692627e-01
2.948983609676361084e-01
7.194327712059020996e-01
4.594756662845611572e-01
1.222158819437026978e-01
3.926655650138854980e-01
2.666287422180175781e-01
8.495000749826431274e-02
1.716386177577078342e-03
6.032881140708923340e-01
2.538963556289672852e-01
3.866848647594451904e-01
6.837239265441894531e-01
4.929240792989730835e-02
2.024817913770675659e-01
9.155831485986709595e-02
4.008717834949493408e-01
2.370227500796318054e-02
2.270405441522598267e-01
5.256344676017761230e-01
3.782408237457275391e-01
3.005132973194122314e-01
5.899456739425659180e-01
5.016093254089355469e-01
5.360390543937683105e-01
1.766246855258941650e-01
2.642808258533477783e-01
1.005780845880508423e-01
6.302683055400848389e-02
3.972595334053039551e-01
6.657338701188564301e-03
7.555422782897949219e-01
1.666781902313232422e-01
1.753303259611129761e-01
2.008487731218338013e-01
1.981519758701324463e-01
4.177419543266296387e-01
4.202280044555664062e-01
5.128493905067443848e-01
5.685421228408813477e-01
4.003083705902099609e-01
2.165735810995101929e-01
3.724842965602874756e-01
3.524184972047805786e-02
6.066548824310302734e-01
3.246847391128540039e-01
3.121427632868289948e-02
1.986948698759078979e-01
2.092183828353881836e-01
7.885373234748840332e-01
6.434689760208129883e-01
3.691080808639526367e-01
2.265227288007736206e-01
5.573028326034545898e-01
2.221235930919647217e-01
8.015477657318115234e-01
4.693808555603027344e-01
2.356673479080200195e-01
1.918809711933135986e-01
6.215490773320198059e-02
2.066362794721499085e-04
1.325997859239578247e-01
3.243904709815979004e-01
1.022852286696434021e-01
1.291802967898547649e-03
2.264401912689208984e-01
1.209393814206123352e-01
6.097872257232666016e-01
6.046678423881530762e-01
4.911465942859649658e-01
7.080246210098266602e-01
2.896718680858612061e-02
2.178926914930343628e-01
8.468686044216156006e-02
2.000461220741271973e-01
2.526706457138061523e-01
3.185717463493347168e-01
5.032012462615966797e-01
3.416877686977386475e-01
1.184049248695373535e-01
6.372847557067871094e-01
8.454725742340087891e-01
2.730519175529479980e-01
1.869496852159500122e-01
2.191305458545684814e-01
1.676818877458572388e-01
2.004997283220291138e-01
3.262573778629302979e-01
2.210612744092941284e-01
2.585210502147674561e-01
4.307651519775390625e-01
1.829728484153747559e-02
4.191607236862182617e-01
4.227910339832305908e-01
7.187128663063049316e-01
6.507275998592376709e-02
6.064929962158203125e-01
6.875292956829071045e-02
7.357082962989807129e-01
6.306127905845642090e-01
2.244391292333602905e-01
7.983862757682800293e-01
1.016851291060447693e-01
1.525167226791381836e-01
7.764347791671752930e-01
5.289999842643737793e-01
6.103123426437377930e-01
4.948900341987609863e-01
6.145847216248512268e-02
7.144497036933898926e-01
4.004218578338623047e-01
3.994470834732055664e-01
1.554448455572128296e-01
2.606958150863647461e-01
4.086052179336547852e-01
2.968412935733795166e-01
5.477842059917747974e-04
1.186252478510141373e-02
4.793269634246826172e-01
6.569389104843139648e-01
4.259694516658782959e-01
3.921121060848236084e-01
5.322388410568237305e-01
3.196665942668914795e-01
1.747785806655883789e-01
2.014330923557281494e-01
4.037075936794281006e-01
8.032523095607757568e-02
4.799174368381500244e-01
6.647371500730514526e-02
1.988547593355178833e-01
1.064378246665000916e-01
4.817603528499603271e-01
5.985321402549743652e-01
4.122701287269592285e-01
5.669192075729370117e-01
5.468004345893859863e-01
1.379121541976928711e-01
3.457270264625549316e-01
3.845332264900207520e-01
2.302642464637756348e-01
3.756703138351440430e-01
2.352038323879241943e-01
3.926475048065185547e-01
6.506667733192443848e-01
5.137970447540283203e-01
5.352900922298431396e-02
2.205547690391540527e-02
5.325529575347900391e-01
9.238299913704395294e-03
2.046308517456054688e-01
1.989669054746627808e-01
6.630893945693969727e-01
2.867359817028045654e-01
5.866517499089241028e-02
2.007783800363540649e-01
5.966923832893371582e-01
2.215389609336853027e-01
3.999631702899932861e-01
1.864919066429138184e-02
6.976820528507232666e-02
3.663518726825714111e-01
3.499226570129394531e-01
3.316742181777954102e-01
1.767761111259460449e-01
4.001317620277404785e-01
3.277354836463928223e-01
2.754842042922973633e-01
6.182350516319274902e-01
4.765217006206512451e-02
1.400952637195587158e-01
2.771271169185638428e-01
9.965041279792785645e-01
1.904029995203018188e-01
5.859050154685974121e-01
2.698611617088317871e-01
4.349130690097808838e-01
2.925770282745361328e-01
5.926560163497924805e-01
7.569144368171691895e-01
5.151568055152893066e-01
5.217568874359130859e-01
3.873510360717773438e-01
1.734401136636734009e-01
3.059667646884918213e-01
7.462242245674133301e-01
2.486654371023178101e-01
4.988083839416503906e-01
1.877663880586624146e-01
2.618874907493591309e-01
2.419665604829788208e-01
5.512610673904418945e-01
5.956060886383056641e-01
8.890509605407714844e-01
3.318957686424255371e-01
5.705461278557777405e-02
3.843844532966613770e-01
9.889357089996337891e-01
4.574997425079345703e-01
2.914657294750213623e-01
4.113298356533050537e-01
3.279445767402648926e-01
4.025686085224151611e-01
5.265923142433166504e-01
4.298127293586730957e-01
6.329228281974792480e-01
2.395523637533187866e-01
5.510873198509216309e-01
2.027588933706283569e-01
2.445424199104309082e-01
5.566153526306152344e-01
6.244017481803894043e-01
4.746871888637542725e-01
1.478535821661353111e-03
5.972489714622497559e-01
5.750731378793716431e-02
1.691679790383204818e-05
6.159450858831405640e-04
3.546785563230514526e-02
3.021896583959460258e-03
6.463906029239296913e-04
1.175191209767945111e-05
4.427057504653930664e-02
3.938582241535186768e-01
6.023628115653991699e-01
3.786883354187011719e-01
4.601841326802968979e-03
6.708450913429260254e-01
9.765169583261013031e-03
5.290048196911811829e-03
3.828236162662506104e-01
2.001095563173294067e-01
1.853660643100738525e-01
2.924254722893238068e-02
1.349317878484725952e-01
5.424969792366027832e-01
1.393926739692687988e-01
3.871370553970336914e-01
2.571246027946472168e-01
2.017508086282759905e-04
3.088529109954833984e-01
1.184034943580627441e-01
2.109372802078723907e-02
6.585384160280227661e-02
5.675418376922607422e-01
2.029192894697189331e-01
6.991191767156124115e-03
5.359936971217393875e-03
6.405367702245712280e-02
2.045455276966094971e-01
7.063239216804504395e-01
3.195176422595977783e-01
2.309492975473403931e-02
6.640536785125732422e-01
4.723702371120452881e-01
2.979512810707092285e-01
6.756788492202758789e-02
2.699002027511596680e-01
1.434179842472076416e-01
1.259425072930753231e-03
9.242194145917892456e-02
3.798569366335868835e-02
5.975538492202758789e-01
7.812291383743286133e-01
6.137014627456665039e-01
1.193882711231708527e-02
3.683384656906127930e-01
1.998239904642105103e-01
2.069529891014099121e-01
4.192158797877709731e-08
2.802512943744659424e-01
1.282714009284973145e-01
2.660163045220542699e-05
3.641315561253577471e-04
1.978978216648101807e-01
3.677605688571929932e-01
4.145498275756835938e-01
2.736476017162203789e-04
1.158197131007909775e-02
1.508957147598266602e-01
1.892354935407638550e-01
4.523438401520252228e-03
8.661993592977523804e-02
2.940869033336639404e-01
2.523044347763061523e-01
7.124861440388485789e-05
4.656901210546493530e-02
5.769922863692045212e-03
1.416814178228378296e-01
5.243338346481323242e-01
3.990022242069244385e-01
3.698158860206604004e-01
2.245382517576217651e-01
7.870033979415893555e-01
3.986431956291198730e-01
8.111347444355487823e-03
2.052802145481109619e-01
3.525237739086151123e-01
1.174118276685476303e-02
3.818577853962779045e-03
2.588543593883514404e-01
5.843983888626098633e-01
2.533247470855712891e-01
4.001650214195251465e-01
1.014114320278167725e-01
3.607568144798278809e-01
2.289982140064239502e-01
4.534197747707366943e-01
1.219504140317440033e-02
1.253595203161239624e-01
2.262422144412994385e-01
5.956821441650390625e-01
1.946776658296585083e-01
2.439360618591308594e-01
9.312511235475540161e-02
9.627673029899597168e-01
5.728263854980468750e-01
2.053401619195938110e-01
2.003700882196426392e-01
2.052018940448760986e-01
3.301190435886383057e-01
2.308766543865203857e-02
3.043974339962005615e-01
3.992145657539367676e-01
4.017749130725860596e-01
5.134018138051033020e-04
2.150208353996276855e-01
2.900221347808837891e-01
4.241074919700622559e-01
3.719733953475952148e-01
7.668887730687856674e-03
2.763915359973907471e-01
2.190006226301193237e-01
3.709961175918579102e-01
6.067151203751564026e-03
1.575602442026138306e-01
2.081675529479980469e-01
4.259282648563385010e-01
1.265200320631265640e-03
1.222195290029048920e-02
3.672521114349365234e-01
6.918682456016540527e-01
3.509849011898040771e-01
1.644669845700263977e-02
1.566666215658187866e-01
3.604322373867034912e-01
8.371425420045852661e-02
2.332113496959209442e-02
2.002038210630416870e-01
5.823590159416198730e-01
5.928457975387573242e-01
6.400143029168248177e-04
1.223643124103546143e-02
1.052156649529933929e-02
5.948929190635681152e-01
3.982871472835540771e-01
7.072465814417228103e-05
4.647199511528015137e-01
3.834788203239440918e-01
5.882380604743957520e-01
1.688072271645069122e-02
2.094157636165618896e-01
3.902984261512756348e-01
2.460746094584465027e-02
3.503827452659606934e-01
2.580564320087432861e-01
3.357605263590812683e-02
3.730220496654510498e-01
2.013574838638305664e-01
1.924059167504310608e-02
9.801783561706542969e-01
4.394991323351860046e-02
1.967499554157257080e-01
1.967160105705261230e-01
2.885551452636718750e-01
2.033255398273468018e-01
2.313250303268432617e-01
2.449913024902343750e-01
6.108563542366027832e-01
6.617363095283508301e-01
5.827963352203369141e-01
3.956353664398193359e-01
1.791800111532211304e-01
7.039903402328491211e-01
5.760931372642517090e-01
7.473218441009521484e-01
1.590784522704780102e-03
2.175491899251937866e-01
3.574997186660766602e-01
1.057245390256866813e-04
7.641833741217851639e-03
3.854854963719844818e-03
2.048377394676208496e-01
2.574823498725891113e-01
6.061529740691184998e-02
1.199429109692573547e-02
2.746324837207794189e-01
3.424138128757476807e-01
2.763243764638900757e-02
6.486086845397949219e-01
5.391881614923477173e-02
2.893802523612976074e-01
3.867964744567871094e-01
7.379326224327087402e-01
2.691423892974853516e-01
7.055334448814392090e-01
7.997937202453613281e-01
2.009522020816802979e-01
8.975813165307044983e-03
9.971733689308166504e-01
1.503465175628662109e-01
1.985194087028503418e-01
3.502016067504882812e-01
2.023343555629253387e-02
4.209741353988647461e-01
1.804299652576446533e-01
1.526700216345489025e-03
1.657178699970245361e-01
3.738831281661987305e-01
5.985356569290161133e-01
5.805724859237670898e-01
2.225709147751331329e-02
7.823588848114013672e-01
3.036333620548248291e-01
2.960976362228393555e-01
6.757988929748535156e-01
3.640002012252807617e-01
7.656336426734924316e-01
1.977141797542572021e-01
2.396896183490753174e-01
2.044278532266616821e-01
3.606980443000793457e-01
5.151207447052001953e-01
1.273517012596130371e-01
4.002150297164916992e-01
9.478165209293365479e-02
1.948647946119308472e-01
2.696346640586853027e-01
5.922187566757202148e-01
2.168589979410171509e-01
5.161493420600891113e-01
2.751841247081756592e-01
1.010834202170372009e-01
1.969725191593170166e-01
2.177614867687225342e-01
3.403744697570800781e-01
4.179712384939193726e-02
2.250316180288791656e-02
7.915548682212829590e-01
2.511831521987915039e-01
9.574194252490997314e-02
7.646265625953674316e-01
5.238065123558044434e-01
6.271768361330032349e-02
7.200338244438171387e-01
3.952181637287139893e-01
1.506066024303436279e-01
6.952078342437744141e-01
4.007549285888671875e-01
3.994872570037841797e-01
1.598535571247339249e-03
6.033875942230224609e-01
6.003134846687316895e-01
1.277592331171035767e-01
3.262960314750671387e-01
4.182010516524314880e-02
4.310930967330932617e-01
3.284098207950592041e-01
1.432828456163406372e-01
4.015466570854187012e-01
4.332933127880096436e-01
5.936905369162559509e-02
1.601381301879882812e-01
1.436761487275362015e-02
3.625684976577758789e-01
4.557208418846130371e-01
1.701003760099411011e-01
2.501967847347259521e-01
6.551827490329742432e-02
1.683827042579650879e-01
2.250108569860458374e-01
3.365303874015808105e-01
2.008008509874343872e-01
4.890681207180023193e-01
7.899262309074401855e-01
9.176961611956357956e-04
1.790616810321807861e-01
3.457326591014862061e-01
6.643573194742202759e-02
1.384366750717163086e-01
1.975054740905761719e-01
1.908196136355400085e-02
4.363267123699188232e-01
2.535044252872467041e-01
2.001528739929199219e-01
7.676320075988769531e-01
7.381220459938049316e-01
3.982468843460083008e-01
2.834568619728088379e-01
9.145798161625862122e-03
5.519217252731323242e-01
2.367998659610748291e-01
3.941148221492767334e-01
3.803965076804161072e-02
4.846052825450897217e-02
2.043733298778533936e-01
8.444067090749740601e-03
7.830476760864257812e-02
1.921035163104534149e-02
2.844004929065704346e-01
9.807774424552917480e-01
1.777313277125358582e-02
1.952184587717056274e-01
4.181617796421051025e-01
2.365327179431915283e-01
2.004050314426422119e-01
4.003248810768127441e-01
3.641023859381675720e-02
1.248418465256690979e-01
1.892812550067901611e-01
2.192804515361785889e-01
1.661800220608711243e-02
1.278438568115234375e-01
5.523115396499633789e-01
4.907968640327453613e-01
1.551579833030700684e-01
4.788082838058471680e-01
1.803406327962875366e-01
1.062943786382675171e-02
3.838642239570617676e-01
2.710467875003814697e-01
5.664782226085662842e-02
6.339630484580993652e-02
5.083833932876586914e-01
3.986387848854064941e-01
6.408293247222900391e-01
4.150780439376831055e-01
4.843953251838684082e-01
4.452674475032836199e-04
3.862366080284118652e-01
3.838586211204528809e-01
2.057958245277404785e-01
3.278050124645233154e-01
2.001421749591827393e-01
2.303118556737899780e-01
1.531982868909835815e-01
1.639319700188934803e-03
4.608405232429504395e-01
4.163294434547424316e-01
6.117824316024780273e-01
1.877195835113525391e-01
5.855539813637733459e-03
5.967540144920349121e-01
5.811764001846313477e-01
2.046994119882583618e-01
3.488132357597351074e-02
2.389797568321228027e-01
2.170397639274597168e-01
2.857923805713653564e-01
1.505880802869796753e-01
1.115880385041236877e-01
7.829005718231201172e-01
6.055260896682739258e-01
2.177773863077163696e-01
4.397757817059755325e-03
5.975853800773620605e-01
4.029714465141296387e-01
1.452958285808563232e-01
5.459573268890380859e-01
6.363663077354431152e-01
7.857641577720642090e-02
4.032588303089141846e-01
3.958466053009033203e-01
1.710800677537918091e-01
2.288306951522827148e-01
7.489744424819946289e-01
5.262888153083622456e-04
2.445186115801334381e-02
5.746499300003051758e-01
1.564674377441406250e-01
7.576330006122589111e-02
3.787965178489685059e-01
4.544107913970947266e-01
4.004869759082794189e-01
3.301884233951568604e-01
4.489656537771224976e-02
5.050384625792503357e-02
4.195819497108459473e-01
4.021373391151428223e-01
1.953022032976150513e-01
1.377717562718316913e-04
6.316962838172912598e-01
7.635094970464706421e-02
2.328162640333175659e-01
2.040753215551376343e-01
4.524626731872558594e-01
2.559602856636047363e-01
1.777121126651763916e-01
1.387419849634170532e-01
2.063155025243759155e-01
5.924224257469177246e-01
7.498329877853393555e-01
4.195791184902191162e-01
1.013090968626784161e-05
5.967860817909240723e-01
6.645464897155761719e-01
3.935910165309906006e-01
3.244599103927612305e-01
5.685077905654907227e-01
9.696117043495178223e-02
1.943027018569409847e-04
2.194789946079254150e-01
2.866507172584533691e-01
2.832877263426780701e-02
5.030245780944824219e-01
2.000664770603179932e-01
2.469927305355668068e-03
5.880696177482604980e-01
3.531859517097473145e-01
1.515459083020687103e-02
4.965818524360656738e-01
2.825664877891540527e-01
1.640839576721191406e-01
1.504061073064804077e-01
3.652682006359100342e-01
4.095713198184967041e-01
2.994116768240928650e-02
5.691608786582946777e-01
1.172954514622688293e-01
2.913421252742409706e-03
6.139960885047912598e-01
3.492609262466430664e-01
2.065546214580535889e-01
4.339355230331420898e-01
3.166448175907135010e-01
8.813881874084472656e-02
3.992177248001098633e-01
1.011040359735488892e-01
5.916104316711425781e-01
3.934286832809448242e-01
7.168603539466857910e-01
2.494481801986694336e-01
9.884352236986160278e-02
3.710978925228118896e-01
2.589115500450134277e-01
2.408979237079620361e-01
2.229417264461517334e-01
2.009338885545730591e-01
7.126252055168151855e-01
1.992315649986267090e-01
4.194304347038269043e-01
5.178992152214050293e-01
6.254194974899291992e-01
5.521736741065979004e-01
2.681284248828887939e-01
2.000429332256317139e-01
6.560906767845153809e-01
3.454130887985229492e-01
4.924285709857940674e-01
3.741721510887145996e-01
1.981616318225860596e-01
1.200480312108993530e-01
5.726081728935241699e-01
4.444167912006378174e-01
1.510997116565704346e-01
8.019134402275085449e-01
3.126726746559143066e-01
2.631428837776184082e-01
2.965855237562209368e-04
4.648730158805847168e-01
5.899670720100402832e-01
4.092852473258972168e-01
7.857775688171386719e-01
2.007572203874588013e-01
2.088195979595184326e-01
1.551120579242706299e-01
1.564186997711658478e-03
1.553583145141601562e-01
4.459826946258544922e-01
7.988780736923217773e-01
6.590640544891357422e-01
9.824152584769763052e-06
2.179119437932968140e-01
4.187719225883483887e-01
2.299978882074356079e-01
3.976276516914367676e-01
6.455647945404052734e-01
1.781471222639083862e-01
6.760690212249755859e-01
6.833051890134811401e-02
3.199588682036846876e-04
4.301522672176361084e-01
4.803574383258819580e-01
5.893052816390991211e-01
1.652865409851074219e-01
8.708056211471557617e-01
4.471958279609680176e-01
7.675623148679733276e-02
7.689164876937866211e-01
5.947330594062805176e-01
3.593020439147949219e-01
2.669326364994049072e-01
1.996752619743347168e-01
8.371711969375610352e-01
5.567076206207275391e-01
4.593802094459533691e-01
4.795164465904235840e-01
1.442680880427360535e-02
4.871711134910583496e-02
1.743228733539581299e-02
2.516390681266784668e-01
1.730106323957443237e-01
9.214654564857482910e-02
3.507024049758911133e-01
1.280189962926669978e-06
4.704386810772120953e-05
2.042041346430778503e-02
6.729742884635925293e-02
2.410288304090499878e-01
2.150876522064208984e-01
1.742731546983122826e-03
5.681053400039672852e-01
2.164622247219085693e-01
5.301257967948913574e-02
3.857973217964172363e-01
2.101517617702484131e-01
1.150844618678092957e-01
9.018577402457594872e-04
1.821579635143280029e-01
5.272502545267343521e-03
3.433270752429962158e-01
6.837313175201416016e-01
4.200062714517116547e-03
2.261489443480968475e-02
5.905970931053161621e-01
3.004500567913055420e-01
1.366204768419265747e-02
5.353949666023254395e-01
2.699823379516601562e-01
2.078378498554229736e-01
2.486631274223327637e-07
4.720600321888923645e-02
2.023997716605663300e-02
1.761109381914138794e-01
6.380376219749450684e-01
5.798605680465698242e-01
9.387467987835407257e-03
5.479198694229125977e-01
5.978213548660278320e-01
3.463828265666961670e-01
4.149510562419891357e-01
2.129153907299041748e-01
3.172696530818939209e-01
4.321205914020538330e-01
2.210924169048666954e-03
4.160558879375457764e-01
3.983617424964904785e-01
5.929094552993774414e-01
3.374646767042577267e-04
2.048142552375793457e-01
5.851638913154602051e-01
5.055670142173767090e-01
4.024952948093414307e-01
1.431412715464830399e-02
6.833110749721527100e-02
3.934732452034950256e-02
4.273504912853240967e-01
1.738423481583595276e-02
1.783510893583297729e-01
4.754204452037811279e-01
6.091237664222717285e-01
4.732814133167266846e-01
1.379830180667340755e-03
6.535265445709228516e-01
1.025742664933204651e-01
3.573532104492187500e-01
2.413580268621444702e-01
4.741069078445434570e-01
3.513730168342590332e-01
5.857897400856018066e-01
5.068711191415786743e-02
3.210345748811960220e-03
2.237925529479980469e-01
6.058914065361022949e-01
2.092188447713851929e-01
1.443782150745391846e-01
6.344127655029296875e-01
3.347291648387908936e-01
8.069680631160736084e-02
2.028669416904449463e-01
1.967115998268127441e-01
8.624664694070816040e-02
3.943191375583410263e-03
5.520533323287963867e-01
6.232595443725585938e-01
4.974137544631958008e-01
4.307045638561248779e-01
3.566205203533172607e-01
1.914931237697601318e-01
7.778093218803405762e-01
4.048929363489151001e-02
4.259840846061706543e-01
1.996009200811386108e-01
6.066868305206298828e-01
2.016237825155258179e-01
2.025936394929885864e-01
1.669408679008483887e-01
3.958519101142883301e-01
3.522021174430847168e-01
3.276942968368530273e-01
2.475082278251647949e-01
1.995342969894409180e-01
1.193744763731956482e-01
2.525572665035724640e-02
2.564612627029418945e-01
1.991700977087020874e-01
2.878364920616149902e-01
1.721532493829727173e-01
1.700759828090667725e-01
2.238574437797069550e-03
5.329533014446496964e-03
2.056941390037536621e-01
4.170693755149841309e-01
2.156620612367987633e-03
1.885960623621940613e-02
7.942847013473510742e-01
1.289365291595458984e-01
5.233774781227111816e-01
2.014121860265731812e-01
1.965430527925491333e-01
7.429008185863494873e-02
5.687780678272247314e-03
1.984489262104034424e-01
1.969085074961185455e-02
1.421741247177124023e-01
9.061166644096374512e-01
4.361515641212463379e-01
6.303518603090196848e-05
5.010758042335510254e-01
2.576061189174652100e-01
3.982394039630889893e-01
3.237532377243041992e-01
6.391530632972717285e-01
1.687870919704437256e-02
1.366489976644515991e-01
2.245261371135711670e-01
1.986384689807891846e-01
1.896649003028869629e-01
6.734302639961242676e-01
7.104466110467910767e-02
1.608640886843204498e-02
4.242475628852844238e-01
2.504721879959106445e-01
4.899017810821533203e-01
6.806817054748535156e-01
6.917327046394348145e-01
2.847587466239929199e-01
2.000153213739395142e-01
1.995301693677902222e-01
2.012627869844436646e-01
5.887524485588073730e-01
7.233389019966125488e-01
2.123758429661393166e-03
2.999349124729633331e-02
4.027880132198333740e-01
4.053933620452880859e-01
3.001360297203063965e-01
1.505572199821472168e-01
1.021281909197568893e-02
3.601540029048919678e-01
2.924135420471429825e-03
1.916454434394836426e-01
3.640383481979370117e-01
7.570548057556152344e-01
9.715495109558105469e-01
2.800859976559877396e-03
2.431654185056686401e-01
2.644984424114227295e-01
5.707061290740966797e-01
3.842716664075851440e-02
5.287733078002929688e-01
3.617199659347534180e-01
3.941060304641723633e-01
2.287886589765548706e-01
1.901281774044036865e-01
2.130952030420303345e-01
3.782127499580383301e-01
5.867671966552734375e-01
6.486070342361927032e-03
1.480732462368905544e-03
5.850218534469604492e-01
5.153993964195251465e-01
5.802555084228515625e-01
1.992369741201400757e-01
3.485019207000732422e-01
4.080866575241088867e-01
1.071365922689437866e-01
1.684181392192840576e-02
1.151128858327865601e-01
5.748227983713150024e-02
2.364742010831832886e-01
4.608434736728668213e-01
8.350787684321403503e-03
3.882959485054016113e-01
2.297507971525192261e-01
2.191328967455774546e-04
5.258386135101318359e-01
4.613170027732849121e-01
5.248775482177734375e-01
4.325775895267724991e-03
5.001910924911499023e-01
2.020593732595443726e-01
1.078058555722236633e-01
5.846465826034545898e-01
2.833018004894256592e-01
1.437320024706423283e-03
2.821909189224243164e-01
4.215098321437835693e-01
5.277744680643081665e-02
1.998943239450454712e-01
4.694103896617889404e-01
6.956527829170227051e-01
3.550913333892822266e-01
2.814835868775844574e-03
1.176901743747293949e-03
2.017616629600524902e-01
4.885183572769165039e-01
9.436264634132385254e-02
1.485363692045211792e-01
5.635094642639160156e-01
2.355310469865798950e-01
2.137585431337356567e-01
4.207731410861015320e-02
7.717124819755554199e-01
2.927593588829040527e-01
6.388770937919616699e-01
1.901263892650604248e-01
4.213391244411468506e-01
2.605578303337097168e-01
2.126825153827667236e-01
7.422911375761032104e-02
9.346399456262588501e-02
3.852896094322204590e-01
5.173900127410888672e-01
3.310860097408294678e-01
2.019357085227966309e-01
2.117410600185394287e-01
5.117866992950439453e-01
1.702238768339157104e-01
1.812952607870101929e-01
5.825895071029663086e-01
1.068872679024934769e-02
5.875803828239440918e-01
4.082243442535400391e-01
1.783638298511505127e-01
6.332224011421203613e-01
6.894696354866027832e-01
5.887637734413146973e-01
3.310614731162786484e-03
1.220390424132347107e-01
3.171615600585937500e-01
8.223337531089782715e-01
1.675683306530117989e-03
3.990539908409118652e-01
1.399132460355758667e-01
4.102474451065063477e-01
3.082276694476604462e-02
4.403332713991403580e-03
2.717185020446777344e-01
3.397827148437500000e-01
2.308608442544937134e-01
5.564635619521141052e-02
2.294352352619171143e-01
5.291885137557983398e-01
1.135958731174468994e-01
7.670355439186096191e-01
1.474073529243469238e-01
4.993385672569274902e-01
7.533929347991943359e-01
2.898669242858886719e-01
2.310718894004821777e-01
8.178397417068481445e-01
2.896175086498260498e-01
4.204842448234558105e-01
4.272404313087463379e-01
1.957288533449172974e-01
4.224944710731506348e-01
4.538357555866241455e-01
9.504389762878417969e-01
5.363555997610092163e-02
1.351787447929382324e-01
1.897953003644943237e-01
2.427134811878204346e-01
6.874095648527145386e-03
5.583322644233703613e-01
2.273696362972259521e-01
1.935401260852813721e-01
1.540516763925552368e-01
5.895909667015075684e-02
3.815541863441467285e-01
5.913087725639343262e-01
7.774475216865539551e-01
6.508703518193215132e-05
1.648003607988357544e-01
7.924225330352783203e-01
2.842940390110015869e-01
1.708372384309768677e-01
3.238272070884704590e-01
1.022628396749496460e-01
2.101378589868545532e-01
5.415164679288864136e-02
4.610591828823089600e-01
2.777297794818878174e-01
7.772406935691833496e-01
2.133919000625610352e-01
1.999849826097488403e-01
2.874821126461029053e-01
4.894309639930725098e-01
2.059729695320129395e-01
1.522661093622446060e-02
5.227511525154113770e-01
3.703717887401580811e-01
5.182951688766479492e-02
5.651605129241943359e-01
2.871253490447998047e-01
1.189278904348611832e-02
1.982135474681854248e-01
7.807052731513977051e-01
3.000815808773040771e-01
1.502159833908081055e-01
3.857470154762268066e-01
3.858500276692211628e-04
4.461413249373435974e-03
5.914527773857116699e-01
2.166189067065715790e-02
3.127532005310058594e-01
4.034141898155212402e-01
2.351564019918441772e-01
4.166130423545837402e-01
2.446134388446807861e-01
9.671020507812500000e-01
3.856388628482818604e-01
3.978474736213684082e-01
