8.138459324836730957e-01
9.972386956214904785e-01
4.092171788215637207e-02
2.490954250097274780e-01
5.935724973678588867e-01
9.871588945388793945e-01
5.416588187217712402e-01
1.887858659029006958e-01
7.507529258728027344e-01
9.675899744033813477e-01
9.851492047309875488e-01
9.933661222457885742e-01
9.998738765716552734e-01
9.312703013420104980e-01
9.978208541870117188e-01
9.766429662704467773e-01
9.489215016365051270e-01
9.501265287399291992e-01
9.840915203094482422e-01
9.780333638191223145e-01
9.711349010467529297e-01
9.900048971176147461e-01
9.744765162467956543e-01
9.876822233200073242e-01
9.898047447204589844e-01
9.992257356643676758e-01
1.494575408287346363e-03
5.655577406287193298e-03
9.991863369941711426e-01
7.599981036037206650e-03
1.176938042044639587e-02
9.995214343070983887e-01
9.809829592704772949e-01
9.615707993507385254e-01
6.982989907264709473e-01
9.879452586174011230e-01
9.992961287498474121e-01
9.974908828735351562e-01
9.994529485702514648e-01
2.456801012158393860e-03
3.917547315359115601e-02
9.986833333969116211e-01
6.047717928886413574e-01
6.608188152313232422e-02
9.910486340522766113e-01
9.483596682548522949e-01
9.726008772850036621e-01
9.901793599128723145e-01
9.659632444381713867e-01
9.989013671875000000e-01
9.970152974128723145e-01
9.994648098945617676e-01
2.760159671306610107e-01
2.127793151885271072e-03
9.981889128684997559e-01
9.838271141052246094e-01
2.493643909692764282e-01
9.879461526870727539e-01
9.796196818351745605e-01
9.223403334617614746e-01
1.886274963617324829e-01
9.895653724670410156e-01
9.921536445617675781e-01
9.897556304931640625e-01
8.806805014610290527e-01
4.252601563930511475e-01
1.361203193664550781e-01
9.980438947677612305e-01
9.986532926559448242e-01
5.892548561096191406e-01
2.281226962804794312e-01
5.691075921058654785e-01
9.745362401008605957e-01
7.007572054862976074e-01
1.561867296695709229e-01
1.293786764144897461e-01
9.380750656127929688e-01
5.992502570152282715e-01
1.522943675518035889e-01
2.662925422191619873e-01
9.997019767761230469e-01
8.875746130943298340e-01
9.836343526840209961e-01
5.714262127876281738e-01
9.955230355262756348e-01
6.000387668609619141e-01
9.606350064277648926e-01
9.969950318336486816e-01
9.980853796005249023e-01
8.550181239843368530e-02
1.866871416568756104e-01
1.479347497224807739e-01
5.069341659545898438e-01
9.996284842491149902e-01
5.094157457351684570e-01
9.435607194900512695e-01
9.671162962913513184e-01
9.940061569213867188e-01
9.609066843986511230e-01
9.401606917381286621e-01
9.853694438934326172e-01
9.997966885566711426e-01
9.999194145202636719e-01
7.431885004043579102e-01
2.709005773067474365e-01
1.636066734790802002e-01
9.984759092330932617e-01
9.706428647041320801e-01
8.595139980316162109e-01
7.409501075744628906e-02
9.874604940414428711e-01
9.766989946365356445e-01
9.718909859657287598e-01
9.880976080894470215e-01
9.886550903320312500e-01
9.942406415939331055e-01
9.960808157920837402e-01
8.519498109817504883e-01
8.520694971084594727e-01
9.967224597930908203e-01
9.820054173469543457e-01
9.632493853569030762e-01
9.005488753318786621e-01
9.771264791488647461e-01
9.974874258041381836e-01
9.734330773353576660e-01
9.834159612655639648e-01
9.907275438308715820e-01
9.853844642639160156e-01
9.941135644912719727e-01
8.122528791427612305e-01
9.905940294265747070e-01
9.983318448066711426e-01
7.986073493957519531e-01
9.682251214981079102e-01
9.919018149375915527e-01
9.868209958076477051e-01
9.767727851867675781e-01
9.870342612266540527e-01
9.796860218048095703e-01
9.632248878479003906e-01
9.426907896995544434e-01
9.494199752807617188e-01
8.832429051399230957e-01
9.940961003303527832e-01
9.984760880470275879e-01
7.283624410629272461e-01
7.417742908000946045e-02
9.913445115089416504e-01
9.785399436950683594e-01
9.712442159652709961e-01
9.730874896049499512e-01
9.816389679908752441e-01
9.679294824600219727e-01
9.973740577697753906e-01
9.307746887207031250e-01
8.953023552894592285e-01
9.955338239669799805e-01
9.971327781677246094e-01
7.970051169395446777e-01
8.382225036621093750e-01
9.491610527038574219e-01
9.822029471397399902e-01
9.726744294166564941e-01
9.728838205337524414e-01
9.652570486068725586e-01
9.570556282997131348e-01
9.958823919296264648e-01
9.944726228713989258e-01
4.661202132701873779e-01
9.784711599349975586e-01
2.241060733795166016e-01
2.270558029413223267e-01
9.073663949966430664e-01
9.650394916534423828e-01
9.555339217185974121e-01
3.067269027233123779e-01
6.698575615882873535e-01
9.603850841522216797e-01
9.968679547309875488e-01
9.797491431236267090e-01
9.983438253402709961e-01
9.990007877349853516e-01
2.083702944219112396e-02
9.489647150039672852e-01
2.221891582012176514e-01
4.543741047382354736e-02
6.494675278663635254e-01
9.089372754096984863e-01
9.471804499626159668e-01
9.719908982515335083e-02
9.935228228569030762e-01
9.207310080528259277e-01
9.725549817085266113e-01
1.504332423210144043e-01
9.085398316383361816e-01
1.052109524607658386e-03
9.946461915969848633e-01
5.596059374511241913e-03
1.050162501633167267e-02
9.941148757934570312e-01
6.322908401489257812e-01
3.832793235778808594e-01
8.721380829811096191e-01
9.836835265159606934e-01
9.444391727447509766e-01
9.976021647453308105e-01
9.981938004493713379e-01
5.383870750665664673e-02
9.128177771344780922e-04
9.867626428604125977e-01
9.614806771278381348e-01
7.040991447865962982e-03
9.792531728744506836e-01
9.819288253784179688e-01
9.697037339210510254e-01
8.419657349586486816e-01
9.600139856338500977e-01
9.775605797767639160e-01
9.951559305191040039e-01
9.997791051864624023e-01
9.900279045104980469e-01
6.164887920022010803e-02
9.789839982986450195e-01
9.979364275932312012e-01
6.815077066421508789e-01
1.381037533283233643e-01
9.962214827537536621e-01
9.768770337104797363e-01
2.652155160903930664e-01
7.342379689216613770e-01
8.060770630836486816e-01
9.679933190345764160e-01
3.700730502605438232e-01
9.738003611564636230e-01
3.075416572391986847e-02
9.951292872428894043e-01
9.751899838447570801e-01
9.805096387863159180e-01
1.719915568828582764e-01
9.916709065437316895e-01
5.127309560775756836e-01
4.231945276260375977e-01
9.902860522270202637e-01
9.940235614776611328e-01
9.832818806171417236e-02
1.043551266193389893e-01
9.768182039260864258e-01
2.456051670014858246e-02
9.941747188568115234e-01
9.682849645614624023e-01
5.855956673622131348e-01
1.389872133731842041e-01
9.888730645179748535e-01
9.847339391708374023e-01
1.454017311334609985e-01
9.793878197669982910e-01
9.998320937156677246e-01
9.997602105140686035e-01
2.368035465478897095e-01
9.822472333908081055e-01
6.620323061943054199e-01
9.885058999061584473e-01
9.853021502494812012e-01
8.472509384155273438e-01
1.802223920822143555e-01
9.765940308570861816e-01
9.678691625595092773e-01
9.831357598304748535e-01
9.819582104682922363e-01
9.961055517196655273e-01
9.949241280555725098e-01
9.239409565925598145e-01
9.765020608901977539e-01
8.882536888122558594e-01
9.847437143325805664e-01
9.876074790954589844e-01
9.801790118217468262e-01
9.395641684532165527e-01
9.677876234054565430e-01
9.922064542770385742e-01
9.738249778747558594e-01
9.912195801734924316e-01
9.868405461311340332e-01
9.865241646766662598e-01
9.977605342864990234e-01
8.317008614540100098e-01
9.528199434280395508e-01
9.911549091339111328e-01
9.501808881759643555e-01
9.771167635917663574e-01
9.880593419075012207e-01
9.805615544319152832e-01
9.806865453720092773e-01
9.910874366760253906e-01
9.895449876785278320e-01
9.510240554809570312e-01
9.586827158927917480e-01
9.924409985542297363e-01
8.932229280471801758e-01
9.954468607902526855e-01
9.926677346229553223e-01
9.757775068283081055e-01
9.766205549240112305e-01
9.956581592559814453e-01
9.819378852844238281e-01
9.847504496574401855e-01
9.756331443786621094e-01
9.222405552864074707e-01
9.576320052146911621e-01
9.681974649429321289e-01
9.621651768684387207e-01
7.463377714157104492e-01
3.278886377811431885e-01
9.893023967742919922e-01
9.712541699409484863e-01
9.747905731201171875e-01
9.967107772827148438e-01
9.755761623382568359e-01
9.779101014137268066e-01
9.727475643157958984e-01
9.732914566993713379e-01
9.425767660140991211e-01
9.670267701148986816e-01
9.791811108589172363e-01
9.990164041519165039e-01
9.848047494888305664e-01
9.739048480987548828e-01
9.947816729545593262e-01
9.796906709671020508e-01
9.291849732398986816e-01
9.763543009757995605e-01
9.507465362548828125e-01
9.772837758064270020e-01
9.966641664505004883e-01
9.379385113716125488e-01
9.782165288925170898e-01
9.846166968345642090e-01
9.918092489242553711e-01
9.923665523529052734e-01
5.338237881660461426e-01
9.682105183601379395e-01
7.539653778076171875e-02
9.692980647087097168e-01
5.285481736063957214e-02
9.580345749855041504e-01
9.824003577232360840e-01
9.925654530525207520e-01
9.949106574058532715e-01
8.574463725090026855e-01
9.875172376632690430e-01
5.360214039683341980e-02
1.617032885551452637e-01
9.766806960105895996e-01
4.678776562213897705e-01
5.564793571829795837e-02
9.493503570556640625e-01
9.612886309623718262e-01
6.451390981674194336e-01
4.836526513099670410e-01
9.584138989448547363e-01
9.956331849098205566e-01
9.705927371978759766e-01
9.976682662963867188e-01
9.726548194885253906e-01
9.493634700775146484e-01
9.782860875129699707e-01
9.489261507987976074e-01
2.337954193353652954e-01
9.711215496063232422e-01
9.674588441848754883e-01
8.958730697631835938e-01
9.848514199256896973e-01
9.810175895690917969e-01
9.938651323318481445e-01
9.352114200592041016e-01
9.853073358535766602e-01
9.926927089691162109e-01
9.824509024620056152e-01
4.554960727691650391e-01
9.685230255126953125e-01
9.980278015136718750e-01
9.821743965148925781e-01
9.794453978538513184e-01
9.957681894302368164e-01
9.872669577598571777e-01
9.978675842285156250e-01
9.965561032295227051e-01
9.909334778785705566e-01
9.913742542266845703e-01
9.873334169387817383e-01
9.810706973075866699e-01
8.406786322593688965e-01
8.393019437789916992e-01
9.995513558387756348e-01
9.489876031875610352e-01
9.829431176185607910e-01
9.942796230316162109e-01
9.731842875480651855e-01
9.886637926101684570e-01
9.398477077484130859e-01
9.891776442527770996e-01
9.986552596092224121e-01
9.880923628807067871e-01
9.827834367752075195e-01
8.241875171661376953e-01
2.534735500812530518e-01
9.985527992248535156e-01
1.062296107411384583e-01
9.787202477455139160e-01
9.761760830879211426e-01
4.741094112396240234e-01
9.854615926742553711e-01
9.985312819480895996e-01
8.639368414878845215e-01
9.962808489799499512e-01
9.910095930099487305e-01
9.819945096969604492e-01
7.876957058906555176e-01
8.994259834289550781e-01
9.980587363243103027e-01
9.763735532760620117e-01
7.623457908630371094e-01
9.311480522155761719e-01
9.952004551887512207e-01
9.849995374679565430e-01
9.684126973152160645e-01
9.971570372581481934e-01
9.807081818580627441e-01
9.888678193092346191e-01
9.651247262954711914e-01
9.564093947410583496e-01
9.744076132774353027e-01
9.824896454811096191e-01
9.902712702751159668e-01
9.645138382911682129e-01
9.923015832901000977e-01
9.591926932334899902e-01
9.897375702857971191e-01
9.966870546340942383e-01
9.874011874198913574e-01
9.983122944831848145e-01
9.667031168937683105e-01
9.475889801979064941e-01
9.869096875190734863e-01
9.829900860786437988e-01
9.885738492012023926e-01
9.922379851341247559e-01
9.766795039176940918e-01
9.757668972015380859e-01
9.936023354530334473e-01
9.898559451103210449e-01
9.531827569007873535e-01
9.011876583099365234e-01
9.996613264083862305e-01
9.244323968887329102e-01
8.718577027320861816e-01
9.887675642967224121e-01
9.805827736854553223e-01
9.780554771423339844e-01
9.457300901412963867e-01
9.768565893173217773e-01
9.788585305213928223e-01
9.739409089088439941e-01
9.975416660308837891e-01
9.679432511329650879e-01
9.773564338684082031e-01
9.945185780525207520e-01
9.675715565681457520e-01
8.709712028503417969e-01
9.848396182060241699e-01
9.828917384147644043e-01
9.780893921852111816e-01
9.942601919174194336e-01
9.723968505859375000e-01
9.712853431701660156e-01
9.680595993995666504e-01
9.860531687736511230e-01
9.623302817344665527e-01
9.747838377952575684e-01
9.713954329490661621e-01
9.992563724517822266e-01
9.990617036819458008e-01
9.902699589729309082e-01
3.908478021621704102e-01
9.997411370277404785e-01
3.883892437443137169e-03
2.595775062218308449e-03
4.704490005970001221e-01
9.999582171440124512e-01
7.426135987043380737e-02
1.086107566952705383e-01
8.886654973030090332e-01
9.999986886978149414e-01
9.992645978927612305e-01
9.914855957031250000e-01
9.925392270088195801e-01
7.430387139320373535e-01
9.929811358451843262e-01
3.462650477886199951e-01
3.656445443630218506e-01
2.203612215816974640e-02
2.718088030815124512e-02
9.766786098480224609e-01
9.850681424140930176e-01
2.362559288740158081e-01
2.196299284696578979e-02
9.986541271209716797e-01
9.898582100868225098e-01
9.805619716644287109e-01
6.187918186187744141e-01
9.974288344383239746e-01
9.317116141319274902e-01
8.134546875953674316e-01
9.977122545242309570e-01
9.614357352256774902e-01
9.980974197387695312e-01
8.168236613273620605e-01
9.886721968650817871e-01
9.585891962051391602e-01
9.984651803970336914e-01
9.907052516937255859e-01
9.840853810310363770e-01
5.459649860858917236e-02
9.310795664787292480e-01
9.995998144149780273e-01
1.273304075002670288e-01
8.310971856117248535e-01
9.996646642684936523e-01
9.107851386070251465e-01
4.904039502143859863e-01
8.852551579475402832e-01
9.997042417526245117e-01
9.985704421997070312e-01
9.895281791687011719e-01
9.737910628318786621e-01
2.533255219459533691e-01
9.757992029190063477e-01
9.894285798072814941e-01
6.873791571706533432e-03
9.951846599578857422e-01
9.925213456153869629e-01
1.833286322653293610e-02
4.834770560264587402e-01
9.977369308471679688e-01
9.806053638458251953e-01
9.991841316223144531e-01
9.918618202209472656e-01
9.833493232727050781e-01
3.467895463109016418e-02
9.673495888710021973e-01
9.998915195465087891e-01
4.986981153488159180e-01
1.471394598484039307e-01
9.998865723609924316e-01
9.745588302612304688e-01
8.157213777303695679e-02
1.094110775738954544e-02
9.998896121978759766e-01
9.987214803695678711e-01
9.900363683700561523e-01
9.755813479423522949e-01
8.804981112480163574e-01
9.973288774490356445e-01
9.857645630836486816e-01
8.727205991744995117e-01
8.002552390098571777e-01
9.940704107284545898e-01
9.983024001121520996e-01
9.735976457595825195e-01
9.937365651130676270e-01
8.875038027763366699e-01
9.983612298965454102e-01
9.879711270332336426e-01
9.806628823280334473e-01
9.539313316345214844e-01
9.909734725952148438e-01
9.875573515892028809e-01
9.123277664184570312e-01
9.802618622779846191e-01
9.732427000999450684e-01
9.707021117210388184e-01
3.265957832336425781e-01
9.272736907005310059e-01
9.917465448379516602e-01
9.989774823188781738e-01
9.893677234649658203e-01
9.779724478721618652e-01
9.804359078407287598e-01
9.892533421516418457e-01
9.952290058135986328e-01
9.732676148414611816e-01
9.767977595329284668e-01
9.887024760246276855e-01
9.860411286354064941e-01
8.439677953720092773e-02
8.952578306198120117e-01
9.987855553627014160e-01
9.988936185836791992e-01
9.894095659255981445e-01
9.816833734512329102e-01
9.504107832908630371e-01
9.869527816772460938e-01
9.919432997703552246e-01
8.277884125709533691e-01
8.587298393249511719e-01
9.779215455055236816e-01
9.953883886337280273e-01
9.813024997711181641e-01
8.372497558593750000e-01
9.990032911300659180e-01
9.989467859268188477e-01
9.896861314773559570e-01
9.807551503181457520e-01
9.614694118499755859e-01
9.900636672973632812e-01
9.876654148101806641e-01
8.453189730644226074e-01
9.336522817611694336e-01
9.694362282752990723e-01
8.374548554420471191e-01
9.859051704406738281e-01
9.166808128356933594e-01
9.626471400260925293e-01
9.812912344932556152e-01
9.903686642646789551e-01
9.905061125755310059e-01
9.944124817848205566e-01
9.875207543373107910e-01
9.951039552688598633e-01
4.781717360019683838e-01
9.631698131561279297e-01
2.971447110176086426e-01
9.822068214416503906e-01
9.964635968208312988e-01
9.743472933769226074e-01
6.399800181388854980e-01
9.928930997848510742e-01
9.928725361824035645e-01
9.841771721839904785e-01
2.864807285368442535e-02
7.425457239151000977e-02
1.044094264507293701e-01
2.586215035989880562e-03
4.967765510082244873e-01
4.953446984291076660e-02
9.880084991455078125e-01
3.153054714202880859e-01
9.315173029899597168e-01
8.944907784461975098e-01
9.933988451957702637e-01
9.931321144104003906e-01
9.790315032005310059e-01
7.476076483726501465e-03
2.619103789329528809e-01
9.936272501945495605e-01
7.478123065084218979e-03
2.339401096105575562e-01
9.932443499565124512e-01
2.443511411547660828e-02
8.521055430173873901e-02
8.168701529502868652e-01
9.930471777915954590e-01
9.917576909065246582e-01
9.916160106658935547e-01
9.851565957069396973e-01
5.691353976726531982e-02
3.951907530426979065e-02
9.926536679267883301e-01
9.316354393959045410e-01
5.387449637055397034e-02
9.915574789047241211e-01
9.962928891181945801e-01
6.034280657768249512e-01
6.432809233665466309e-01
9.846339225769042969e-01
9.919798970222473145e-01
9.917149543762207031e-01
9.850422143936157227e-01
6.503965258598327637e-01
1.809960417449474335e-02
9.929253458976745605e-01
9.930965900421142578e-01
5.461004972457885742e-01
9.922477006912231445e-01
9.943619370460510254e-01
9.258573055267333984e-01
4.316686093807220459e-01
9.907369613647460938e-01
9.926739335060119629e-01
9.927477240562438965e-01
9.768943786621093750e-01
6.518078446388244629e-01
8.343375325202941895e-01
9.934534430503845215e-01
9.643964767456054688e-01
3.804379329085350037e-02
9.697226285934448242e-01
9.925037622451782227e-01
8.020651936531066895e-01
9.846410155296325684e-01
9.577689170837402344e-01
9.926944375038146973e-01
9.927812218666076660e-01
9.782417416572570801e-01
4.338710308074951172e-01
9.259008169174194336e-01
9.924307465553283691e-01
9.836589694023132324e-01
1.532302200794219971e-01
9.513636827468872070e-01
9.899826645851135254e-01
6.806316375732421875e-01
9.794467687606811523e-01
9.879454374313354492e-01
9.889578223228454590e-01
9.898478984832763672e-01
9.824395179748535156e-01
9.569612145423889160e-01
7.866594195365905762e-01
9.898030161857604980e-01
9.958998560905456543e-01
9.664505720138549805e-01
4.817834198474884033e-01
9.774022698402404785e-01
9.951010942459106445e-01
2.375948131084442139e-01
9.681699872016906738e-01
9.850915670394897461e-01
9.857928156852722168e-01
9.823975563049316406e-01
9.966356754302978516e-01
9.206280708312988281e-01
9.823294281959533691e-01
9.972182512283325195e-01
8.790945410728454590e-01
9.489917159080505371e-01
8.968855738639831543e-01
9.949088692665100098e-01
9.983486533164978027e-01
9.792612195014953613e-01
9.882969260215759277e-01
9.888013005256652832e-01
9.823578596115112305e-01
9.950511455535888672e-01
8.965644240379333496e-01
9.859531521797180176e-01
9.965397715568542480e-01
9.637562632560729980e-01
7.753620147705078125e-01
9.098088145256042480e-01
9.928108453750610352e-01
9.974769353866577148e-01
9.933556318283081055e-01
1.391831934452056885e-01
6.404493451118469238e-01
9.824973940849304199e-01
9.855640530586242676e-01
9.791085720062255859e-01
9.737454056739807129e-01
5.346558094024658203e-01
8.950158953666687012e-02
3.179342746734619141e-01
9.653617143630981445e-01
9.969019889831542969e-01
8.444802165031433105e-01
8.470440506935119629e-01
9.886099100112915039e-01
9.374510049819946289e-01
9.836137294769287109e-01
9.810374975204467773e-01
9.865954518318176270e-01
9.829006195068359375e-01
9.941895604133605957e-01
4.649400115013122559e-01
5.064209178090095520e-02
3.697934150695800781e-01
4.748921394348144531e-01
9.482157826423645020e-01
4.287019371986389160e-02
9.798831939697265625e-01
9.796657562255859375e-01
9.814355969429016113e-01
9.952833056449890137e-01
7.320593595504760742e-01
9.798833727836608887e-01
9.922758340835571289e-01
8.053703350014984608e-04
1.814606413245201111e-02
9.923117160797119141e-01
9.602872729301452637e-01
9.955226182937622070e-01
1.911068111658096313e-01
9.797695875167846680e-01
9.788619279861450195e-01
9.821918010711669922e-01
9.937607049942016602e-01
9.660868048667907715e-01
9.792618751525878906e-01
9.874550104141235352e-01
9.847482442855834961e-01
9.543038010597229004e-01
9.763705730438232422e-01
9.997569322586059570e-01
9.995561838150024414e-01
7.380127906799316406e-02
9.866293072700500488e-01
9.781661629676818848e-01
9.826663732528686523e-01
9.909256696701049805e-01
9.804620146751403809e-01
9.840213060379028320e-01
9.818265438079833984e-01
9.795414805412292480e-01
9.645181298255920410e-01
9.710546731948852539e-01
9.856420159339904785e-01
9.980292916297912598e-01
9.840247035026550293e-01
9.808726906776428223e-01
9.684714674949645996e-01
9.811087250709533691e-01
9.876084923744201660e-01
9.810843467712402344e-01
9.772424101829528809e-01
9.741166234016418457e-01
9.988541007041931152e-01
9.696720242500305176e-01
5.393871665000915527e-01
9.932710528373718262e-01
9.920693039894104004e-01
4.882495999336242676e-01
6.524825096130371094e-01
9.569283127784729004e-01
9.765175580978393555e-01
9.927046298980712891e-01
9.847596287727355957e-01
9.347169995307922363e-01
9.844538569450378418e-01
9.834486246109008789e-01
9.868516921997070312e-01
9.783712029457092285e-01
9.704230427742004395e-01
9.495553374290466309e-01
9.890204668045043945e-01
8.342672586441040039e-01
9.540421962738037109e-01
9.726890325546264648e-01
9.947003126144409180e-01
6.678652167320251465e-01
8.900427818298339844e-01
9.878521561622619629e-01
9.721240401268005371e-01
9.605572819709777832e-01
9.746809005737304688e-01
9.664820432662963867e-01
9.987813830375671387e-01
9.796060919761657715e-01
8.257510662078857422e-01
9.667039513587951660e-01
9.781707525253295898e-01
9.929507970809936523e-01
9.583584070205688477e-01
9.492868185043334961e-01
9.830484390258789062e-01
9.842280745506286621e-01
9.735892415046691895e-01
9.663712978363037109e-01
9.542536735534667969e-01
9.960982203483581543e-01
9.919687509536743164e-01
9.931392073631286621e-01
9.855090975761413574e-01
9.765946865081787109e-01
3.035838156938552856e-02
6.420712471008300781e-01
9.973211288452148438e-01
8.266873359680175781e-01
9.976150393486022949e-01
9.666779637336730957e-01
9.978054165840148926e-01
9.851584434509277344e-01
9.956480860710144043e-01
9.645045995712280273e-01
9.911766052246093750e-01
9.853029251098632812e-01
9.775224924087524414e-01
1.508736759424209595e-01
2.836256921291351318e-01
3.744048178195953369e-01
3.377032876014709473e-01
9.915347099304199219e-01
3.002776205539703369e-01
9.879046678543090820e-01
5.657618641853332520e-01
9.201893806457519531e-01
9.954776763916015625e-01
9.846727252006530762e-01
9.817045927047729492e-01
9.785379171371459961e-01
9.891903996467590332e-01
9.270536303520202637e-01
9.868537783622741699e-01
9.840196967124938965e-01
9.680326581001281738e-01
2.115113893523812294e-03
9.848282337188720703e-01
9.993001818656921387e-01
9.948672056198120117e-01
5.433422327041625977e-02
9.598078727722167969e-01
9.618722796440124512e-01
9.712398648262023926e-01
9.794005155563354492e-01
9.644606709480285645e-01
8.358101248741149902e-01
9.718657732009887695e-01
9.697002768516540527e-01
9.686059355735778809e-01
9.845412969589233398e-01
9.948767423629760742e-01
9.365693330764770508e-01
8.904439806938171387e-01
9.919338822364807129e-01
9.844496250152587891e-01
9.782381057739257812e-01
3.162963688373565674e-01
9.012969732284545898e-01
9.907712340354919434e-01
3.442795574665069580e-01
9.776539802551269531e-01
9.934723377227783203e-01
8.302925825119018555e-01
9.839984178543090820e-01
9.847971200942993164e-01
9.879589080810546875e-01
9.893982410430908203e-01
9.820751547813415527e-01
9.780381917953491211e-01
7.967393994331359863e-01
8.725277781486511230e-01
9.897210597991943359e-01
5.998449325561523438e-01
9.574168920516967773e-01
9.905865788459777832e-01
9.408348202705383301e-01
9.643434882164001465e-01
7.087144851684570312e-01
9.954636693000793457e-01
9.851543903350830078e-01
9.770961999893188477e-01
9.772270917892456055e-01
9.853990077972412109e-01
9.722093939781188965e-01
9.776331186294555664e-01
9.805583953857421875e-01
9.664520621299743652e-01
9.919862747192382812e-01
9.925196766853332520e-01
9.802654981613159180e-01
9.882180690765380859e-01
9.923112392425537109e-01
9.767159819602966309e-01
9.591719508171081543e-01
9.762181043624877930e-01
9.832315444946289062e-01
9.734064340591430664e-01
9.580323696136474609e-01
9.649865627288818359e-01
9.702035784721374512e-01
9.753866791725158691e-01
9.761853814125061035e-01
9.783930778503417969e-01
9.914141893386840820e-01
9.793468117713928223e-01
9.899476766586303711e-01
9.827942848205566406e-01
9.731956124305725098e-01
5.512570217251777649e-02
8.933716416358947754e-01
9.783473014831542969e-01
9.896262288093566895e-01
9.929435253143310547e-01
9.968123435974121094e-01
1.122618764638900757e-01
3.753080666065216064e-01
9.921923279762268066e-01
9.992892742156982422e-01
9.925655722618103027e-01
9.845374226570129395e-01
9.771014451980590820e-01
1.238989681005477905e-01
5.727767944335937500e-02
7.354738712310791016e-01
9.998379945755004883e-01
2.839595675468444824e-01
9.998393654823303223e-01
9.193245172500610352e-01
6.499404907226562500e-01
2.699827961623668671e-02
9.998301863670349121e-01
9.928877353668212891e-01
9.855176806449890137e-01
9.741653203964233398e-01
2.814310789108276367e-01
6.644475460052490234e-01
9.974093437194824219e-01
9.899214506149291992e-01
8.313947319984436035e-01
9.955109953880310059e-01
9.922913312911987305e-01
9.393357634544372559e-01
9.942279458045959473e-01
9.415237307548522949e-01
9.899407625198364258e-01
9.595951437950134277e-01
9.536682367324829102e-01
9.739685058593750000e-01
9.883669018745422363e-01
8.799535632133483887e-01
8.091011047363281250e-01
9.919835329055786133e-01
9.538692235946655273e-01
9.866324663162231445e-01
9.077920317649841309e-01
9.845322370529174805e-01
9.954169988632202148e-01
9.900378584861755371e-01
9.800929427146911621e-01
9.778381586074829102e-01
9.134618639945983887e-01
8.456001877784729004e-01
9.432671070098876953e-01
9.985379576683044434e-01
6.807909607887268066e-01
9.807977080345153809e-01
9.982541799545288086e-01
9.864835739135742188e-01
8.403990864753723145e-01
9.995932579040527344e-01
9.910376667976379395e-01
9.808642864227294922e-01
9.747658371925354004e-01
9.578706622123718262e-01
9.726299047470092773e-01
9.886775612831115723e-01
9.869171977043151855e-01
9.715415239334106445e-01
9.831643104553222656e-01
9.870560169219970703e-01
9.906297922134399414e-01
9.880487322807312012e-01
9.787028431892395020e-01
9.892909526824951172e-01
9.830713868141174316e-01
9.786848425865173340e-01
6.554356217384338379e-01
9.765289723873138428e-02
1.471694707870483398e-01
9.998928904533386230e-01
9.691245555877685547e-01
9.998505115509033203e-01
9.932200908660888672e-01
9.923322200775146484e-01
6.968910694122314453e-01
9.997264146804809570e-01
9.900315403938293457e-01
9.850640296936035156e-01
9.738759994506835938e-01
9.250968098640441895e-01
8.830572962760925293e-01
9.966743588447570801e-01
9.903014302253723145e-01
9.503004550933837891e-01
9.936016798019409180e-01
9.897058010101318359e-01
9.872508645057678223e-01
9.887735247611999512e-01
9.835105538368225098e-01
9.898345470428466797e-01
9.823670983314514160e-01
9.727609157562255859e-01
3.888827264308929443e-01
5.971513390541076660e-01
9.945586919784545898e-01
9.911448955535888672e-01
8.126900345087051392e-02
9.809431433677673340e-01
9.988829493522644043e-01
2.197902947664260864e-01
7.998157739639282227e-01
9.997414350509643555e-01
9.832437634468078613e-01
9.785227179527282715e-01
9.715166687965393066e-01
9.912471771240234375e-01
9.835715293884277344e-01
9.877344369888305664e-01
9.954983592033386230e-01
9.812939167022705078e-01
7.031822800636291504e-01
9.994384646415710449e-01
9.789817929267883301e-01
6.332943439483642578e-01
9.993033409118652344e-01
9.070143699645996094e-01
9.460847377777099609e-01
9.586239457130432129e-01
9.961179494857788086e-01
9.525089263916015625e-01
9.837337732315063477e-01
9.721892476081848145e-01
9.884341359138488770e-01
9.405543804168701172e-01
9.877772331237792969e-01
9.899941682815551758e-01
9.916540980339050293e-01
7.949985265731811523e-01
9.864160418510437012e-01
9.788673520088195801e-01
9.764023423194885254e-01
9.807574748992919922e-01
8.530743718147277832e-01
9.878407716751098633e-01
9.993018507957458496e-01
9.861426353454589844e-01
7.862881422042846680e-01
9.991465806961059570e-01
9.904831051826477051e-01
9.936695098876953125e-01
5.465230941772460938e-01
9.595793485641479492e-01
9.653959274291992188e-01
9.777709245681762695e-01
9.905689358711242676e-01
8.824437856674194336e-01
9.687908887863159180e-01
9.993174672126770020e-01
9.815959334373474121e-01
8.329288959503173828e-01
9.799037575721740723e-01
9.991323947906494141e-01
9.848070740699768066e-01
9.531865119934082031e-01
9.882866740226745605e-01
9.824162125587463379e-01
9.780077934265136719e-01
8.389660716056823730e-01
5.003979206085205078e-01
9.482200145721435547e-01
9.996048808097839355e-01
9.673106670379638672e-01
7.486174106597900391e-01
9.996313452720642090e-01
9.597290754318237305e-01
1.677398383617401123e-02
9.995294213294982910e-01
9.825484752655029297e-01
9.801504015922546387e-01
9.762091040611267090e-01
8.768104910850524902e-01
4.956242442131042480e-01
9.514587521553039551e-01
9.996243715286254883e-01
9.893740415573120117e-01
9.804627895355224609e-01
9.996796846389770508e-01
9.838507771492004395e-01
2.003803104162216187e-01
9.997015595436096191e-01
9.841603040695190430e-01
9.788327813148498535e-01
9.803814291954040527e-01
8.959653377532958984e-01
6.352586150169372559e-01
3.894045948982238770e-01
9.996448159217834473e-01
7.171095609664916992e-01
8.400766849517822266e-01
9.995586872100830078e-01
5.006133913993835449e-01
1.091951057314872742e-01
9.982314109802246094e-01
9.515367746353149414e-01
9.716665148735046387e-01
9.768142700195312500e-01
9.942708611488342285e-01
9.308373332023620605e-01
9.656934142112731934e-01
9.989076256752014160e-01
9.885475039482116699e-01
9.360303282737731934e-01
9.974157214164733887e-01
9.785507917404174805e-01
9.994810819625854492e-01
9.990794062614440918e-01
9.910281896591186523e-01
9.841257929801940918e-01
9.773122668266296387e-01
8.778940439224243164e-01
9.088834524154663086e-01
9.906021952629089355e-01
9.879649281501770020e-01
8.041054606437683105e-01
9.582349658012390137e-01
9.876790642738342285e-01
9.861742854118347168e-01
9.908763170242309570e-01
9.809031486511230469e-01
9.887441992759704590e-01
9.828973412513732910e-01
9.769352674484252930e-01
9.357364177703857422e-01
7.935312986373901367e-01
9.915354251861572266e-01
9.982248544692993164e-01
8.692336082458496094e-01
9.705824255943298340e-01
9.279266595840454102e-01
9.749729037284851074e-01
9.884150028228759766e-01
9.880647659301757812e-01
9.690076708793640137e-01
9.613584280014038086e-01
9.846880435943603516e-01
9.880429506301879883e-01
9.807085394859313965e-01
9.776304364204406738e-01
9.894489049911499023e-01
9.736143350601196289e-01
9.747506380081176758e-01
9.626231193542480469e-01
8.507265448570251465e-01
4.833616912364959717e-01
5.350822210311889648e-01
9.844784736633300781e-01
9.708361625671386719e-01
9.884076714515686035e-01
9.825901389122009277e-01
9.760524034500122070e-01
9.634822607040405273e-01
9.853450655937194824e-01
1.226006597280502319e-01
7.416504025459289551e-01
8.525265455245971680e-01
8.617066144943237305e-01
4.823995828628540039e-01
9.740691184997558594e-01
9.774177670478820801e-01
9.591965675354003906e-01
9.755449891090393066e-01
9.911400079727172852e-01
9.837232232093811035e-01
9.801692962646484375e-01
9.933711290359497070e-01
9.769378304481506348e-01
9.900041222572326660e-01
9.752458930015563965e-01
9.573168754577636719e-01
8.447106480598449707e-01
9.940184950828552246e-01
9.827998280525207520e-01
9.529590010643005371e-01
9.806139469146728516e-01
9.851352572441101074e-01
9.835668206214904785e-01
9.755345582962036133e-01
9.913639426231384277e-01
9.690390825271606445e-01
9.983633756637573242e-01
9.711285829544067383e-01
9.777916669845581055e-01
9.902283549308776855e-01
9.696654081344604492e-01
9.470517039299011230e-01
9.442368745803833008e-01
9.825508594512939453e-01
9.897660017013549805e-01
9.833393096923828125e-01
9.794177412986755371e-01
9.931218028068542480e-01
9.766440391540527344e-01
9.782831072807312012e-01
9.856113195419311523e-01
9.537553191184997559e-01
9.467343091964721680e-01
9.790514111518859863e-01
9.414985179901123047e-01
9.765403866767883301e-01
9.780416488647460938e-01
9.923969507217407227e-01
9.809429645538330078e-01
9.794327616691589355e-01
9.952066540718078613e-01
9.838562011718750000e-01
9.758498668670654297e-01
9.774179458618164062e-01
9.705291390419006348e-01
9.676866531372070312e-01
5.272537842392921448e-02
9.785061478614807129e-01
9.677466750144958496e-01
9.821180701255798340e-01
9.896039962768554688e-01
9.818042516708374023e-01
9.773624539375305176e-01
9.948036074638366699e-01
9.801114201545715332e-01
9.783565402030944824e-01
9.633858799934387207e-01
9.625881910324096680e-01
9.767856597900390625e-01
9.582393765449523926e-01
