1.116296555846929550e-02
4.236037433147430420e-01
2.240126878023147583e-01
4.874329268932342529e-02
9.664731100201606750e-03
2.180190384387969971e-01
4.509422779083251953e-01
2.805169820785522461e-01
6.344381719827651978e-02
1.975188702344894409e-01
4.277661740779876709e-01
2.423635125160217285e-01
3.111615478992462158e-01
1.012442782521247864e-01
4.633868932723999023e-01
2.073487080633640289e-02
3.794287145137786865e-02
2.262976951897144318e-02
1.406695395708084106e-01
5.620518326759338379e-02
3.237790763378143311e-01
3.928747028112411499e-02
2.875420153141021729e-01
1.771894246339797974e-01
3.090595901012420654e-01
3.668840527534484863e-01
2.118791890097782016e-04
3.801519796252250671e-02
7.981211543083190918e-01
5.926051363348960876e-02
1.161537878215312958e-02
6.069297790527343750e-01
2.737641334533691406e-01
2.607152983546257019e-02
6.039766129106283188e-03
3.601073920726776123e-01
2.132973670959472656e-01
1.739670336246490479e-01
3.135868813842535019e-03
3.508410230278968811e-02
2.910785004496574402e-02
2.522478103637695312e-01
3.431040048599243164e-02
1.287238765507936478e-02
3.623251989483833313e-02
3.954165875911712646e-01
3.712934553623199463e-01
1.931937783956527710e-01
1.943991780281066895e-01
2.241455949842929840e-02
2.542334198951721191e-01
5.368909835815429688e-01
1.926990784704685211e-02
4.051072150468826294e-02
5.258137583732604980e-01
2.971823811531066895e-01
1.374636441469192505e-01
8.047340810298919678e-02
4.677638411521911621e-02
1.389847993850708008e-01
1.956982910633087158e-01
2.716989815235137939e-01
2.307180613279342651e-01
4.115223884582519531e-01
4.854035675525665283e-01
2.007596776820719242e-04
2.809277735650539398e-02
7.381403446197509766e-01
1.527839601039886475e-01
2.322939187288284302e-01
3.645657747983932495e-02
2.040847986936569214e-01
2.604837417602539062e-01
4.257599115371704102e-01
3.414471168071031570e-03
1.361910551786422729e-01
7.762488722801208496e-02
2.959351427853107452e-02
1.282616052776575089e-02
1.140695363283157349e-01
5.285909175872802734e-01
3.940414786338806152e-01
1.288872361183166504e-01
8.204905316233634949e-03
1.990471035242080688e-01
1.623954325914382935e-01
1.672860234975814819e-02
1.631373888812959194e-03
1.914045959711074829e-01
4.030533879995346069e-02
3.175721764564514160e-01
5.643615126609802246e-02
1.605952344834804535e-02
4.248691201210021973e-01
1.021525561809539795e-01
1.208977475762367249e-01
8.536532521247863770e-03
1.993630230426788330e-01
1.952727138996124268e-01
2.653116732835769653e-02
8.873629383742809296e-03
8.582128584384918213e-02
4.862221330404281616e-02
7.886445522308349609e-02
8.322102017700672150e-03
2.024858295917510986e-01
7.278348207473754883e-01
2.967389114201068878e-02
1.094021573662757874e-01
1.823987811803817749e-02
1.938398629426956177e-01
2.338184714317321777e-01
3.634692728519439697e-01
2.447488717734813690e-03
1.957976520061492920e-01
2.129479199647903442e-01
1.253596991300582886e-01
5.805105902254581451e-03
1.004022359848022461e-02
5.797421336174011230e-01
1.504515260457992554e-01
5.639882013201713562e-02
1.124345883727073669e-01
4.499454200267791748e-01
2.210148423910140991e-01
3.236657679080963135e-01
2.482106909155845642e-02
2.321807742118835449e-01
4.628783091902732849e-02
3.858976960182189941e-01
1.320019084960222244e-02
2.572064101696014404e-02
2.369985133409500122e-01
1.049146354198455811e-01
7.439151406288146973e-02
1.209342628717422485e-01
2.217858433723449707e-01
4.312505573034286499e-02
4.115482866764068604e-01
2.309878468513488770e-01
3.874185085296630859e-01
1.100426018238067627e-01
1.856392323970794678e-01
3.375483676791191101e-02
1.690568961203098297e-02
4.109565019607543945e-01
2.448440045118331909e-01
1.058354526758193970e-01
1.613746769726276398e-02
2.001169919967651367e-01
6.360780596733093262e-01
2.718545496463775635e-01
2.526566088199615479e-01
2.634943425655364990e-01
2.185442894697189331e-01
2.374272495508193970e-01
3.540491219609975815e-03
4.018932580947875977e-02
6.047980189323425293e-01
6.421400606632232666e-02
2.582235932350158691e-01
3.848409978672862053e-03
4.729214683175086975e-02
2.181984186172485352e-01
2.627964913845062256e-01
7.704817503690719604e-02
1.076034381985664368e-01
7.678598761558532715e-01
2.129540890455245972e-01
7.359027862548828125e-01
5.926584601402282715e-01
4.892014265060424805e-01
6.467517465353012085e-02
2.645625546574592590e-02
2.678042650222778320e-01
5.426976680755615234e-01
8.892339468002319336e-01
1.694913059473037720e-01
1.217392012476921082e-01
2.436088323593139648e-01
5.100068449974060059e-01
4.194968342781066895e-01
4.400629699230194092e-01
1.489907801151275635e-01
3.100865781307220459e-01
2.179255634546279907e-01
1.804600656032562256e-02
4.824001342058181763e-02
1.754806190729141235e-02
4.595200419425964355e-01
2.335330098867416382e-02
8.070624619722366333e-02
2.881971560418605804e-02
1.131273955106735229e-01
1.133576780557632446e-01
6.410272717475891113e-01
3.942293988075107336e-04
5.990457534790039062e-01
1.933462481247261167e-04
6.774508074158802629e-05
5.697042346000671387e-01
8.707107976078987122e-03
1.417479850351810455e-02
2.822433412075042725e-02
1.994957178831100464e-01
3.770768642425537109e-01
3.445073366165161133e-01
3.920739293098449707e-01
6.484338641166687012e-01
1.290859431028366089e-01
8.128579854965209961e-01
4.336773157119750977e-01
4.838496074080467224e-02
2.073259651660919189e-01
1.428308710455894470e-02
7.134302519261837006e-03
1.719621419906616211e-01
1.320618093013763428e-01
7.855487987399101257e-03
2.608451843261718750e-01
2.678238749504089355e-01
5.896251201629638672e-01
1.197240054607391357e-01
3.972938060760498047e-01
8.494924008846282959e-02
3.994036316871643066e-01
1.933310776948928833e-01
3.688453137874603271e-02
2.123870700597763062e-01
4.061932265758514404e-01
4.630763083696365356e-03
2.516902685165405273e-01
4.258861541748046875e-01
1.329809874296188354e-01
5.976136922836303711e-01
2.809145371429622173e-04
6.451025009155273438e-01
3.216905295848846436e-01
8.740783482789993286e-02
5.088936910033226013e-02
2.129159122705459595e-01
6.392470747232437134e-02
2.139328569173812866e-01
4.815548658370971680e-02
2.231649309396743774e-01
7.240523397922515869e-02
4.473206400871276855e-01
4.978789687156677246e-01
6.552772223949432373e-02
9.936230182647705078e-01
3.760271966457366943e-01
2.158199250698089600e-01
2.274970114231109619e-01
3.912627696990966797e-01
1.242031678557395935e-01
3.669384866952896118e-02
1.333089768886566162e-01
3.856221735477447510e-01
2.070514410734176636e-01
1.940384805202484131e-01
9.642974138259887695e-01
9.668102487921714783e-03
1.144671440124511719e-01
2.019660323858261108e-01
2.114348113536834717e-01
6.343359500169754028e-02
2.671508789062500000e-01
8.080459833145141602e-01
5.564825534820556641e-01
2.846556305885314941e-01
3.864177465438842773e-01
5.375400185585021973e-01
2.784362733364105225e-01
5.913346409797668457e-01
1.347812358289957047e-02
3.321130573749542236e-01
1.459286063909530640e-01
2.804372608661651611e-01
1.888111829757690430e-01
3.238052129745483398e-01
4.043905138969421387e-01
4.205051362514495850e-01
2.302069365978240967e-01
1.941288411617279053e-01
4.010842442512512207e-01
5.193066000938415527e-01
7.500296831130981445e-01
1.036056801676750183e-01
9.001511335372924805e-02
2.245370447635650635e-01
6.796008348464965820e-02
2.184106111526489258e-01
7.616990804672241211e-01
2.107504308223724365e-01
4.458181262016296387e-01
3.955020755529403687e-02
2.038292735815048218e-01
1.868230849504470825e-01
2.090366780757904053e-01
7.925432324409484863e-01
1.154790259897708893e-02
4.654639959335327148e-01
2.765821814537048340e-01
1.044349446892738342e-01
2.254570424556732178e-01
4.737886041402816772e-02
4.145836830139160156e-01
4.417747557163238525e-01
4.999144673347473145e-01
2.458771020174026489e-01
3.833243846893310547e-01
1.753615438938140869e-01
4.183528125286102295e-01
1.239074580371379852e-02
2.957939803600311279e-01
4.271966218948364258e-01
5.897043347358703613e-01
7.772348821163177490e-02
2.086642086505889893e-01
3.860596716403961182e-01
3.074480891227722168e-01
1.005783826112747192e-01
3.009377233684062958e-02
7.759729027748107910e-02
3.444451391696929932e-01
4.312070012092590332e-01
4.113509953022003174e-01
2.176595181226730347e-01
4.156022891402244568e-02
2.089277803897857666e-01
1.229388988576829433e-03
4.900192469358444214e-02
3.342903852462768555e-01
4.079640805721282959e-01
9.093214175663888454e-04
4.327556118369102478e-02
4.304503202438354492e-01
3.321528136730194092e-01
6.781386137008666992e-01
3.736079931259155273e-01
2.217115461826324463e-01
4.137843847274780273e-01
3.528913855552673340e-01
4.688627123832702637e-01
2.242746055126190186e-01
4.916387051343917847e-02
2.608878016471862793e-01
1.045608967542648315e-01
3.126754611730575562e-02
6.437177658081054688e-01
5.932734608650207520e-01
5.726106166839599609e-01
3.958794176578521729e-01
7.214910984039306641e-01
1.905602514743804932e-01
3.236602424294687808e-05
2.278933823108673096e-01
2.085117548704147339e-01
2.470100671052932739e-01
4.945280030369758606e-02
2.313210070133209229e-01
3.751840591430664062e-01
2.805057764053344727e-01
9.665036797523498535e-01
5.931781530380249023e-01
6.041368246078491211e-01
5.887219309806823730e-01
5.023295879364013672e-01
6.686120033264160156e-01
3.929724991321563721e-01
2.514443695545196533e-01
3.512517511844635010e-01
4.542160630226135254e-01
1.438579894602298737e-02
2.409438490867614746e-01
3.208116888999938965e-01
7.132046222686767578e-01
9.721556901931762695e-01
6.714292168617248535e-01
5.582787394523620605e-01
4.236574769020080566e-01
4.077848792076110840e-01
1.248363256454467773e-01
3.049310669302940369e-02
5.375920534133911133e-01
4.222715795040130615e-01
1.951361447572708130e-02
3.837848827242851257e-02
4.505600929260253906e-01
6.340339183807373047e-01
6.166125535964965820e-01
4.199749529361724854e-01
5.100872516632080078e-01
2.430340945720672607e-01
4.050722718238830566e-01
3.904736042022705078e-01
5.866134762763977051e-01
1.845784932374954224e-01
3.185231685638427734e-01
2.358179241418838501e-01
5.207121372222900391e-02
4.205781817436218262e-01
7.472617626190185547e-01
4.306591153144836426e-01
7.765649557113647461e-01
3.634995222091674805e-01
2.992520928382873535e-01
4.760415852069854736e-01
3.045136481523513794e-02
2.700228393077850342e-01
1.920748651027679443e-01
6.112046837806701660e-01
9.427418559789657593e-02
3.108481410890817642e-03
3.619667589664459229e-01
2.515928447246551514e-01
5.095526576042175293e-01
2.141474485397338867e-01
1.943173855543136597e-01
1.324022561311721802e-01
2.503941655158996582e-01
8.521780371665954590e-02
5.024178028106689453e-01
4.263824820518493652e-01
4.075316190719604492e-01
2.341305091977119446e-02
5.175986513495445251e-02
5.200273394584655762e-01
6.188194453716278076e-02
5.723872184753417969e-01
6.423709988594055176e-01
5.860388278961181641e-01
6.434231996536254883e-02
6.209399700164794922e-01
2.152335643768310547e-01
4.565527141094207764e-01
3.398277163505554199e-01
5.491254329681396484e-01
6.917778253555297852e-01
2.494712322950363159e-01
5.913171172142028809e-01
5.053752660751342773e-01
7.798750400543212891e-01
5.458038449287414551e-01
3.938650786876678467e-01
2.363243326544761658e-02
4.031713902950286865e-01
4.102793931961059570e-01
2.079288959503173828e-01
3.926670253276824951e-01
6.612740159034729004e-01
6.462985277175903320e-01
2.049983739852905273e-01
3.702579140663146973e-01
6.003863215446472168e-01
3.778536915779113770e-01
2.624783217906951904e-01
7.947653532028198242e-01
5.822291970252990723e-01
4.214674234390258789e-01
3.386688232421875000e-02
2.156279087066650391e-01
3.719955682754516602e-01
4.566185772418975830e-01
5.101454257965087891e-01
1.971828043460845947e-01
6.032885909080505371e-01
3.952072560787200928e-01
5.975207090377807617e-01
5.954902172088623047e-01
4.004996120929718018e-01
2.540096044540405273e-01
7.854796051979064941e-01
1.791774332523345947e-01
1.327414661645889282e-01
6.281826645135879517e-02
8.824930787086486816e-01
3.517670035362243652e-01
6.000709161162376404e-02
6.697145104408264160e-01
6.052708029747009277e-01
6.072586774826049805e-01
3.071898818016052246e-01
3.400972485542297363e-01
3.890050947666168213e-01
5.956677794456481934e-01
1.367713417857885361e-02
4.924696683883666992e-02
3.062430322170257568e-01
2.852246761322021484e-01
1.947994343936443329e-02
9.800372272729873657e-02
6.517124176025390625e-02
7.096822857856750488e-01
6.859951615333557129e-01
5.120537877082824707e-01
1.925698369741439819e-01
1.885061524808406830e-02
1.436630543321371078e-02
1.274664849042892456e-01
1.977849900722503662e-01
1.274084746837615967e-01
2.112464457750320435e-01
1.505981199443340302e-03
1.940258219838142395e-02
5.597378686070442200e-02
4.433545097708702087e-02
6.084051132202148438e-01
5.525202751159667969e-01
1.968625336885452271e-01
5.276177823543548584e-02
8.230054974555969238e-01
2.220687310909852386e-04
2.108604609966278076e-01
4.940500855445861816e-01
1.872728615999221802e-01
4.820752143859863281e-02
4.963349923491477966e-02
4.038414061069488525e-01
7.280846238136291504e-01
8.015452623367309570e-01
3.947224020957946777e-01
2.752958536148071289e-01
1.608064398169517517e-02
4.911603629589080811e-01
5.150877833366394043e-01
2.363142371177673340e-02
2.563621699810028076e-01
5.987464189529418945e-01
6.182756740599870682e-03
4.064287245273590088e-02
3.083046078681945801e-01
6.245706081390380859e-01
8.001063466072082520e-01
3.984007239341735840e-01
1.982708573341369629e-01
3.364845737814903259e-02
2.894496619701385498e-01
6.065901741385459900e-02
8.192340843379497528e-03
3.033691644668579102e-01
2.145229578018188477e-01
4.817996546626091003e-02
1.884329505264759064e-02
4.196065366268157959e-01
5.370240211486816406e-01
4.130586981773376465e-01
3.460622429847717285e-01
3.565736114978790283e-01
3.953294456005096436e-02
2.020730525255203247e-01
4.486662745475769043e-01
1.688587293028831482e-02
1.986827552318572998e-01
3.406210243701934814e-01
7.340235169976949692e-03
8.202619105577468872e-02
3.026182651519775391e-01
4.164054691791534424e-01
7.251894474029541016e-01
2.806614041328430176e-01
1.420618146657943726e-01
1.976897716522216797e-01
2.222902178764343262e-01
2.891536056995391846e-02
1.585678458213806152e-01
2.058420777320861816e-01
2.560022771358489990e-01
5.814938340336084366e-03
4.482537135481834412e-02
2.062212675809860229e-01
1.114546786993741989e-03
5.211614370346069336e-01
5.919699668884277344e-01
1.146628987044095993e-02
3.871192038059234619e-01
5.862659811973571777e-01
2.384269684553146362e-01
2.264936221763491631e-03
1.391795277595520020e-01
6.204283237457275391e-01
4.019818902015686035e-01
1.498920843005180359e-02
1.416333466768264771e-01
5.809767246246337891e-01
4.080340862274169922e-01
3.938447535037994385e-01
1.347302496433258057e-01
8.787854015827178955e-02
5.578964948654174805e-01
7.976161316037178040e-03
4.271877557039260864e-02
5.154808610677719116e-02
2.547484040260314941e-01
3.656806349754333496e-01
4.804609343409538269e-03
2.864427268505096436e-01
4.031862616539001465e-01
3.319051265716552734e-01
3.973359465599060059e-01
5.330842137336730957e-01
2.096461951732635498e-01
3.934624493122100830e-01
4.056222140789031982e-01
7.240360137075185776e-04
2.353893034160137177e-02
3.951945304870605469e-01
3.754994571208953857e-01
1.205219235271215439e-02
4.867812152951955795e-03
3.992138504981994629e-01
5.934114456176757812e-01
2.289412319660186768e-01
4.339455068111419678e-01
4.858795180916786194e-02
5.929107069969177246e-01
5.941125154495239258e-01
1.023229435086250305e-01
1.192644909024238586e-01
6.069647073745727539e-01
6.759122610092163086e-01
3.512170165777206421e-03
9.568446315824985504e-03
3.299484029412269592e-02
2.159599065780639648e-01
7.664761543273925781e-01
3.923112154006958008e-02
5.964802503585815430e-01
3.047741949558258057e-01
2.115090936422348022e-01
3.916294276714324951e-01
2.799655199050903320e-01
2.148995548486709595e-01
2.027626633644104004e-01
1.929072141647338867e-01
7.652556151151657104e-02
8.167446851730346680e-01
6.385493278503417969e-01
4.295417964458465576e-01
2.030232399702072144e-01
6.052934527397155762e-01
2.660034894943237305e-01
1.998379081487655640e-01
3.493831157684326172e-01
1.901466697454452515e-01
4.894208014011383057e-01
9.178049117326736450e-02
3.954486846923828125e-01
3.312444388866424561e-01
5.453848838806152344e-01
5.969793200492858887e-01
4.023553729057312012e-01
1.802841424942016602e-01
1.015467867255210876e-01
4.516778588294982910e-01
9.949058294296264648e-02
1.648023538291454315e-02
3.297587037086486816e-01
1.749781817197799683e-01
2.031615376472473145e-02
1.537845283746719360e-01
1.292927265167236328e-01
4.902096092700958252e-01
7.785378694534301758e-01
4.074850678443908691e-01
2.190254628658294678e-03
5.626825094223022461e-01
4.389936923980712891e-01
4.004466235637664795e-01
3.373233675956726074e-01
2.602977454662322998e-01
5.913230180740356445e-01
1.608873158693313599e-02
6.275200843811035156e-02
2.029655575752258301e-01
5.827289223670959473e-01
5.490316152572631836e-01
5.957318544387817383e-01
3.475863486528396606e-03
2.985187172889709473e-01
2.539654970169067383e-01
3.994781374931335449e-01
5.533603429794311523e-01
2.370709478855133057e-01
3.952401503920555115e-02
2.050572186708450317e-01
2.087962999939918518e-02
1.653363257646560669e-01
3.234093487262725830e-01
4.395544528961181641e-01
4.147982597351074219e-01
4.360604882240295410e-01
5.609714984893798828e-01
2.162886708974838257e-01
4.481678456068038940e-02
3.987258374691009521e-01
2.082320153713226318e-01
2.556415796279907227e-01
8.797126263380050659e-02
6.046634633094072342e-03
5.669088363647460938e-01
5.193195343017578125e-01
5.908496379852294922e-01
4.020518958568572998e-01
1.430577039718627930e-01
7.958083152770996094e-01
2.053485214710235596e-01
2.169944643974304199e-01
3.951115906238555908e-01
2.471672594547271729e-01
1.618508547544479370e-01
5.854560732841491699e-01
1.104249730706214905e-01
5.160421133041381836e-01
5.847048163414001465e-01
5.555005073547363281e-01
7.755345106124877930e-01
2.789072990417480469e-01
4.071204066276550293e-01
6.986036896705627441e-02
4.034965038299560547e-01
1.995054036378860474e-01
3.008834123611450195e-01
2.322200089693069458e-01
3.126453161239624023e-01
1.270763855427503586e-02
6.034894287586212158e-02
4.906757175922393799e-01
7.891368865966796875e-01
4.326355159282684326e-01
8.069975301623344421e-03
7.725945115089416504e-01
3.957344293594360352e-01
3.705027401447296143e-01
3.985860645771026611e-01
2.492818832397460938e-01
7.444591075181961060e-02
3.352602720260620117e-01
1.429302990436553955e-02
5.352727137506008148e-03
2.927163243293762207e-01
7.639155387878417969e-01
4.178866446018218994e-01
1.244161128997802734e-01
3.989766240119934082e-01
2.162085026502609253e-01
6.249012947082519531e-01
2.061208635568618774e-01
2.255479842424392700e-01
4.927525520324707031e-01
2.250007390975952148e-01
2.829799614846706390e-02
2.117732018232345581e-01
4.051352143287658691e-01
1.937578171491622925e-01
2.034669667482376099e-01
1.511885318905115128e-02
7.942196726799011230e-01
3.200677335262298584e-01
5.299955955706536770e-04
5.477818250656127930e-01
1.779678165912628174e-01
1.179442852735519409e-01
1.074843108654022217e-01
2.757273614406585693e-01
3.469251990318298340e-01
3.066098690032958984e-01
9.672428369522094727e-01
3.994607925415039062e-01
9.229608112946152687e-04
5.966534018516540527e-01
5.210595130920410156e-01
1.979850083589553833e-01
2.167312242090702057e-02
2.161246091127395630e-01
7.025557756423950195e-01
2.482393383979797363e-02
5.390993785113096237e-03
2.499703504145145416e-02
7.313113212585449219e-01
3.008396625518798828e-01
2.716952562332153320e-01
8.451093733310699463e-02
3.998388350009918213e-01
4.111093580722808838e-01
4.704199731349945068e-03
5.897842645645141602e-01
3.400993347167968750e-02
2.077932953834533691e-01
4.456118866801261902e-02
9.399309754371643066e-03
8.265438675880432129e-02
1.900700330734252930e-01
3.950101733207702637e-01
1.574614085257053375e-03
2.787952423095703125e-01
5.174477100372314453e-01
5.933356881141662598e-01
9.189199656248092651e-03
1.510996669530868530e-01
6.016533374786376953e-01
4.139310121536254883e-01
7.958627492189407349e-02
4.961934313178062439e-02
1.554334014654159546e-01
5.320610105991363525e-02
6.496752500534057617e-01
1.994627267122268677e-01
5.989573597908020020e-01
5.838420987129211426e-01
3.873460292816162109e-01
1.969072371721267700e-01
5.782760381698608398e-01
6.645457744598388672e-01
1.564203798770904541e-01
2.229572832584381104e-01
2.193031646311283112e-02
4.251206517219543457e-01
1.892710328102111816e-01
3.489686250686645508e-01
2.238303795456886292e-02
4.455724731087684631e-03
4.085337817668914795e-01
7.387527227401733398e-01
2.178623676300048828e-01
5.857348442077636719e-01
7.521197795867919922e-01
2.220627069473266602e-01
5.365111231803894043e-01
2.375003397464752197e-01
2.023089826107025146e-01
1.706704497337341309e-01
6.150420308113098145e-01
1.362539231777191162e-01
1.274111587554216385e-02
4.862746000289916992e-01
5.657341331243515015e-02
9.142394363880157471e-02
1.977734267711639404e-01
5.882400274276733398e-01
2.400477379560470581e-01
1.199049130082130432e-01
2.001591026782989502e-01
3.623729944229125977e-01
2.829500436782836914e-01
2.055092602968215942e-01
7.372391223907470703e-01
3.043230772018432617e-01
4.085916578769683838e-01
2.998791635036468506e-01
5.098392814397811890e-02
1.942190974950790405e-01
3.410184979438781738e-01
1.024917587637901306e-01
3.295488655567169189e-01
1.837541721761226654e-02
2.141575515270233154e-01
5.693185925483703613e-01
5.907013416290283203e-01
3.271748125553131104e-01
2.005591690540313721e-01
8.378628492355346680e-01
3.057585954666137695e-01
1.923000365495681763e-01
1.372272428125143051e-02
4.433261752128601074e-01
2.605419456958770752e-01
2.909569740295410156e-01
4.811832606792449951e-01
1.274982690811157227e-01
4.795265495777130127e-01
5.978352427482604980e-01
1.035773977637290955e-01
5.409333109855651855e-01
6.012050509452819824e-01
4.022176861763000488e-01
2.007424682378768921e-01
1.952176243066787720e-01
3.302678465843200684e-01
5.071175098419189453e-02
3.083869442343711853e-02
1.923381984233856201e-01
3.907609581947326660e-01
4.589701294898986816e-01
3.861604332923889160e-01
5.136370658874511719e-01
1.262835115194320679e-01
2.070120871067047119e-01
1.192273572087287903e-01
2.635357975959777832e-01
3.697674572467803955e-01
3.997131586074829102e-01
1.901831328868865967e-01
1.428149640560150146e-01
9.603054262697696686e-03
1.535647809505462646e-01
2.261991947889328003e-01
3.269062340259552002e-01
3.954478502273559570e-01
2.002572864294052124e-01
2.206470370292663574e-01
2.749179601669311523e-01
3.938387334346771240e-01
1.188298910856246948e-01
4.414774179458618164e-01
1.065813452005386353e-01
3.876048326492309570e-02
2.003482878208160400e-01
4.024783670902252197e-01
3.110671881586313248e-03
5.976274013519287109e-01
5.805275440216064453e-01
1.968864202499389648e-01
5.880272388458251953e-01
3.261191844940185547e-01
5.053018331527709961e-01
7.040181010961532593e-02
7.531784772872924805e-01
3.918696045875549316e-01
3.145913407206535339e-02
2.205259501934051514e-01
4.285867810249328613e-01
1.927182674407958984e-01
9.634888768196105957e-01
1.315108239650726318e-01
3.812290355563163757e-02
5.995960235595703125e-01
2.494489550590515137e-01
6.109274625778198242e-01
1.267583072185516357e-01
3.475160002708435059e-01
4.060253202915191650e-01
5.784680247306823730e-01
2.193096578121185303e-01
7.172504067420959473e-01
4.779047667980194092e-01
5.899680852890014648e-01
5.422946810722351074e-01
1.889144442975521088e-02
8.105580806732177734e-01
3.923403620719909668e-01
4.386370778083801270e-01
3.539723157882690430e-01
4.828075766563415527e-01
6.147742867469787598e-01
5.038779973983764648e-01
3.708280622959136963e-02
4.639681875705718994e-01
5.604359507560729980e-01
5.359036922454833984e-01
4.271265566349029541e-01
5.294229388236999512e-01
6.717333197593688965e-01
2.675193548202514648e-01
6.023473143577575684e-01
4.780724644660949707e-01
2.066403180360794067e-01
4.067779779434204102e-01
3.410117328166961670e-01
7.451629638671875000e-02
5.815172195434570312e-01
6.061423420906066895e-01
4.092496037483215332e-01
5.692343115806579590e-01
4.805507659912109375e-01
5.799990892410278320e-01
4.238997399806976318e-02
2.105179429054260254e-01
3.542705774307250977e-01
5.722758173942565918e-01
4.175909161567687988e-01
2.954052686691284180e-01
1.930548548698425293e-01
2.025462836027145386e-01
4.828125834465026855e-01
5.968925952911376953e-01
1.475600004196166992e-01
3.024705052375793457e-01
4.217892885208129883e-01
3.432712256908416748e-01
2.290116548538208008e-01
1.586024165153503418e-01
1.628226637840270996e-01
6.574853658676147461e-01
3.039249405264854431e-02
1.096760705113410950e-01
2.709821164608001709e-01
5.049793720245361328e-01
7.893732190132141113e-01
4.074496924877166748e-01
2.891179732978343964e-02
5.806664228439331055e-01
7.973186373710632324e-01
2.766551673412322998e-01
4.299434423446655273e-01
7.663956284523010254e-02
2.225659191608428955e-01
1.857410185039043427e-02
2.699762396514415741e-02
3.059773445129394531e-01
2.283658087253570557e-01
4.061900377273559570e-01
4.622297734022140503e-02
1.185947936028242111e-02
3.932150006294250488e-01
1.854962557554244995e-01
1.042228117585182190e-01
2.299129962921142578e-01
3.995957784354686737e-03
4.686737060546875000e-02
9.423221647739410400e-02
6.408925354480743408e-02
4.968591779470443726e-02
1.873286068439483643e-01
4.018426239490509033e-01
2.616014480590820312e-01
5.857068300247192383e-02
5.158494710922241211e-01
8.466320037841796875e-01
4.646539092063903809e-01
1.630715131759643555e-01
1.056947708129882812e-01
4.269010126590728760e-01
5.146231651306152344e-01
6.299648899585008621e-03
6.945178508758544922e-01
9.431802630424499512e-01
7.813678979873657227e-01
1.923751085996627808e-01
4.217993933707475662e-03
4.170090258121490479e-01
4.347831606864929199e-01
1.999313533306121826e-01
7.890334725379943848e-01
2.120024114847183228e-01
5.209390521049499512e-01
6.471065282821655273e-01
1.803278028964996338e-01
1.405395716428756714e-01
3.990438282489776611e-01
9.020420908927917480e-01
3.953407108783721924e-01
5.161934494972229004e-01
3.996421098709106445e-01
3.457783907651901245e-02
1.933342069387435913e-01
2.438606768846511841e-01
2.005282044410705566e-01
1.170676574110984802e-01
1.793595254421234131e-01
1.197606325149536133e-02
4.028400778770446777e-01
3.587581217288970947e-01
7.904018759727478027e-01
4.469708204269409180e-01
4.037326872348785400e-01
2.086115181446075439e-01
1.188738942146301270e-01
4.197115898132324219e-01
4.009114801883697510e-01
4.274429380893707275e-01
2.438638508319854736e-01
1.242560241371393204e-02
5.863999202847480774e-02
1.592614352703094482e-01
3.680963814258575439e-01
6.301192641258239746e-01
9.553302526473999023e-01
3.646293878555297852e-01
2.954061031341552734e-01
4.536174833774566650e-01
4.038484394550323486e-01
7.997127771377563477e-01
3.901775479316711426e-01
6.722831726074218750e-01
1.535088755190372467e-02
2.235770523548126221e-01
3.306245505809783936e-01
3.307214677333831787e-01
8.548959493637084961e-01
3.925851285457611084e-01
3.114160522818565369e-02
1.857130974531173706e-01
1.952879428863525391e-01
7.547830343246459961e-01
3.931888937950134277e-01
3.910128772258758545e-01
3.444769680500030518e-01
7.073675394058227539e-01
2.603986300528049469e-02
3.986971974372863770e-01
8.424324989318847656e-01
2.306709140539169312e-01
5.723366141319274902e-01
1.349956821650266647e-02
5.990965366363525391e-01
4.109975099563598633e-01
5.179088115692138672e-01
4.871008694171905518e-01
2.126021981239318848e-01
2.347649335861206055e-01
7.902011275291442871e-01
1.963047236204147339e-01
2.898285984992980957e-01
3.504758775234222412e-01
2.225033342838287354e-01
3.786975443363189697e-01
1.831109374761581421e-01
7.123039960861206055e-01
3.495408892631530762e-01
4.094936251640319824e-01
6.214424371719360352e-01
7.641941308975219727e-01
2.568815946578979492e-01
4.762737751007080078e-01
4.605579003691673279e-02
3.305126354098320007e-02
5.948886871337890625e-01
5.933304429054260254e-01
3.922823965549468994e-01
2.088201344013214111e-01
7.779531478881835938e-01
4.140844643115997314e-01
5.942229032516479492e-01
2.777071893215179443e-01
3.964324891567230225e-01
3.148519396781921387e-01
3.387146592140197754e-01
2.398057878017425537e-01
3.427748754620552063e-02
4.248181730508804321e-02
7.862516641616821289e-01
5.847823023796081543e-01
1.602047681808471680e-01
4.007250070571899414e-01
2.896762490272521973e-01
4.430589973926544189e-01
3.171781003475189209e-01
4.307349324226379395e-01
2.919069230556488037e-01
1.911066025495529175e-01
2.503604888916015625e-01
6.762447208166122437e-02
4.017421901226043701e-01
5.976593494415283203e-01
2.120723426342010498e-01
1.961166411638259888e-01
5.228254199028015137e-01
3.774208426475524902e-01
6.424688696861267090e-01
3.589597940444946289e-01
3.846503794193267822e-01
1.509629189968109131e-01
6.068470478057861328e-01
4.236010313034057617e-01
4.349798858165740967e-01
2.655447125434875488e-01
5.175601840019226074e-01
4.451407790184020996e-01
1.620408706367015839e-02
2.215763032436370850e-01
3.952331244945526123e-01
3.532872498035430908e-01
4.066769778728485107e-01
3.867778778076171875e-01
2.149313092231750488e-01
7.413868904113769531e-01
4.159187898039817810e-03
1.585648506879806519e-01
2.343999743461608887e-01
7.938706278800964355e-01
4.145171046257019043e-01
1.115273917093873024e-03
5.964748859405517578e-01
3.951948508620262146e-02
3.789227306842803955e-01
4.324681162834167480e-01
5.230194926261901855e-01
5.446761250495910645e-01
3.657504022121429443e-01
6.402381509542465210e-02
3.202692270278930664e-01
3.779620677232742310e-02
6.128950119018554688e-01
7.746189832687377930e-01
3.388853073120117188e-01
2.117104679346084595e-01
1.526222527027130127e-01
3.895722031593322754e-01
3.500235080718994141e-02
2.063996791839599609e-01
3.570806682109832764e-01
7.555528283119201660e-01
1.190907806158065796e-01
4.249664545059204102e-01
1.632415950298309326e-01
9.860567450523376465e-01
1.004453450441360474e-01
1.896909903734922409e-03
6.029407382011413574e-01
3.619277477264404297e-01
3.737405836582183838e-01
4.632632434368133545e-02
6.398497819900512695e-01
2.579525113105773926e-01
4.507369995117187500e-01
2.214333117008209229e-01
3.331539332866668701e-01
2.989737093448638916e-01
2.017951309680938721e-01
3.816030025482177734e-01
4.533645883202552795e-02
4.065040647983551025e-01
2.711700201034545898e-01
5.965489149093627930e-01
4.076984524726867676e-01
8.926474303007125854e-02
2.029797583818435669e-01
7.044371366500854492e-01
3.473589022178202868e-04
2.128973975777626038e-02
5.233086943626403809e-01
5.043190121650695801e-01
2.075026035308837891e-01
2.133433669805526733e-01
7.268309593200683594e-01
7.718850970268249512e-01
5.958917140960693359e-01
3.068677186965942383e-01
3.802638053894042969e-01
4.607281982898712158e-01
6.009234786033630371e-01
7.657369226217269897e-02
6.313199400901794434e-01
2.363396883010864258e-01
4.233482182025909424e-01
6.959595680236816406e-01
4.452938213944435120e-03
3.989015221595764160e-01
5.859385728836059570e-01
4.549999833106994629e-01
5.200777053833007812e-01
3.290009498596191406e-01
6.137643456459045410e-01
3.422418832778930664e-01
4.493758082389831543e-01
4.323191642761230469e-01
6.446129083633422852e-01
1.978505849838256836e-01
4.477354586124420166e-01
2.005884051322937012e-01
2.041844725608825684e-01
6.363967061042785645e-01
2.099551111459732056e-01
6.012194156646728516e-01
5.480468273162841797e-01
7.242342084646224976e-02
5.560057163238525391e-01
6.014057993888854980e-01
6.378400325775146484e-02
3.399781882762908936e-01
4.104808568954467773e-01
6.380814313888549805e-01
1.987730413675308228e-01
3.998206555843353271e-01
4.659585952758789062e-01
2.645476758480072021e-01
6.606263667345046997e-02
5.825013518333435059e-01
4.284743070602416992e-01
5.787022709846496582e-01
6.916800141334533691e-01
2.436909228563308716e-01
5.160139799118041992e-01
5.942667722702026367e-01
4.227034151554107666e-01
1.125562470406293869e-02
2.699615359306335449e-01
5.247288942337036133e-01
2.804766297340393066e-01
5.943052768707275391e-01
7.869539260864257812e-01
4.217730760574340820e-01
3.927351832389831543e-01
2.293082624673843384e-01
2.113120630383491516e-03
5.460448861122131348e-01
3.805298805236816406e-01
7.365370392799377441e-01
1.534243375062942505e-01
7.789167165756225586e-01
4.129431843757629395e-01
7.662323117256164551e-01
2.550509572029113770e-01
3.270361423492431641e-01
2.186780571937561035e-01
9.153780341148376465e-01
6.390714049339294434e-01
2.412598207592964172e-02
2.518826127052307129e-01
7.390762567520141602e-01
5.622998476028442383e-01
3.206299850717186928e-03
1.987157613039016724e-01
5.745500326156616211e-01
4.124782681465148926e-01
6.035624742507934570e-01
6.543272640556097031e-03
2.509833872318267822e-01
7.319402098655700684e-01
5.243931412696838379e-01
1.063005328178405762e-01
3.920375108718872070e-01
