2.237630492935960003e-01
1.805042335047171709e-01
1.977336149194832970e-01
1.821305410076792530e-01
2.216550995810673830e-01
1.788554398316102023e-01
1.627465275456555782e-01
1.055615476260964719e-01
1.864337727714043269e-01
1.998989075565567319e-01
1.666697794571518898e-01
2.237389265344693068e-01
2.052743446547538042e-01
3.902286924421787262e-01
1.553680270623702397e-01
2.442071284005158660e-01
2.416716863472874455e-01
2.503830678761005402e-01
2.296003545768773857e-01
2.960426692779247748e-01
3.603073987536705713e-01
3.111946428767763395e-01
2.701588536684329522e-01
3.141726228193594816e-01
2.520037336418262108e-01
2.238445630735861058e-01
3.397032756071824422e-01
3.436120213191315997e-01
4.381699339988139874e-01
4.069988601482831259e-01
3.946691499306605455e-01
3.200548688451257950e-01
2.599573708497561197e-01
4.680584772275044325e-01
4.338798657632790823e-01
4.017482308241037137e-01
4.289991847024514082e-01
2.912267450099954025e-01
1.699199925821561208e-01
3.350559788601598088e-01
3.347948589362204075e-01
2.561748727726248509e-01
2.438882028755660347e-01
1.903997185425116423e-01
3.259895234547842136e-01
2.307299834031324992e-01
2.678574580305184138e-01
3.109576321708468205e-01
3.315281036954659810e-01
3.642352538613172763e-01
2.420887848219046290e-01
3.572165668010711670e-01
2.803722703113005754e-01
3.196412196311240184e-01
3.811437092148340922e-01
3.153389258883320112e-01
3.183546362158197751e-01
3.339179437607526779e-01
2.621232081661358793e-01
3.392462542083544141e-01
2.023823585074681630e-01
2.538370588221229296e-01
3.749778598833542476e-01
3.421434219926595688e-01
2.607505594451839936e-01
2.904350761897288580e-01
3.500855925421302306e-01
3.150474122510506514e-01
2.390539996469250028e-01
2.402770435079359113e-01
3.756330497562885284e-01
4.204867330308144080e-01
4.468929886531371465e-01
4.406716559941952216e-01
3.699921530026655803e-01
3.027642899407790300e-01
3.222645184455009693e-01
1.402552986087707287e-01
4.156491048992253523e-01
3.783597851960131542e-01
3.042708257069954292e-01
3.122264666196245542e-01
4.511844912687173470e-01
4.244325073579183205e-01
3.773683294510611907e-01
3.883413850114895705e-01
3.557665276412780297e-01
3.550271305900353780e-01
3.980084027235324395e-01
3.150691381440712813e-01
3.471094994769933217e-01
3.493568140726823201e-01
3.596488185441837904e-01
2.963294981320639399e-01
4.394453288270877001e-01
4.534610436799434430e-01
3.599672392010688782e-01
4.219067492164098043e-01
3.905097387301234013e-01
4.507543585048272017e-01
3.927759227092162964e-01
