7.006930731810055990e-01
9.753258503400362711e-01
6.654050195177730886e-01
7.365155800317342294e-01
7.261702301195607223e-01
5.725189986137243503e-01
6.680300184167348165e-01
8.229182878365883802e-01
7.877199741510244602e-01
9.575564586199246664e-01
9.496586735431964410e-01
8.823298708750650921e-01
9.471374245790334934e-01
7.412018099656472181e-01
6.058811922199450750e-01
6.712367387775045602e-01
7.473382234591274820e-01
6.896080079560096276e-01
6.339972547900217803e-01
6.940933607805234162e-01
8.823145169478195937e-01
9.733087695561922770e-01
9.642354616752037977e-01
9.678423404693603516e-01
9.072764813899993896e-01
9.740926027297973633e-01
7.966641677686800982e-01
6.674808109035859083e-01
9.075178698851511516e-01
9.475828363345220051e-01
9.587442370561453098e-01
8.020411987717335212e-01
9.426561410610492242e-01
9.804397454628577258e-01
9.734569329481858047e-01
9.658801509783818684e-01
9.680714011192321777e-01
6.098153970849055083e-01
5.923385799217683045e-01
9.270609021186828613e-01
7.848286491173964707e-01
7.427057692279609435e-01
6.683847056701779366e-01
9.498551854720482801e-01
9.216621426435617215e-01
9.103450041550856797e-01
9.520520888842068929e-01
9.507447710404028918e-01
8.669759378983423748e-01
5.273441667489421336e-01
5.679078269391678591e-01
7.124861381374872904e-01
8.080175494631895994e-01
8.577735879673407116e-01
8.493984135297628635e-01
8.705439154918377387e-01
9.651987644342275852e-01
9.589334680483891926e-01
7.151098159643319851e-01
7.081347236839624637e-01
7.537435593952138690e-01
9.119942096563485867e-01
9.821159747930673367e-01
9.101544618606567383e-01
9.492487586461580973e-01
9.348992842894333632e-01
9.631368838823758383e-01
8.737762025915659647e-01
6.816734935228641046e-01
8.335007966603510399e-01
9.530149744107172527e-01
8.665722379317650770e-01
9.050542070315434895e-01
9.820792629168584309e-01
9.740532820041363227e-01
7.947089124757510392e-01
6.731219508040410249e-01
8.907742041807907851e-01
9.519092853252704156e-01
9.334734494869525445e-01
9.809158719502962809e-01
8.078725326519745620e-01
9.720957187505868680e-01
7.690109856999837179e-01
9.374483686227065293e-01
9.545911917319664930e-01
9.280702517582819500e-01
9.596478343009948730e-01
8.405762670131829983e-01
8.781442309801394952e-01
7.714179014930357958e-01
9.760639713360712566e-01
9.558295470017653672e-01
9.528307823034433133e-01
8.946956556576949326e-01
8.373957769228861370e-01
9.691382188063401015e-01
9.790915250778198242e-01
9.722741383772629531e-01
9.055480822347677927e-01
9.762624823130093832e-01
