3.765999805182218552e-03
6.219152212142944336e-01
2.772081494331359863e-01
2.338434159755706787e-01
1.078104078769683838e-01
2.269824147224426270e-01
4.063896238803863525e-01
3.703803718090057373e-01
7.829260826110839844e-02
2.565039694309234619e-01
7.067188024520874023e-01
5.002776980400085449e-01
4.304432272911071777e-01
3.605527803301811218e-02
5.610940456390380859e-01
2.410663366317749023e-01
4.216816276311874390e-02
6.602330505847930908e-02
3.050523400306701660e-01
4.058213159441947937e-02
1.299275159835815430e-01
5.801526308059692383e-01
1.145000606775283813e-01
3.730972707271575928e-01
2.147674262523651123e-01
8.575312793254852295e-02
4.414650902617722750e-06
2.361651859246194363e-04
2.996019124984741211e-01
2.119730971753597260e-02
2.068854635581374168e-03
4.128872156143188477e-01
5.102290511131286621e-01
1.965221390128135681e-02
6.568241864442825317e-02
2.918618731200695038e-02
4.275706708431243896e-01
3.263205885887145996e-01
3.056612014770507812e-01
3.264200131525285542e-05
1.827026135288178921e-04
8.997876048088073730e-01
9.646303951740264893e-02
4.500566283240914345e-04
5.870307683944702148e-01
4.061541557312011719e-01
4.575360715389251709e-01
1.210016477853059769e-02
1.048022210597991943e-01
8.220930583775043488e-03
3.886665403842926025e-01
1.466014236211776733e-01
6.564080715179443359e-02
4.169197287410497665e-03
6.089761853218078613e-01
4.769472405314445496e-02
2.358386218547821045e-01
3.864653110504150391e-01
3.791804313659667969e-01
7.164500355720520020e-01
2.230604141950607300e-01
1.694726794958114624e-01
5.491576790809631348e-01
4.956664144992828369e-01
1.077107042074203491e-01
3.237713826820254326e-03
1.069196499884128571e-03
6.566634774208068848e-01
6.851004362106323242e-01
2.625916004180908203e-01
2.262011319398880005e-01
1.916833072900772095e-01
1.009189039468765259e-01
2.303848862648010254e-01
3.007287345826625824e-02
7.855269126594066620e-03
1.955700516700744629e-01
2.487562298774719238e-01
8.470283355563879013e-04
1.983193913474678993e-03
6.184636950492858887e-01
2.111515253782272339e-01
2.455638647079467773e-01
1.669610887765884399e-01
2.243764400482177734e-01
3.867036104202270508e-02
4.831930398941040039e-01
8.629451505839824677e-03
3.079456984996795654e-01
2.322177141904830933e-01
1.232753917574882507e-01
1.183683872222900391e-01
4.458784591406583786e-03
7.303165197372436523e-01
1.326709240674972534e-01
5.289316922426223755e-02
1.279939413070678711e-01
7.128382325172424316e-01
2.763184309005737305e-01
6.710614077746868134e-03
2.897723317146301270e-01
6.000555157661437988e-01
6.157522797584533691e-01
1.146632730960845947e-01
6.850071251392364502e-02
8.187957853078842163e-02
8.255927562713623047e-01
5.579095333814620972e-02
2.504075765609741211e-01
3.868326544761657715e-01
7.477381229400634766e-01
4.579930007457733154e-01
1.865338534116744995e-01
7.403994095511734486e-04
3.589566051959991455e-01
5.988510251045227051e-01
1.701846718788146973e-01
2.660500817000865936e-02
7.425602525472640991e-02
8.057181239128112793e-01
3.014174103736877441e-01
7.455375790596008301e-02
2.005647271871566772e-01
1.820075511932373047e-01
5.455410480499267578e-02
3.997897505760192871e-01
6.046439055353403091e-03
5.247087776660919189e-02
2.672908306121826172e-01
2.048505842685699463e-01
5.362264346331357956e-03
4.511282313615083694e-03
6.213326454162597656e-01
4.002512395381927490e-01
4.128986001014709473e-01
4.585481435060501099e-02
1.959592700004577637e-01
2.268962711095809937e-01
4.330039024353027344e-01
5.056270584464073181e-02
3.920286595821380615e-01
2.667789459228515625e-01
2.498017251491546631e-01
6.740164011716842651e-02
3.601971780881285667e-03
8.060150742530822754e-01
4.503594338893890381e-01
2.427497208118438721e-01
1.309283375740051270e-01
2.209878712892532349e-01
1.886826567351818085e-02
3.999187350273132324e-01
1.554956287145614624e-01
3.294551745057106018e-03
4.123196005821228027e-01
1.211950182914733887e-01
3.305497113615274429e-03
2.238108776509761810e-03
8.122453093528747559e-01
2.965965569019317627e-01
1.855037957429885864e-01
3.980928659439086914e-01
2.312049269676208496e-01
3.800658583641052246e-01
6.648581027984619141e-01
6.017683073878288269e-02
1.103665232658386230e-01
4.177097082138061523e-01
2.434135973453521729e-01
5.826556682586669922e-01
2.217977494001388550e-01
7.894695997238159180e-01
2.190871909260749817e-02
2.291711866855621338e-01
2.118235081434249878e-01
3.990747630596160889e-01
2.847269177436828613e-02
2.142178714275360107e-01
4.517203196883201599e-02
3.871219754219055176e-01
3.022005558013916016e-01
4.817344546318054199e-01
2.304948568344116211e-01
3.036484587937593460e-03
2.403244972229003906e-01
9.358593076467514038e-02
1.051875948905944824e-02
1.802554354071617126e-03
2.290561795234680176e-01
1.539002358913421631e-01
4.850731417536735535e-02
2.295994272571988404e-05
2.239774726331233978e-02
1.662469655275344849e-01
1.433014869689941406e-01
2.325723171234130859e-01
2.443071025481913239e-06
5.270394682884216309e-01
1.471220981329679489e-02
1.271043322049081326e-03
2.116183489561080933e-01
4.050154387950897217e-01
1.768206506967544556e-01
1.588391512632369995e-01
1.909861117601394653e-01
4.941231012344360352e-01
3.776921704411506653e-02
3.626840710639953613e-01
4.076258540153503418e-01
5.599012183665763587e-06
8.980185985565185547e-01
4.477328360080718994e-01
1.846619248390197754e-01
2.006807923316955566e-01
5.539649724960327148e-01
3.002678602933883667e-02
2.859526127576828003e-02
5.932513624429702759e-02
3.015736937522888184e-01
3.898527920246124268e-01
2.046559005975723267e-01
4.717336595058441162e-01
1.309920800849795341e-03
7.056854963302612305e-01
3.750140368938446045e-01
1.687078773975372314e-01
1.631797850131988525e-02
2.163642048835754395e-01
2.002940773963928223e-01
2.807334251701831818e-02
7.590536028146743774e-02
1.098440140485763550e-01
3.990605473518371582e-02
7.051913440227508545e-02
3.891548514366149902e-01
1.510105794295668602e-04
3.112851381301879883e-01
3.206306695938110352e-02
2.984528243541717529e-02
1.959673315286636353e-02
2.291078567504882812e-01
1.375439167022705078e-01
3.017831221222877502e-02
3.612215816974639893e-02
4.654069840908050537e-01
2.559483349323272705e-01
3.962462842464447021e-01
5.340952873229980469e-01
6.252796854823827744e-03
7.567421793937683105e-01
5.813163518905639648e-01
1.460859552025794983e-02
1.095011308789253235e-01
3.892945945262908936e-01
2.086850404739379883e-01
9.542441368103027344e-02
2.287972485646605492e-03
4.173216223716735840e-01
3.660500943660736084e-01
2.145373523235321045e-01
1.870949417352676392e-01
2.656192518770694733e-02
4.153110086917877197e-01
4.247062504291534424e-01
2.194013446569442749e-01
1.078151166439056396e-01
2.202227413654327393e-01
2.703657448291778564e-01
4.081357121467590332e-01
1.996060609817504883e-01
1.946111917495727539e-01
4.574245810508728027e-01
1.245043128728866577e-01
4.045200943946838379e-01
2.616920683067291975e-04
2.745973467826843262e-01
7.296859025955200195e-01
3.848122358322143555e-01
9.051983803510665894e-02
1.072293370962142944e-01
4.052792787551879883e-01
1.748651415109634399e-01
5.061919689178466797e-01
4.121650755405426025e-02
2.256191223859786987e-01
2.707950770854949951e-01
5.798620581626892090e-01
1.436479797121137381e-04
7.557982802391052246e-01
4.903573393821716309e-01
3.492652475833892822e-01
2.276796996593475342e-01
2.335622310638427734e-01
2.096398323774337769e-01
1.070885136723518372e-01
2.747607827186584473e-01
6.967826187610626221e-02
3.265084028244018555e-01
3.311152756214141846e-01
7.809014320373535156e-01
2.169147483073174953e-04
8.225638270378112793e-01
2.002473175525665283e-01
4.850367009639739990e-01
2.000880837440490723e-01
3.811003267765045166e-01
3.065578937530517578e-01
3.768949210643768311e-01
1.722422242164611816e-01
1.988812386989593506e-01
1.853173226118087769e-01
3.605726957321166992e-01
4.291889071464538574e-01
7.985243573784828186e-03
8.166184425354003906e-01
4.057815968990325928e-01
2.492022663354873657e-01
3.984464406967163086e-01
2.343709766864776611e-01
3.583364784717559814e-01
4.065001308917999268e-01
1.855067163705825806e-01
1.073028426617383957e-03
1.966077089309692383e-01
7.020382881164550781e-01
4.001044034957885742e-01
2.126097232103347778e-01
9.732521325349807739e-02
4.027452319860458374e-03
3.928076028823852539e-01
5.167702212929725647e-02
3.443354740738868713e-02
1.027467567473649979e-02
2.744107544422149658e-01
3.305057543911971152e-05
2.457037419080734253e-01
1.040907762944698334e-02
1.265151947736740112e-01
2.807921469211578369e-01
5.803382992744445801e-01
8.591639995574951172e-01
2.355341017246246338e-01
2.055777935311198235e-03
3.500695526599884033e-01
4.962686896324157715e-01
1.918212175369262695e-01
3.296567797660827637e-01
3.583762049674987793e-01
3.299039900302886963e-01
1.769803911447525024e-01
3.280935585498809814e-01
7.527720928192138672e-01
2.274594008922576904e-01
4.234255254268646240e-01
4.003010094165802002e-01
1.704037276795133948e-04
3.985660076141357422e-01
7.988964766263961792e-02
4.470817148685455322e-01
2.109293937683105469e-01
8.768308907747268677e-02
5.147638320922851562e-01
7.342318892478942871e-01
1.371193230152130127e-01
1.951927989721298218e-01
5.082644224166870117e-01
5.670266151428222656e-01
7.540115714073181152e-01
4.430708885192871094e-01
3.797229528427124023e-01
5.302718877792358398e-01
3.086915612220764160e-01
2.407079637050628662e-01
4.068794250488281250e-01
3.533205687999725342e-01
4.851934313774108887e-01
2.294287532567977905e-01
2.325225025415420532e-01
3.648430407047271729e-01
6.171410083770751953e-01
7.179400920867919922e-01
3.803658187389373779e-01
9.499918669462203979e-03
4.478042200207710266e-02
4.034179449081420898e-01
5.937501043081283569e-02
5.184364691376686096e-02
2.331690043210983276e-01
4.034235477447509766e-01
4.407935142517089844e-01
3.765848875045776367e-01
3.965551853179931641e-01
3.024268895387649536e-02
4.796072244644165039e-01
5.899062752723693848e-01
2.078958898782730103e-01
1.505897287279367447e-02
4.094418585300445557e-01
4.600607976317405701e-02
1.415552943944931030e-01
2.705740630626678467e-01
1.777172088623046875e-01
1.345374882221221924e-01
5.223050117492675781e-01
3.647865355014801025e-01
2.243958860635757446e-01
3.159645795822143555e-01
4.017068147659301758e-01
1.916036903858184814e-01
3.608808815479278564e-01
5.255767703056335449e-01
5.954265594482421875e-01
2.778706606477499008e-03
3.301541209220886230e-01
2.440253645181655884e-01
5.307238101959228516e-01
1.943410038948059082e-01
1.973871588706970215e-01
7.546273469924926758e-01
3.292288482189178467e-01
8.217892646789550781e-01
1.947111189365386963e-01
2.982582151889801025e-01
2.644686102867126465e-01
2.036207616329193115e-01
2.329609356820583344e-03
6.086602807044982910e-01
4.000053107738494873e-01
4.426434263586997986e-02
5.587862730026245117e-01
1.965840160846710205e-01
6.263607144355773926e-01
6.856975555419921875e-01
6.165363788604736328e-01
3.924294114112854004e-01
2.276535034179687500e-01
5.047718286514282227e-01
2.458440661430358887e-01
3.993267118930816650e-01
3.702466487884521484e-01
2.448408156633377075e-01
4.975388646125793457e-01
4.179929792881011963e-01
2.225050777196884155e-01
7.588354349136352539e-01
3.489818274974822998e-01
6.671456098556518555e-01
3.909019827842712402e-01
2.550097107887268066e-01
2.123101204633712769e-01
2.754273116588592529e-01
6.011837348341941833e-02
2.006506025791168213e-01
7.707828879356384277e-01
9.826607704162597656e-01
5.434449911117553711e-01
5.538737177848815918e-01
7.768049240112304688e-01
2.902244329452514648e-01
3.715651333332061768e-01
1.835246682167053223e-01
1.638077497482299805e-01
7.812441587448120117e-01
4.113935828208923340e-01
4.047196507453918457e-01
2.939544916152954102e-01
3.873486518859863281e-01
4.687579274177551270e-01
5.846787095069885254e-01
4.779233336448669434e-01
3.119801878929138184e-01
6.085088253021240234e-01
4.331111609935760498e-01
3.053162992000579834e-01
1.870854049921035767e-01
2.144545614719390869e-01
2.005350440740585327e-01
2.211482822895050049e-01
2.052676677703857422e-01
1.994404494762420654e-01
5.052632838487625122e-02
4.049393832683563232e-01
4.016856253147125244e-01
4.458548035472631454e-03
1.686621308326721191e-01
2.026474326848983765e-01
7.416669977828860283e-04
9.777420200407505035e-04
9.961500763893127441e-03
1.500992197543382645e-02
6.633047014474868774e-03
5.859220866113901138e-03
2.128167152404785156e-01
4.679951965808868408e-01
3.272076845169067383e-01
2.033396661281585693e-01
1.999935060739517212e-01
1.054266281425952911e-02
3.990362882614135742e-01
5.050524603575468063e-03
1.054102089256048203e-02
1.377457054331898689e-03
2.430548965930938721e-01
6.340941763482987881e-04
9.929530322551727295e-02
2.454607049003243446e-03
6.234315806068480015e-04
7.276205420494079590e-01
8.479699492454528809e-02
4.543900024145841599e-03
4.227517545223236084e-02
5.201595425605773926e-01
3.875424445141106844e-04
2.310067415237426758e-02
2.041484266519546509e-01
2.279101498425006866e-02
1.000784412026405334e-01
2.332878299057483673e-02
1.669577211141586304e-01
8.652687072753906250e-02
5.992706418037414551e-01
2.009571343660354614e-01
1.389076533087063581e-05
1.919173076748847961e-02
6.028584837913513184e-01
1.538974605500698090e-02
2.447743155062198639e-02
4.127156361937522888e-02
4.511092901229858398e-01
5.847315862774848938e-02
1.063566431403160095e-01
4.333200752735137939e-01
5.293119549751281738e-01
4.008749127388000488e-01
2.088780999183654785e-01
7.766322698444128036e-03
2.619190812110900879e-01
5.170888900756835938e-01
2.677426636219024658e-01
1.562369521707296371e-03
2.394856959581375122e-01
2.260323762893676758e-01
6.985286599956452847e-04
2.434947192668914795e-01
1.299874186515808105e-01
3.837457299232482910e-01
7.992404699325561523e-01
1.997856050729751587e-01
2.528797984123229980e-01
1.953771561384201050e-01
2.121720910072326660e-01
5.280222296714782715e-01
4.846932642976753414e-05
7.571354042738676071e-03
2.001242339611053467e-01
1.602213596925139427e-03
2.678333781659603119e-02
1.505270302295684814e-01
2.474739998579025269e-01
4.298366308212280273e-01
3.955276310443878174e-01
2.058142097666859627e-03
5.642706900835037231e-02
3.142945170402526855e-01
3.792231082916259766e-01
3.863149231619900092e-06
2.947613224387168884e-02
9.282710030674934387e-03
3.906426206231117249e-02
3.407232288736850023e-04
1.762269437313079834e-01
2.919260878115892410e-04
8.007938861846923828e-01
8.726293453946709633e-04
1.864441765064839274e-05
3.687570989131927490e-02
1.883663088083267212e-01
3.084841370582580566e-01
6.812012725276872516e-05
9.532819688320159912e-02
6.269035339355468750e-01
1.632321178913116455e-01
1.819511689245700836e-02
2.344271540641784668e-01
2.760744988918304443e-01
2.263234108686447144e-01
8.364748954772949219e-01
2.122969453921541572e-04
2.524155378341674805e-01
4.590493738651275635e-01
2.010351866483688354e-01
8.716741204261779785e-02
1.983816176652908325e-01
4.367956519126892090e-02
3.112357258796691895e-01
7.963230018503963947e-06
1.891284286975860596e-01
2.908076941967010498e-01
7.586964964866638184e-01
3.987613618373870850e-01
1.125622540712356567e-01
7.478565908968448639e-03
1.378298848867416382e-01
2.486394196748733521e-01
9.450530633330345154e-03
7.062383741140365601e-02
1.625353544950485229e-01
5.953943133354187012e-01
2.780569484457373619e-04
2.866685390472412109e-02
3.128444775938987732e-02
4.068505764007568359e-01
3.981062173843383789e-01
9.061709279194474220e-04
6.894871592521667480e-02
1.881226301193237305e-01
4.173685908317565918e-01
1.257308904314413667e-04
1.545560210943222046e-01
2.265070527791976929e-01
3.449763357639312744e-01
3.874772787094116211e-02
1.262962371110916138e-01
6.031740456819534302e-03
5.787977576255798340e-01
4.786552786827087402e-01
3.885162770748138428e-01
3.438208997249603271e-01
2.437208145856857300e-01
2.074053585529327393e-01
1.119932830333709717e-01
6.024910882115364075e-02
1.305931620299816132e-02
2.092899531126022339e-01
8.560315519571304321e-02
5.302960872650146484e-01
4.556158185005187988e-02
2.292968481779098511e-01
1.937868297100067139e-01
2.010066658258438110e-01
6.128653883934020996e-01
4.222436845302581787e-01
4.006752669811248779e-01
3.986882269382476807e-01
5.276971310377120972e-02
1.477183122187852859e-02
2.171101272106170654e-01
2.725766301155090332e-01
2.604852616786956787e-01
5.684012174606323242e-02
6.219688057899475098e-01
1.964897960424423218e-01
1.242871861904859543e-03
2.218680232763290405e-01
3.356695233378559351e-04
5.900969505310058594e-01
4.669183399528264999e-03
2.775090187788009644e-02
3.513059020042419434e-02
2.162582473829388618e-03
2.203087508678436279e-01
1.672521680593490601e-01
5.223480239510536194e-02
4.971001148223876953e-01
5.899561643600463867e-01
8.083497232291847467e-05
3.048920333385467529e-01
6.600673198699951172e-01
1.951273381710052490e-01
4.163415729999542236e-01
3.199787810444831848e-02
3.363713324069976807e-01
2.428079545497894287e-01
4.043075144290924072e-01
2.193230986595153809e-01
3.420547544956207275e-01
5.312278866767883301e-01
2.358670718967914581e-02
2.080176770687103271e-01
5.991432666778564453e-01
4.466890692710876465e-01
7.649125456809997559e-01
2.942510135471820831e-02
3.258100450038909912e-01
1.638762503862380981e-01
3.993814587593078613e-01
7.508566975593566895e-02
2.529677450656890869e-01
4.015715718269348145e-01
5.070779919624328613e-01
7.383370995521545410e-01
1.624277830123901367e-01
2.221858501434326172e-01
2.373473346233367920e-01
3.711466789245605469e-01
2.355905175209045410e-01
1.816131621599197388e-01
6.326780915260314941e-01
2.180459797382354736e-01
2.122936397790908813e-01
8.709436655044555664e-02
5.843076109886169434e-02
5.833967924118041992e-01
6.574268336407840252e-04
1.939078271389007568e-01
6.333830356597900391e-01
5.200567245483398438e-01
7.268486022949218750e-01
4.573136270046234131e-01
2.156904041767120361e-01
3.975703418254852295e-01
4.122927486896514893e-01
3.731952011585235596e-01
1.987562775611877441e-01
3.832338154315948486e-01
3.288142085075378418e-01
9.582616090774536133e-01
5.144590977579355240e-03
6.096311807632446289e-01
2.021700888872146606e-01
1.897004097700119019e-01
2.008486539125442505e-01
2.174384444952011108e-01
2.987090945243835449e-01
2.615889906883239746e-01
8.050548844039440155e-03
2.957812547683715820e-01
1.473613381385803223e-01
3.359166085720062256e-01
2.105958163738250732e-01
1.708186347968876362e-03
4.173415005207061768e-01
1.927780061960220337e-01
1.971566528081893921e-01
8.068684339523315430e-01
3.172893524169921875e-01
5.368167161941528320e-01
1.091711595654487610e-02
2.770806252956390381e-01
2.016429305076599121e-01
2.220056504011154175e-01
2.877816557884216309e-01
1.950082629919052124e-01
2.106822284986265004e-05
7.904651165008544922e-01
4.983068406581878662e-01
8.641747385263442993e-02
3.691707253456115723e-01
2.189770787954330444e-01
3.829999566078186035e-01
2.567504644393920898e-01
2.252300083637237549e-01
5.617300271987915039e-01
6.006259471178054810e-02
4.139170646667480469e-01
3.640390038490295410e-01
1.495259766670642421e-06
5.052059292793273926e-01
4.524085223674774170e-01
2.340794354677200317e-01
2.176669239997863770e-01
8.807430043816566467e-03
1.299177296459674835e-02
2.518316358327865601e-02
5.683100819587707520e-01
4.015005826950073242e-01
1.065757349133491516e-01
3.825237154960632324e-01
6.450384855270385742e-01
6.092301383614540100e-02
6.809034347534179688e-01
2.333333790302276611e-01
2.652375102043151855e-01
5.134247541427612305e-01
1.439737379550933838e-01
2.452478110790252686e-01
5.101202405057847500e-04
6.371685862541198730e-02
1.846066564321517944e-01
4.025112986564636230e-01
3.899306058883666992e-01
3.953890204429626465e-01
4.004665017127990723e-01
2.652222514152526855e-01
4.058697223663330078e-01
4.071495831012725830e-01
5.050817728042602539e-01
9.583362261764705181e-04
2.091081589460372925e-01
4.879357758909463882e-03
1.897791400551795959e-02
1.207459717988967896e-01
3.926141262054443359e-01
4.814984500408172607e-01
1.485230177640914917e-01
1.943458169698715210e-01
9.749943614006042480e-01
2.838726639747619629e-01
1.071701794862747192e-01
9.349923580884933472e-03
3.472377657890319824e-01
6.945841014385223389e-02
8.557584136724472046e-02
5.984275341033935547e-01
1.481065601110458374e-01
2.025569379329681396e-01
3.921849727630615234e-01
1.101831253618001938e-02
2.899171377066522837e-04
6.212865710258483887e-01
3.026168048381805420e-02
1.094472333788871765e-01
7.266574501991271973e-01
2.053615450859069824e-01
1.254340410232543945e-01
9.482441964792087674e-05
2.278413325548171997e-01
2.003110051155090332e-01
6.213177740573883057e-02
8.624393939971923828e-01
3.856034278869628906e-01
1.555630266666412354e-01
3.492923974990844727e-01
3.089616894721984863e-01
4.429965745657682419e-03
8.190713822841644287e-03
2.208698540925979614e-02
1.603243872523307800e-02
1.859818249940872192e-01
2.476728260517120361e-01
4.601764678955078125e-01
1.231600493192672729e-01
5.568866133689880371e-01
3.795934021472930908e-01
1.924681812524795532e-01
7.039150595664978027e-01
1.405521929264068604e-01
2.126684226095676422e-02
2.214705795049667358e-01
4.084045290946960449e-01
2.136610895395278931e-01
2.254103422164916992e-01
4.547059163451194763e-02
3.493407964706420898e-01
3.600143492221832275e-01
7.684462666511535645e-01
1.949679553508758545e-01
1.431332062929868698e-02
4.058703780174255371e-01
4.907440543174743652e-01
2.047723680734634399e-01
3.511660099029541016e-01
4.428029060363769531e-01
1.512397378683090210e-01
3.793954253196716309e-01
2.877834625542163849e-02
2.019926756620407104e-01
3.800368607044219971e-01
3.667646348476409912e-01
1.969700306653976440e-01
3.665345609188079834e-01
8.057918548583984375e-01
2.253440916538238525e-01
3.870732188224792480e-01
4.293953776359558105e-01
4.157350361347198486e-01
1.298787444829940796e-01
2.348265498876571655e-01
4.086793214082717896e-02
3.978326022624969482e-01
1.213780231773853302e-02
9.747190028429031372e-02
4.484627246856689453e-01
1.346237724646925926e-03
4.694505929946899414e-01
4.119600653648376465e-01
5.976861119270324707e-01
2.319411039352416992e-01
4.122834205627441406e-01
2.292348593473434448e-01
9.101942996494472027e-04
1.042202040553092957e-01
4.710558056831359863e-01
3.405523300170898438e-01
4.029000997543334961e-01
3.019287288188934326e-01
3.177814651280641556e-04
6.057468652725219727e-01
3.157406151294708252e-01
6.646354794502258301e-01
2.020214498043060303e-01
2.408021390438079834e-01
2.071660459041595459e-01
2.212595939636230469e-01
2.128816545009613037e-01
2.314930260181427002e-01
2.738352119922637939e-02
2.842351496219635010e-01
3.954060673713684082e-01
7.928530685603618622e-03
4.596735835075378418e-01
5.937346816062927246e-01
2.242099642753601074e-01
5.360559225082397461e-01
3.559678327292203903e-03
3.080840106122195721e-04
4.217080277157947421e-05
3.820379078388214111e-01
9.011425822973251343e-02
4.717081785202026367e-03
4.150752425193786621e-01
3.558694720268249512e-01
6.030369177460670471e-02
6.876392364501953125e-01
7.286695241928100586e-01
5.971474051475524902e-01
6.109640002250671387e-01
3.833276033401489258e-01
4.368222951889038086e-01
8.037301898002624512e-02
4.515493512153625488e-01
7.437715530395507812e-01
6.144265085458755493e-02
2.069406956434249878e-01
2.017234563827514648e-01
1.938732862472534180e-01
2.239645123481750488e-01
3.866496682167053223e-01
2.117500007152557373e-01
5.530593395233154297e-01
6.349826455116271973e-01
5.486314892768859863e-01
1.071435958147048950e-01
3.172266781330108643e-01
5.683068633079528809e-01
2.547912597656250000e-01
4.539933204650878906e-01
3.886417746543884277e-01
1.037772744894027710e-02
4.354297220706939697e-01
4.154027700424194336e-01
5.198450088500976562e-01
4.539341628551483154e-01
2.663817405700683594e-01
5.903203487396240234e-01
2.082953751087188721e-01
4.445680975914001465e-01
3.924110233783721924e-01
5.497974753379821777e-01
3.928095400333404541e-01
2.519139051437377930e-01
5.054881423711776733e-02
7.627799510955810547e-01
5.593698099255561829e-02
3.837953805923461914e-01
5.545588135719299316e-01
2.864499092102050781e-01
2.478937804698944092e-01
2.062136083841323853e-01
1.583262579515576363e-03
3.943555951118469238e-01
6.152811273932456970e-02
4.543341994285583496e-01
3.921099305152893066e-01
1.932218819856643677e-01
4.847440719604492188e-01
5.530241131782531738e-01
3.667069971561431885e-01
4.524677395820617676e-01
7.941126078367233276e-02
4.512890577316284180e-01
2.384000420570373535e-01
1.023197248578071594e-01
2.619541287422180176e-01
2.299524992704391479e-01
1.938140988349914551e-01
4.816774725914001465e-01
6.585104390978813171e-03
7.129427790641784668e-01
6.316362619400024414e-01
5.390787720680236816e-01
1.454396694898605347e-01
2.452762126922607422e-01
6.922670006752014160e-01
6.724508851766586304e-02
8.623524010181427002e-02
3.271391093730926514e-01
2.065214514732360840e-01
3.492677211761474609e-02
1.970357447862625122e-01
3.709952831268310547e-01
6.070761680603027344e-01
4.706164598464965820e-01
2.178445905447006226e-01
1.988817155361175537e-01
5.969204902648925781e-01
3.628161922097206116e-02
2.179464092478156090e-03
1.981348097324371338e-01
1.399935483932495117e-01
2.918391525745391846e-01
2.204526960849761963e-01
5.844064354896545410e-01
3.194113969802856445e-01
6.260084509849548340e-01
2.148453891277313232e-01
2.315024435520172119e-01
1.970791518688201904e-01
5.742321908473968506e-02
2.392382174730300903e-01
1.023223996162414551e-01
1.501992940902709961e-01
1.990497410297393799e-01
5.649263411760330200e-02
1.941089332103729248e-01
6.315520405769348145e-01
3.442361205816268921e-02
7.789154052734375000e-01
6.156613826751708984e-01
6.801124811172485352e-01
3.969590067863464355e-01
3.592071533203125000e-01
6.186596155166625977e-01
2.571435570716857910e-01
1.251685321331024170e-01
3.162577152252197266e-01
4.749837517738342285e-01
3.893005251884460449e-01
7.318600416183471680e-01
1.080511137843132019e-02
6.604235172271728516e-01
8.260949254035949707e-01
6.014040708541870117e-01
3.898837268352508545e-01
4.342134594917297363e-01
4.442200362682342529e-01
5.154480338096618652e-01
1.767027527093887329e-01
1.058384925127029419e-01
4.100594818592071533e-01
3.474377989768981934e-01
5.143946409225463867e-01
2.969734370708465576e-01
7.698355913162231445e-01
4.733061790466308594e-01
6.042335033416748047e-01
5.987036824226379395e-01
2.424936294555664062e-01
7.395578622817993164e-01
7.513350844383239746e-01
2.034117132425308228e-01
5.434918403625488281e-01
8.134334534406661987e-02
3.830729722976684570e-01
5.839645266532897949e-01
2.825158834457397461e-01
7.429459095001220703e-01
3.857973814010620117e-01
4.121622443199157715e-01
4.777968227863311768e-01
2.166041433811187744e-01
3.986490666866302490e-01
3.703364927787333727e-04
1.948067098855972290e-01
1.064179092645645142e-01
2.196404188871383667e-01
4.082025289535522461e-01
1.982548534870147705e-01
2.556518018245697021e-01
8.045227527618408203e-01
4.886946082115173340e-01
4.742972850799560547e-01
2.837375272065401077e-03
2.333983182907104492e-01
2.442722916603088379e-01
1.018337532877922058e-02
1.048924475908279419e-01
2.572619318962097168e-01
1.251637339591979980e-01
4.676989316940307617e-01
1.976714134216308594e-01
5.229040514677762985e-03
7.841622233390808105e-01
2.387747913599014282e-01
4.089780747890472412e-01
2.436769753694534302e-01
2.062966376543045044e-01
3.152109682559967041e-01
3.745700716972351074e-01
4.479829370975494385e-01
2.383501380681991577e-01
3.896159231662750244e-01
1.289410144090652466e-01
3.909351527690887451e-01
1.932785212993621826e-01
6.145450472831726074e-01
2.347095757722854614e-01
5.926615595817565918e-01
1.972492225468158722e-02
4.104357361793518066e-01
2.104333490133285522e-01
5.378414392471313477e-01
2.156903147697448730e-01
3.570590342860668898e-04
4.503306746482849121e-01
1.823971867561340332e-01
2.212189137935638428e-01
1.920141577720642090e-01
6.874238848686218262e-01
2.597451210021972656e-01
5.884005427360534668e-01
5.798829793930053711e-01
4.402868449687957764e-02
4.205778539180755615e-01
2.717459015548229218e-02
8.458501659333705902e-03
4.115849151276051998e-04
4.557506442070007324e-01
1.742694526910781860e-02
8.136463910341262817e-02
2.114426344633102417e-01
6.926128268241882324e-01
2.250653654336929321e-01
6.036121845245361328e-01
2.467375695705413818e-01
5.611624717712402344e-01
5.062593221664428711e-01
3.944009840488433838e-01
3.084997646510601044e-03
8.831804245710372925e-02
3.075189888477325439e-02
2.531020343303680420e-01
5.418307185173034668e-01
1.670816726982593536e-02
8.228101134300231934e-01
2.517448663711547852e-01
2.638979852199554443e-01
5.493193268775939941e-01
2.253173440694808960e-01
4.454037845134735107e-01
2.312027513980865479e-01
1.586382836103439331e-02
1.874650716781616211e-01
1.402852358296513557e-04
3.239100575447082520e-01
1.646306067705154419e-01
1.836216151714324951e-01
5.929855108261108398e-01
3.499653935432434082e-01
2.756196856498718262e-01
1.941122859716415405e-02
5.936327576637268066e-01
3.943496048450469971e-01
4.924342036247253418e-01
1.283417642116546631e-01
4.507892727851867676e-01
2.920208275318145752e-01
5.809850096702575684e-01
5.895780324935913086e-01
2.586189806461334229e-01
7.626993060111999512e-01
2.396532744169235229e-01
3.833229243755340576e-01
2.442371249198913574e-01
5.976451039314270020e-01
1.769210845232009888e-01
3.736721724271774292e-02
4.015780687332153320e-01
3.128485083580017090e-01
4.562064111232757568e-01
1.044741831719875336e-03
3.568519949913024902e-01
1.994394063949584961e-01
2.799234390258789062e-01
1.005236208438873291e-01
9.238569140434265137e-01
7.655443549156188965e-01
3.176231980323791504e-01
7.252339124679565430e-01
1.802927851676940918e-01
1.504038721323013306e-01
2.002191394567489624e-01
9.328804016113281250e-01
5.883315801620483398e-01
4.021148383617401123e-01
3.458941137068904936e-06
4.289027452468872070e-01
2.787933051586151123e-01
5.989978313446044922e-01
2.981365025043487549e-01
2.176541388034820557e-01
6.202182769775390625e-01
5.811660885810852051e-01
1.937788128852844238e-01
1.963694579899311066e-02
4.312283992767333984e-01
1.975397020578384399e-01
3.880534768104553223e-01
1.961711645126342773e-01
5.864061713218688965e-01
1.528514772653579712e-01
6.331439018249511719e-01
3.849928379058837891e-01
2.300844490528106689e-01
5.348113179206848145e-01
4.583804607391357422e-01
1.871803253889083862e-01
3.997066318988800049e-01
5.652567744255065918e-02
5.520700216293334961e-01
2.201608419418334961e-01
1.774826645851135254e-01
9.914571642875671387e-01
2.674525976181030273e-01
7.366053462028503418e-01
1.306273341178894043e-01
2.378657460212707520e-01
1.283197104930877686e-01
4.579454660415649414e-01
2.721369033679366112e-03
5.363228917121887207e-01
7.661159336566925049e-02
7.650083303451538086e-01
4.589607119560241699e-01
1.059876456856727600e-01
6.027761101722717285e-01
6.344135105609893799e-02
2.243954837322235107e-01
2.103992551565170288e-01
5.955069065093994141e-01
6.354528665542602539e-01
5.201038122177124023e-01
4.569751024246215820e-01
5.615512132644653320e-01
2.032010108232498169e-01
1.104145124554634094e-01
3.407116830348968506e-01
1.046850084094330668e-04
6.255610585212707520e-01
6.174677610397338867e-02
3.849197030067443848e-01
4.093863666057586670e-01
5.796318650245666504e-01
4.940021038055419922e-01
5.396443605422973633e-01
5.385870337486267090e-01
4.360234737396240234e-01
8.185279369354248047e-01
5.869075655937194824e-01
5.681372880935668945e-01
1.702762441709637642e-03
6.111482381820678711e-01
4.049467742443084717e-01
5.335643887519836426e-01
1.648001052672043443e-04
3.941174745559692383e-01
7.710484415292739868e-02
4.005801975727081299e-01
4.295141994953155518e-01
1.968151330947875977e-01
8.284997940063476562e-01
5.945320129394531250e-01
5.847707390785217285e-01
2.534688077867031097e-02
3.770263120532035828e-02
1.002441123127937317e-01
2.107977420091629028e-01
5.893095135688781738e-01
4.105102121829986572e-01
3.004721701145172119e-01
6.453225612640380859e-01
4.048123359680175781e-01
4.339787065982818604e-01
5.271148681640625000e-01
4.430037140846252441e-01
4.988144040107727051e-01
1.255287788808345795e-02
8.130641579627990723e-01
2.990241646766662598e-01
4.457662701606750488e-01
3.986164331436157227e-01
2.035291045904159546e-01
7.711488753557205200e-02
4.092010557651519775e-01
4.447748661041259766e-01
1.097427867352962494e-02
6.345575451850891113e-01
4.492860436439514160e-01
5.364820361137390137e-01
2.157600130885839462e-03
5.916684865951538086e-01
6.353264451026916504e-01
7.813892960548400879e-01
5.253301858901977539e-01
1.528035756200551987e-02
4.333668351173400879e-01
6.336094141006469727e-01
6.090350151062011719e-01
1.299879550933837891e-01
5.102391242980957031e-01
1.475707888603210449e-01
3.864235281944274902e-01
1.919230669736862183e-01
4.228835701942443848e-01
5.035355091094970703e-01
5.435930490493774414e-01
4.109468460083007812e-01
7.979610003530979156e-03
1.863794773817062378e-01
3.308645188808441162e-01
6.161345243453979492e-01
4.131307452917098999e-02
4.013072252273559570e-01
