6.378128071530506649e-01
6.536313121995100950e-01
4.911617503754454050e-01
6.285988668046885719e-01
8.128541306807444133e-01
6.789328891497391494e-01
7.989572263680971842e-01
9.184840940512143392e-01
9.131060311427483533e-01
9.127057423958411242e-01
8.956086566815009142e-01
8.465607762336730957e-01
9.009830539043133246e-01
5.456207028070750864e-01
2.204707078635692596e-01
5.110200692971165193e-01
6.163633372276448030e-01
8.158112962085467545e-01
8.548372193024709187e-01
9.216624223268948812e-01
8.479477407840582126e-01
9.464835249460660238e-01
9.079254452998821723e-01
9.126271422092731012e-01
9.172671357026467298e-01
8.287228643894195557e-01
6.759679632691236728e-01
7.771184275356622928e-01
8.977240369870111980e-01
9.291113775510054795e-01
9.719212055206298828e-01
9.694586808864886773e-01
9.736427435508141492e-01
9.473597544890183242e-01
9.423207732347341770e-01
9.158025727822229900e-01
9.494504791039687364e-01
6.147976166103035212e-01
5.374534997659233815e-01
8.886503322193255450e-01
9.604034561377304824e-01
7.105125932206332040e-01
8.753417386458470784e-01
9.247145698620722332e-01
9.498104315537673203e-01
8.084939515862900050e-01
9.349831250997689969e-01
7.566985763036288004e-01
9.219369796606210476e-01
8.915746372479659287e-01
6.585559333999089215e-01
9.116699374639071207e-01
7.252910895308909422e-01
9.811275647236750164e-01
9.563223719596862793e-01
6.245062872767448425e-01
8.275035528036264187e-01
9.311478527692648166e-01
8.782607551950675218e-01
8.499187162289252306e-01
6.293607417386598568e-01
9.624622280781085504e-01
8.490940573123785251e-01
8.952427254273340740e-01
8.896194054530217610e-01
5.566533259474314432e-01
9.366191717294546359e-01
9.536155783213101644e-01
9.168879641936376057e-01
8.331973442377952344e-01
9.233821492928725450e-01
9.407515525817871094e-01
9.583056064752432102e-01
9.795534106401296848e-01
9.227507572907668321e-01
6.200213250704109669e-01
9.431858612940862141e-01
9.426064972694103705e-01
9.458009508939889676e-01
9.701045430623568278e-01
9.270920891028183730e-01
9.148312675265165561e-01
8.928413047240331135e-01
8.382648114258279826e-01
6.853971217687313544e-01
9.023950967507866627e-01
9.360590852223910074e-01
8.920601165781800734e-01
9.094716601360303132e-01
8.453316956830139173e-01
9.819762156559870281e-01
8.751576061432178033e-01
9.809865768139178765e-01
8.979902496704688097e-01
9.089044745151813043e-01
9.749359488487243652e-01
9.137973831250116863e-01
9.716403300945575250e-01
9.690423607826232910e-01
8.463255728666598809e-01
9.758299589157104492e-01
