3.246563007840170267e-01
2.146338178561283949e-01
1.861767849371132599e-01
2.390791016662730528e-01
3.068833234719932079e-01
2.184696213807910681e-01
2.048675763922241932e-01
2.909855695369725215e-01
3.223078392598276443e-01
2.038557839293319573e-01
2.542494097008154985e-01
2.333181422884361145e-01
2.927521293481382125e-01
3.011400596453593370e-01
1.033227671189076990e-01
2.164195055716985616e-01
2.851323190140577224e-01
1.907442428995496930e-01
1.794346099844775499e-01
2.843167255453478703e-01
2.504431486416321406e-01
2.781225802318658680e-01
3.042661210123557280e-01
3.438939153028723883e-01
3.378197096216564166e-01
1.431024199770875582e-01
3.476195930539128787e-01
3.395687176637763316e-01
4.155217569607954631e-01
3.045473439762225731e-01
2.519756243922389727e-01
3.546406716609803444e-01
3.318224517055429201e-01
4.282012914235775458e-01
4.279478991834017032e-01
4.331280061831840889e-01
3.076904811538182516e-01
1.463375485842474399e-01
1.156270109976713506e-01
1.543627407137626861e-01
2.370770572968187717e-01
2.222520621950165032e-01
2.170467683897116529e-01
1.409272045259687967e-01
2.115107734147246565e-01
2.381476237340113822e-01
1.970924136425870055e-01
1.828879805812343440e-01
2.536129901328912362e-01
2.563935842794867748e-01
1.647316227922251963e-01
3.261867623984401887e-01
3.247457688244489438e-01
2.972514812762920844e-01
3.920232942103981655e-01
2.864231087195758807e-01
2.867782765802425748e-01
3.025324056521080385e-01
2.546682416191288212e-01
2.939962135368169860e-01
2.704917940517099217e-01
2.808551894357571022e-01
2.086400510099618022e-01
2.407377851912035349e-01
2.937272745542801600e-01
3.088097157529913206e-01
3.083963412791490555e-01
2.935827346832061702e-01
2.795597692557538760e-01
2.293863908131383023e-01
4.317657726888473047e-01
3.391571916066683512e-01
3.945691190086878519e-01
2.807975118585790408e-01
3.276873574807093736e-01
3.335275585548235777e-01
2.586712167920687810e-01
2.460331899615434414e-01
4.217810143644993293e-01
4.381733980889503943e-01
4.743475621709457024e-01
3.388264865386120817e-01
2.775102541781961918e-01
3.321706251097986118e-01
3.076834127893492421e-01
2.821142035133492043e-01
2.817107601664387007e-01
2.926774059440224174e-01
3.278240406742462532e-01
3.878200804957976922e-01
3.949105985319384948e-01
3.583817633878844666e-01
3.389113533955354085e-01
3.473571343884731544e-01
4.156738307613592753e-01
4.107124275794306612e-01
3.871694969454368418e-01
3.742241912449781882e-01
3.608456738293170929e-01
4.502429842160871609e-01
3.223734452890661961e-01
