2.963494062423706055e-01
9.999999403953552246e-01
1.909164711833000183e-02
4.408122226595878601e-02
8.294180035591125488e-01
9.997666478157043457e-01
2.918949909508228302e-02
1.093695536255836487e-01
9.826338291168212891e-01
9.985229969024658203e-01
9.883915185928344727e-01
9.974533915519714355e-01
9.972988367080688477e-01
1.125138401985168457e-01
9.999998211860656738e-01
1.364996097981929779e-02
3.535114526748657227e-01
8.260234445333480835e-02
9.994447231292724609e-01
2.915593087673187256e-01
8.599917292594909668e-01
8.106268644332885742e-01
9.980005025863647461e-01
9.998785853385925293e-01
9.998550415039062500e-01
9.755728840827941895e-01
2.349845162825658917e-04
2.855660161003470421e-03
9.999997019767761230e-01
1.320233568549156189e-02
6.854858249425888062e-02
9.999914765357971191e-01
9.691325426101684570e-01
1.021933332085609436e-01
1.314788609743118286e-01
9.466246962547302246e-01
9.923322796821594238e-01
9.969736933708190918e-01
1.615346074104309082e-01
2.565734007475839462e-07
1.441640257835388184e-01
9.999999403953552246e-01
1.925929337739944458e-01
6.221162080764770508e-01
9.995216727256774902e-01
3.553268611431121826e-01
7.854839563369750977e-01
7.584211230278015137e-02
9.986262321472167969e-01
9.999434351921081543e-01
9.994727969169616699e-01
9.986948370933532715e-01
2.989591360092163086e-01
5.067504942417144775e-02
9.999988079071044922e-01
5.739910006523132324e-01
9.342305064201354980e-01
9.987460970878601074e-01
9.664335250854492188e-01
9.877322912216186523e-01
8.200490474700927734e-01
9.695245623588562012e-01
9.986154437065124512e-01
9.978731870651245117e-01
9.702750444412231445e-01
1.078923419117927551e-01
7.597767114639282227e-01
9.999942183494567871e-01
9.996076226234436035e-01
9.935554265975952148e-01
9.958090782165527344e-01
7.295681834220886230e-01
9.882881045341491699e-01
9.966574907302856445e-01
3.700570017099380493e-02
1.477067172527313232e-02
2.300494909286499023e-01
9.731525182723999023e-01
2.352724522352218628e-01
5.249480009078979492e-01
9.999966621398925781e-01
9.618329405784606934e-01
9.777750372886657715e-01
7.070822715759277344e-01
9.983355402946472168e-01
9.513100981712341309e-01
9.794896841049194336e-01
9.995968937873840332e-01
9.989323019981384277e-01
1.359788030385971069e-01
9.158932566642761230e-01
2.575394213199615479e-01
8.650558590888977051e-01
9.999987483024597168e-01
9.789710640907287598e-01
9.770019650459289551e-01
9.747943282127380371e-01
9.990231394767761230e-01
9.531535506248474121e-01
9.664561152458190918e-01
9.946518540382385254e-01
9.999909400939941406e-01
9.993127584457397461e-01
9.743434786796569824e-01
2.523636519908905029e-01
9.215596318244934082e-01
9.999983310699462891e-01
9.588634371757507324e-01
9.791998267173767090e-01
9.645077586174011230e-01
9.983944296836853027e-01
9.882478117942810059e-01
9.927287697792053223e-01
9.851778149604797363e-01
9.393646717071533203e-01
9.997223615646362305e-01
8.902499079704284668e-01
2.814990282058715820e-01
8.902326226234436035e-01
9.999980926513671875e-01
8.436024188995361328e-01
9.563661217689514160e-01
9.828680753707885742e-01
9.987494945526123047e-01
9.859055280685424805e-01
9.940403103828430176e-01
9.985746145248413086e-01
9.680675864219665527e-01
9.695453047752380371e-01
9.957254528999328613e-01
2.890621721744537354e-01
9.190209507942199707e-01
9.999989271163940430e-01
7.938439846038818359e-01
8.866609334945678711e-01
9.883219003677368164e-01
9.988521933555603027e-01
9.535359144210815430e-01
9.875770211219787598e-01
9.922792911529541016e-01
9.967684149742126465e-01
8.549090623855590820e-01
9.820817708969116211e-01
1.120028197765350342e-01
9.291549921035766602e-01
9.999995231628417969e-01
7.839193344116210938e-01
3.599982559680938721e-01
9.883641004562377930e-01
9.987186193466186523e-01
8.798786401748657227e-01
9.853395819664001465e-01
9.879680275917053223e-01
9.956317543983459473e-01
9.992288351058959961e-01
9.850856065750122070e-01
1.998646855354309082e-01
6.615744829177856445e-01
9.999926686286926270e-01
9.589384198188781738e-01
9.827888607978820801e-01
9.418239593505859375e-01
9.973076581954956055e-01
9.878057241439819336e-01
9.942409992218017578e-01
9.968320131301879883e-01
9.977048039436340332e-01
9.976263046264648438e-01
9.962791204452514648e-01
1.875572255812585354e-03
9.998773336410522461e-01
1.451572775840759277e-02
1.268937587738037109e-01
6.667488813400268555e-02
9.996948838233947754e-01
8.402556926012039185e-02
6.181769371032714844e-01
1.985841691493988037e-01
9.990012049674987793e-01
9.991172552108764648e-01
9.995427727699279785e-01
9.850890636444091797e-01
9.990277290344238281e-01
1.137848943471908569e-02
2.932951040565967560e-02
1.923416741192340851e-02
2.387013286352157593e-02
1.789351180195808411e-02
1.807298213243484497e-01
1.799773871898651123e-01
2.374089881777763367e-02
3.451541811227798462e-02
3.072964847087860107e-01
9.087802171707153320e-01
1.303454339504241943e-01
2.319221012294292450e-02
1.728362962603569031e-02
9.998381733894348145e-01
8.901710622012615204e-03
9.605522453784942627e-02
9.999029040336608887e-01
4.133528172969818115e-01
3.540080189704895020e-01
3.040385246276855469e-01
9.857288599014282227e-01
9.991019368171691895e-01
9.992279410362243652e-01
4.426289498805999756e-01
5.759639199823141098e-03
1.210339367389678955e-01
9.997862577438354492e-01
4.646312072873115540e-02
1.011003106832504272e-01
9.992265701293945312e-01
8.563403487205505371e-01
8.922260403633117676e-01
3.791482374072074890e-02
9.972952604293823242e-01
9.637746214866638184e-01
9.920545816421508789e-01
9.997478723526000977e-01
9.730530381202697754e-01
7.478376626968383789e-01
9.912770390510559082e-01
9.997027516365051270e-01
9.945614337921142578e-01
9.909833669662475586e-01
8.723849654197692871e-01
9.788306951522827148e-01
9.996310472488403320e-01
5.351260676980018616e-02
1.209172457456588745e-01
8.832734227180480957e-01
9.995815753936767578e-01
9.715524315834045410e-01
5.838004350662231445e-01
9.982746839523315430e-01
9.802947044372558594e-01
9.823769330978393555e-01
8.105803132057189941e-01
9.929260015487670898e-01
9.388076066970825195e-01
9.815142750740051270e-01
9.992806911468505859e-01
9.992717504501342773e-01
1.811751574277877808e-01
6.930288672447204590e-01
5.473850965499877930e-01
8.789616823196411133e-01
9.991762638092041016e-01
8.094440102577209473e-01
9.708895087242126465e-01
9.749301671981811523e-01
9.986815452575683594e-01
9.368625879287719727e-01
9.120702147483825684e-01
9.957657456398010254e-01
9.999862909317016602e-01
9.994247555732727051e-01
9.580336213111877441e-01
9.752283692359924316e-01
1.216039806604385376e-01
9.985025525093078613e-01
9.833630323410034180e-01
8.948290348052978516e-01
5.721657872200012207e-01
9.929627180099487305e-01
9.132193922996520996e-01
9.599211812019348145e-01
8.447055220603942871e-01
8.124650716781616211e-01
9.982055425643920898e-01
9.561484456062316895e-01
8.315789103507995605e-01
9.035378098487854004e-01
9.988079667091369629e-01
9.378345012664794922e-01
8.489575982093811035e-01
9.686723947525024414e-01
9.982507228851318359e-01
9.772964119911193848e-01
9.926867485046386719e-01
9.995136857032775879e-01
9.167460799217224121e-01
9.335409402847290039e-01
9.968620538711547852e-01
8.251621127128601074e-01
9.054420590400695801e-01
9.991869330406188965e-01
6.493987441062927246e-01
8.403737545013427734e-01
9.661037921905517578e-01
9.984325170516967773e-01
9.187691807746887207e-01
9.804986715316772461e-01
9.911487698554992676e-01
9.951832890510559082e-01
7.552348971366882324e-01
9.780960679054260254e-01
5.964352488517761230e-01
9.258447289466857910e-01
9.993619322776794434e-01
7.301546931266784668e-01
7.819495797157287598e-01
9.736189246177673340e-01
9.988841414451599121e-01
9.175240397453308105e-01
9.829317331314086914e-01
9.900966286659240723e-01
9.933659434318542480e-01
9.954321384429931641e-01
9.785531163215637207e-01
9.559170007705688477e-01
1.814198642969131470e-01
9.986335635185241699e-01
9.830664992332458496e-01
9.732561707496643066e-01
9.210753440856933594e-01
9.948428273200988770e-01
9.856826066970825195e-01
9.837619066238403320e-01
9.903379678726196289e-01
9.712648987770080566e-01
9.935045838356018066e-01
9.917095303535461426e-01
9.992759227752685547e-01
9.918780922889709473e-01
7.832233309745788574e-01
9.999436736106872559e-01
9.942409396171569824e-01
3.979113698005676270e-01
4.917252361774444580e-01
9.919673204421997070e-01
9.733201265335083008e-01
5.455677509307861328e-01
6.382969617843627930e-01
9.700182080268859863e-01
9.960283041000366211e-01
8.901628255844116211e-01
8.474965095520019531e-01
9.995221495628356934e-01
3.000385314226150513e-02
5.947479605674743652e-01
9.997664093971252441e-01
9.272881746292114258e-01
2.344116270542144775e-01
1.188570261001586914e-01
9.874424338340759277e-01
9.994155168533325195e-01
9.906103014945983887e-01
1.678587347269058228e-01
4.718174934387207031e-01
8.196468353271484375e-01
9.994701743125915527e-01
8.590867519378662109e-01
2.596404403448104858e-02
9.990000724792480469e-01
9.857069849967956543e-01
9.752115607261657715e-01
3.446155413985252380e-02
9.616741538047790527e-01
9.842631220817565918e-01
9.895892143249511719e-01
9.966475963592529297e-01
8.088071942329406738e-01
8.287821412086486816e-01
9.990124106407165527e-01
9.108277559280395508e-01
9.828646779060363770e-01
9.949966073036193848e-01
9.839154481887817383e-01
9.956752061843872070e-01
3.721106648445129395e-01
8.641989231109619141e-01
9.810227751731872559e-01
9.890469908714294434e-01
9.591516852378845215e-01
9.781793355941772461e-01
9.731382727622985840e-01
9.968322515487670898e-01
9.966158866882324219e-01
9.984748959541320801e-01
8.329972028732299805e-01
9.800677895545959473e-01
9.947732090950012207e-01
9.748349189758300781e-01
4.692680537700653076e-01
9.029743671417236328e-01
9.833517074584960938e-01
9.969400167465209961e-01
9.675708413124084473e-01
9.724679589271545410e-01
9.965569376945495605e-01
9.604806303977966309e-01
9.888675808906555176e-01
9.938446879386901855e-01
9.992416501045227051e-01
9.772825837135314941e-01
9.557822942733764648e-01
9.994583725929260254e-01
9.991272091865539551e-01
8.428387045860290527e-01
9.814562201499938965e-01
7.335488200187683105e-01
9.455227851867675781e-01
9.989110231399536133e-01
9.799939393997192383e-01
9.876600503921508789e-01
9.937613606452941895e-01
9.910057783126831055e-01
9.885042905807495117e-01
9.971748590469360352e-01
9.924027919769287109e-01
9.998477101325988770e-01
9.978145360946655273e-01
9.968149065971374512e-01
9.220961928367614746e-01
9.717486500740051270e-01
9.986510276794433594e-01
9.815530180931091309e-01
9.891880154609680176e-01
8.495290875434875488e-01
9.920321702957153320e-01
9.903905391693115234e-01
9.964042901992797852e-01
9.975069165229797363e-01
9.964066147804260254e-01
9.989242553710937500e-01
9.729248881340026855e-01
7.496013045310974121e-01
8.871594667434692383e-01
9.985368251800537109e-01
9.672189950942993164e-01
9.841107726097106934e-01
9.245296716690063477e-01
9.889318943023681641e-01
8.714625239372253418e-01
9.965507388114929199e-01
9.826958775520324707e-01
9.928940534591674805e-01
9.754884243011474609e-01
9.964962601661682129e-01
7.289246916770935059e-01
7.541053295135498047e-01
9.990981817245483398e-01
9.545637965202331543e-01
9.824634194374084473e-01
9.782733321189880371e-01
9.940820336341857910e-01
9.800773262977600098e-01
9.821045398712158203e-01
9.981871843338012695e-01
9.866536259651184082e-01
9.268362522125244141e-01
9.848003387451171875e-01
4.389810860157012939e-01
7.512525320053100586e-01
9.992746114730834961e-01
9.010190367698669434e-01
9.733217954635620117e-01
9.576839208602905273e-01
9.977951645851135254e-01
9.863629937171936035e-01
9.877298474311828613e-01
9.724407792091369629e-01
9.620907902717590332e-01
9.926850795745849609e-01
9.847958087921142578e-01
9.632880091667175293e-01
9.721787571907043457e-01
9.975810050964355469e-01
9.797216057777404785e-01
9.897026419639587402e-01
5.326839089393615723e-01
9.680197238922119141e-01
9.909222722053527832e-01
9.963812232017517090e-01
9.653633832931518555e-01
9.975400567054748535e-01
9.965219497680664062e-01
9.929516911506652832e-01
9.990439414978027344e-01
9.993651509284973145e-01
9.982953071594238281e-01
9.967906475067138672e-01
9.999555349349975586e-01
1.298240676987916231e-04
1.282409531995654106e-03
9.531706571578979492e-01
9.997148513793945312e-01
2.438259252812713385e-04
8.396253688260912895e-04
4.364387318491935730e-02
9.998933672904968262e-01
9.991322159767150879e-01
9.904552698135375977e-01
9.919806718826293945e-01
2.459555119276046753e-01
9.919288754463195801e-01
2.511812746524810791e-02
7.962015271186828613e-02
2.105669677257537842e-02
9.933339953422546387e-01
7.935363054275512695e-01
7.433163523674011230e-01
9.742402285337448120e-02
1.403729896992444992e-02
9.993243813514709473e-01
9.949281215667724609e-01
9.888114929199218750e-01
9.807062149047851562e-01
9.973961114883422852e-01
8.164186477661132812e-01
9.748556613922119141e-01
9.982080459594726562e-01
5.947872623801231384e-02
9.128398299217224121e-01
8.797238469123840332e-01
9.760156869888305664e-01
9.737475514411926270e-01
9.992791414260864258e-01
9.927341938018798828e-01
9.921119809150695801e-01
8.164453506469726562e-01
9.927692413330078125e-01
9.992446899414062500e-01
9.913233518600463867e-01
9.827845692634582520e-01
9.996634721755981445e-01
9.333453774452209473e-01
8.316823244094848633e-01
9.540095329284667969e-01
9.998517036437988281e-01
9.991984963417053223e-01
9.955140948295593262e-01
9.920379519462585449e-01
3.983265757560729980e-01
8.815251588821411133e-01
9.998187422752380371e-01
2.237391072412719950e-07
9.938411712646484375e-01
9.993163943290710449e-01
2.324646266060881317e-05
8.234076085500419140e-05
9.770781397819519043e-01
9.999011754989624023e-01
9.992926716804504395e-01
9.946760535240173340e-01
9.900423288345336914e-01
9.959311485290527344e-01
9.972280263900756836e-01
9.930690526962280273e-01
4.543298482894897461e-01
9.762233495712280273e-01
9.995171427726745605e-01
8.784222602844238281e-01
6.724434494972229004e-01
4.284700453281402588e-01
9.997972249984741211e-01
9.993150830268859863e-01
9.954876899719238281e-01
9.884496331214904785e-01
9.978775382041931152e-01
9.948535561561584473e-01
8.949089646339416504e-01
4.242187142372131348e-01
9.903031587600708008e-01
9.793061017990112305e-01
9.489549994468688965e-01
9.801720976829528809e-01
9.871831536293029785e-01
8.402587175369262695e-01
9.993436932563781738e-01
9.944902658462524414e-01
9.918957948684692383e-01
9.854202270507812500e-01
9.965708255767822266e-01
9.962453246116638184e-01
7.485396862030029297e-01
7.403078675270080566e-01
9.903302788734436035e-01
9.989328980445861816e-01
9.505980014801025391e-01
9.550161361694335938e-01
9.998446106910705566e-01
9.992891550064086914e-01
9.937480092048645020e-01
9.910635948181152344e-01
7.635666131973266602e-01
9.918424487113952637e-01
9.998072385787963867e-01
7.764815092086791992e-01
4.120925366878509521e-01
9.797943830490112305e-01
9.994329214096069336e-01
2.093320246785879135e-03
6.014541983604431152e-01
9.997554421424865723e-01
9.992474317550659180e-01
9.928578138351440430e-01
9.911471009254455566e-01
9.582235813140869141e-01
9.958168268203735352e-01
9.991970658302307129e-01
6.256858706474304199e-01
8.301255106925964355e-01
9.767602086067199707e-01
9.996564984321594238e-01
8.854157328605651855e-01
9.008998870849609375e-01
9.997470974922180176e-01
9.993115067481994629e-01
9.958366155624389648e-01
9.862766265869140625e-01
9.963855743408203125e-01
9.918074011802673340e-01
3.527005016803741455e-01
4.571452140808105469e-01
9.916114807128906250e-01
9.899173378944396973e-01
1.482000052928924561e-01
4.927731752395629883e-01
6.658805608749389648e-01
7.692354917526245117e-01
9.589161872863769531e-01
9.658740162849426270e-01
9.652538299560546875e-01
9.993336796760559082e-01
9.497725367546081543e-01
9.997502565383911133e-01
7.097657918930053711e-01
7.694082856178283691e-01
6.764311790466308594e-01
9.980123043060302734e-01
9.993752241134643555e-01
9.990175962448120117e-01
9.942698478698730469e-01
9.738457202911376953e-01
9.641921520233154297e-01
9.685863852500915527e-01
9.987678527832031250e-01
9.369444847106933594e-01
9.978684782981872559e-01
9.435572028160095215e-01
8.718493580818176270e-01
4.705156385898590088e-01
9.427056312561035156e-01
9.960981011390686035e-01
9.987982511520385742e-01
5.267410278320312500e-01
9.664448499679565430e-01
9.663743972778320312e-01
9.715164303779602051e-01
9.953247308731079102e-01
9.693551659584045410e-01
9.706607460975646973e-01
1.888427213998511434e-04
7.838358879089355469e-01
9.661657810211181641e-01
1.590697320352774113e-05
1.958968277904205024e-05
1.311691539740422741e-05
9.713116884231567383e-01
9.690543413162231445e-01
9.689264893531799316e-01
9.732372760772705078e-01
9.914988875389099121e-01
9.568023085594177246e-01
9.739761352539062500e-01
9.993910789489746094e-01
9.513228535652160645e-01
9.689618349075317383e-01
9.996008872985839844e-01
6.062477231025695801e-01
5.278136730194091797e-01
9.648756980895996094e-01
8.116776347160339355e-01
9.689509868621826172e-01
9.646545052528381348e-01
9.995855689048767090e-01
9.676328897476196289e-01
9.675678014755249023e-01
9.998127818107604980e-01
4.478676710277795792e-04
9.682872295379638672e-01
9.997110366821289062e-01
6.366473436355590820e-01
3.163171932101249695e-02
1.121767982840538025e-01
9.656426906585693359e-01
9.685971140861511230e-01
9.705728888511657715e-01
9.943484663963317871e-01
9.693403244018554688e-01
9.720867276191711426e-01
9.995535016059875488e-01
9.787164926528930664e-01
9.533691406250000000e-01
9.961689114570617676e-01
9.965165853500366211e-01
9.986505508422851562e-01
9.910949468612670898e-01
9.700183272361755371e-01
9.659603834152221680e-01
9.700218439102172852e-01
9.991475343704223633e-01
9.582667350769042969e-01
9.683518409729003906e-01
9.996013641357421875e-01
9.943736791610717773e-01
9.341974258422851562e-01
9.761881232261657715e-01
9.965981245040893555e-01
9.652041792869567871e-01
7.342612743377685547e-01
5.991171002388000488e-01
6.237367987632751465e-01
9.628599286079406738e-01
9.997365474700927734e-01
3.150889277458190918e-02
9.488173127174377441e-01
9.998540878295898438e-01
3.202467411756515503e-02
6.608384251594543457e-01
1.533847898244857788e-01
9.996844530105590820e-01
9.783889055252075195e-01
1.286298185586929321e-01
8.941544294357299805e-01
9.725635051727294922e-01
9.627387523651123047e-01
9.995832443237304688e-01
1.222194433212280273e-01
9.653048515319824219e-01
9.997295737266540527e-01
9.564301371574401855e-01
7.010611295700073242e-01
6.439105272293090820e-01
9.982419610023498535e-01
9.985638260841369629e-01
5.430448055267333984e-01
9.682011008262634277e-01
9.705871939659118652e-01
9.736475348472595215e-01
9.983726143836975098e-01
9.692254066467285156e-01
9.737874865531921387e-01
9.996608495712280273e-01
8.339521288871765137e-01
9.649716615676879883e-01
9.725809693336486816e-01
9.979971051216125488e-01
9.984515309333801270e-01
4.834865033626556396e-01
9.728997945785522461e-01
9.666160941123962402e-01
9.628992676734924316e-01
9.961512684822082520e-01
6.612867116928100586e-01
9.419608116149902344e-01
9.896960854530334473e-01
9.487311244010925293e-01
4.107881337404251099e-02
9.535961151123046875e-01
9.935341477394104004e-01
9.957625865936279297e-01
9.931769967079162598e-01
9.710641503334045410e-01
9.631757140159606934e-01
9.625027775764465332e-01
9.367299675941467285e-01
9.813864231109619141e-01
9.627695679664611816e-01
9.937966465950012207e-01
5.365155339241027832e-01
9.641751050949096680e-01
6.903442144393920898e-01
8.894994258880615234e-01
9.324221014976501465e-01
2.645616829395294189e-01
1.901311427354812622e-01
9.663124680519104004e-01
9.580410122871398926e-01
9.998203516006469727e-01
1.327479258179664612e-02
9.631428718566894531e-01
9.995095729827880859e-01
2.047682646661996841e-04
9.675238728523254395e-01
9.997068643569946289e-01
9.995014071464538574e-01
7.154441624879837036e-02
5.297610163688659668e-02
9.723450541496276855e-01
9.602699279785156250e-01
9.633253812789916992e-01
9.994190335273742676e-01
9.775280356407165527e-01
9.622116088867187500e-01
9.984364509582519531e-01
9.895117878913879395e-01
9.610999822616577148e-01
9.980962872505187988e-01
9.999701976776123047e-01
7.972681522369384766e-01
9.325270652770996094e-01
8.465167880058288574e-01
9.678950309753417969e-01
9.635678529739379883e-01
9.990395903587341309e-01
9.264091849327087402e-01
9.657368063926696777e-01
9.956304430961608887e-01
9.894760847091674805e-01
2.571672201156616211e-01
9.988741874694824219e-01
9.985042214393615723e-01
9.711574912071228027e-01
1.582478433847427368e-01
9.406918883323669434e-01
9.680391550064086914e-01
9.610769152641296387e-01
9.979658126831054688e-01
9.802388548851013184e-01
9.689615964889526367e-01
9.834272265434265137e-01
9.964249134063720703e-01
8.239952325820922852e-01
1.992697417736053467e-01
9.747079610824584961e-01
8.686616420745849609e-01
9.746944904327392578e-01
5.279757380485534668e-01
9.704748988151550293e-01
9.679598808288574219e-01
9.989513158798217773e-01
9.586697816848754883e-01
5.740989446640014648e-01
9.853249192237854004e-01
9.576818346977233887e-01
9.880834817886352539e-01
9.126908183097839355e-01
9.959582686424255371e-01
8.097736835479736328e-01
9.174087047576904297e-01
1.403475366532802582e-02
5.253705382347106934e-01
8.466970920562744141e-01
9.998136162757873535e-01
3.161625564098358154e-02
6.125169247388839722e-02
9.995665550231933594e-01
2.708055078983306885e-01
1.504229940474033356e-02
5.249350070953369141e-01
9.994884133338928223e-01
9.999359250068664551e-01
9.479355812072753906e-01
9.754240512847900391e-01
9.646705985069274902e-01
9.663704037666320801e-01
9.957304596900939941e-01
9.750433564186096191e-01
9.650717377662658691e-01
9.406225681304931641e-01
9.974029660224914551e-01
4.401481747627258301e-01
9.690449833869934082e-01
9.983584284782409668e-01
9.973857998847961426e-01
9.907757043838500977e-01
9.717050790786743164e-01
9.689822793006896973e-01
9.707681536674499512e-01
7.213870286941528320e-01
9.797570109367370605e-01
9.982327222824096680e-01
9.505026936531066895e-01
9.996446967124938965e-01
9.566695690155029297e-01
9.307400584220886230e-01
9.750806689262390137e-01
9.789708852767944336e-01
9.945616722106933594e-01
9.701474905014038086e-01
9.704515337944030762e-01
9.672460556030273438e-01
9.871823787689208984e-01
9.830457568168640137e-01
9.946632981300354004e-01
9.980933070182800293e-01
9.780958890914916992e-01
1.243112981319427490e-01
9.993211627006530762e-01
9.988143444061279297e-01
9.644169211387634277e-01
9.837540984153747559e-01
9.579122662544250488e-01
9.646397829055786133e-01
9.543677568435668945e-01
9.979608654975891113e-01
9.834118485450744629e-01
9.946423172950744629e-01
9.928985834121704102e-01
9.944697618484497070e-01
1.800463360268622637e-04
9.939941167831420898e-01
9.994276762008666992e-01
9.972667098045349121e-01
3.937433648388832808e-04
5.053780674934387207e-01
8.999332189559936523e-01
9.610192179679870605e-01
9.993671178817749023e-01
7.784843444824218750e-01
9.882087111473083496e-01
9.987455010414123535e-01
9.885831475257873535e-01
9.884535670280456543e-01
9.989569783210754395e-01
9.982169270515441895e-01
9.989939928054809570e-01
8.996271491050720215e-01
9.751166701316833496e-01
9.706309437751770020e-01
9.689489006996154785e-01
9.786219596862792969e-01
9.337973594665527344e-01
9.805771112442016602e-01
8.568526506423950195e-01
9.889780282974243164e-01
9.998197555541992188e-01
6.121092438697814941e-01
9.896150231361389160e-01
9.808980226516723633e-01
9.938045144081115723e-01
9.767232537269592285e-01
9.729167819023132324e-01
9.680635929107666016e-01
9.936558008193969727e-01
9.670460820198059082e-01
9.930024743080139160e-01
8.650282621383666992e-01
8.984233140945434570e-01
9.996600747108459473e-01
9.650281071662902832e-01
9.846934080123901367e-01
9.478709697723388672e-01
9.258607625961303711e-01
9.648560881614685059e-01
9.689263701438903809e-01
9.658039808273315430e-01
9.980314970016479492e-01
9.805204272270202637e-01
9.858992099761962891e-01
9.719181656837463379e-01
9.804702401161193848e-01
9.996025562286376953e-01
9.765720963478088379e-01
9.620146751403808594e-01
9.915973544120788574e-01
9.879816770553588867e-01
9.704598188400268555e-01
9.730052351951599121e-01
9.687342643737792969e-01
9.243377447128295898e-01
9.864056706428527832e-01
9.978808760643005371e-01
9.992739558219909668e-01
9.949433803558349609e-01
9.995109438896179199e-01
2.110297679901123047e-01
9.980216026306152344e-01
9.970522522926330566e-01
9.751043319702148438e-01
9.737610816955566406e-01
9.684321880340576172e-01
9.733911156654357910e-01
2.645400166511535645e-02
6.646470725536346436e-02
5.767552852630615234e-01
9.998745918273925781e-01
9.658889174461364746e-01
9.996169209480285645e-01
6.920286919921636581e-03
8.417793549597263336e-03
4.945147335529327393e-01
9.997856020927429199e-01
9.708857536315917969e-01
9.686348438262939453e-01
9.710539579391479492e-01
7.573732733726501465e-01
9.928191304206848145e-01
9.728279709815979004e-01
9.984807372093200684e-01
9.965784549713134766e-01
9.996528029441833496e-01
9.694617390632629395e-01
9.965189695358276367e-01
6.674430966377258301e-01
9.996854662895202637e-01
9.724706411361694336e-01
9.712694287300109863e-01
9.711142778396606445e-01
4.550456702709197998e-01
9.937875270843505859e-01
9.976373314857482910e-01
9.922559261322021484e-01
9.946858286857604980e-01
9.963220953941345215e-01
9.634401798248291016e-01
9.862592816352844238e-01
9.917277097702026367e-01
9.678685665130615234e-01
9.740630984306335449e-01
9.681735038757324219e-01
9.703680872917175293e-01
9.667124152183532715e-01
9.294047951698303223e-01
9.976485967636108398e-01
9.966793060302734375e-01
7.588844895362854004e-01
9.903554916381835938e-01
9.996057152748107910e-01
8.261560201644897461e-01
9.175810217857360840e-01
9.997798204421997070e-01
9.735717177391052246e-01
9.673666954040527344e-01
9.693956971168518066e-01
9.328843951225280762e-01
9.911013841629028320e-01
9.687966704368591309e-01
9.966848492622375488e-01
9.873989820480346680e-01
9.783005118370056152e-01
9.996592998504638672e-01
9.494921565055847168e-01
8.970516920089721680e-01
9.996550083160400391e-01
9.744027256965637207e-01
9.744425415992736816e-01
9.685977101325988770e-01
5.538481473922729492e-01
9.964773058891296387e-01
9.950952529907226562e-01
8.155563473701477051e-01
9.951012730598449707e-01
9.945673346519470215e-01
9.877056479454040527e-01
9.089959263801574707e-01
9.162572026252746582e-01
9.711497426033020020e-01
9.732663035392761230e-01
9.647023081779479980e-01
9.680201411247253418e-01
9.966451525688171387e-01
9.821118712425231934e-01
9.952158331871032715e-01
9.991734623908996582e-01
9.981709718704223633e-01
9.986609220504760742e-01
9.996120333671569824e-01
9.992612004280090332e-01
1.867831498384475708e-02
9.992879629135131836e-01
9.722768068313598633e-01
9.695258736610412598e-01
9.710363149642944336e-01
4.295766651630401611e-01
6.021468639373779297e-01
9.955594539642333984e-01
9.984040260314941406e-01
9.785088300704956055e-01
9.873049259185791016e-01
9.992277622222900391e-01
9.820686578750610352e-01
9.827755093574523926e-01
7.385252714157104492e-01
9.708684086799621582e-01
9.681656360626220703e-01
9.698941707611083984e-01
7.888976931571960449e-01
9.851051568984985352e-01
9.956983327865600586e-01
9.992944002151489258e-01
9.957718849182128906e-01
9.622278809547424316e-01
9.986981153488159180e-01
1.304328348487615585e-02
2.506920993328094482e-01
9.990854859352111816e-01
9.703392386436462402e-01
9.668641686439514160e-01
9.733061194419860840e-01
7.456156611442565918e-01
2.811259627342224121e-01
9.775705933570861816e-01
9.993632435798645020e-01
1.730328798294067383e-01
7.540635764598846436e-02
9.987038969993591309e-01
4.780708551406860352e-01
2.725761234760284424e-01
9.981874823570251465e-01
9.292594194412231445e-01
9.729932546615600586e-01
9.638844728469848633e-01
9.976432919502258301e-01
9.844767451286315918e-01
9.943639039993286133e-01
9.590127468109130859e-01
9.992488622665405273e-01
9.212348461151123047e-01
9.987065196037292480e-01
9.997287392616271973e-01
1.209371816366910934e-02
9.984897375106811523e-01
9.721854925155639648e-01
9.728903770446777344e-01
9.594582319259643555e-01
8.189767599105834961e-01
9.942481517791748047e-01
9.983065128326416016e-01
9.481250047683715820e-01
9.994390010833740234e-01
9.920284152030944824e-01
9.990156292915344238e-01
9.994058012962341309e-01
5.425823330879211426e-01
9.721063971519470215e-01
9.744869470596313477e-01
9.684861898422241211e-01
9.626930952072143555e-01
9.408014416694641113e-01
9.540880918502807617e-01
9.968428015708923340e-01
9.969087243080139160e-01
8.759455680847167969e-01
9.872705340385437012e-01
9.383142590522766113e-01
9.979337453842163086e-01
9.954103231430053711e-01
7.599794305860996246e-03
9.738727211952209473e-01
9.679571390151977539e-01
9.683482646942138672e-01
9.860534071922302246e-01
9.511775970458984375e-01
9.948074221611022949e-01
9.971453547477722168e-01
9.885925054550170898e-01
9.942001104354858398e-01
9.992447495460510254e-01
9.983070492744445801e-01
4.298945888876914978e-03
9.991263151168823242e-01
9.739727973937988281e-01
9.654652476310729980e-01
9.716618657112121582e-01
9.544475674629211426e-01
1.858323216438293457e-01
9.750275015830993652e-01
9.990978837013244629e-01
9.785245656967163086e-01
9.913634061813354492e-01
9.968171119689941406e-01
9.979665875434875488e-01
3.305068705230951309e-03
9.958301186561584473e-01
9.516799449920654297e-01
9.668851494789123535e-01
9.708467125892639160e-01
9.951912164688110352e-01
9.189302325248718262e-01
9.871389269828796387e-01
9.991617798805236816e-01
9.935694932937622070e-01
9.927790164947509766e-01
9.983296990394592285e-01
9.976565241813659668e-01
9.999423623085021973e-01
9.935797452926635742e-01
9.741325378417968750e-01
9.732304215431213379e-01
9.650344252586364746e-01
9.471575617790222168e-01
9.913765192031860352e-01
9.976874589920043945e-01
9.876543283462524414e-01
9.975177645683288574e-01
4.030021727085113525e-01
9.992582798004150391e-01
9.982970952987670898e-01
9.999028444290161133e-01
1.427974700927734375e-01
9.771986603736877441e-01
9.698179960250854492e-01
9.680724740028381348e-01
9.720412492752075195e-01
9.618167281150817871e-01
9.969137310981750488e-01
9.949740767478942871e-01
9.878106713294982910e-01
9.891355633735656738e-01
9.962388277053833008e-01
9.939530491828918457e-01
9.942090511322021484e-01
9.506434202194213867e-01
9.739267826080322266e-01
9.676706790924072266e-01
9.696295261383056641e-01
9.495736956596374512e-01
6.782150268554687500e-01
9.953262209892272949e-01
9.969488382339477539e-01
5.070938467979431152e-01
9.842823147773742676e-01
9.424968361854553223e-01
9.961369633674621582e-01
9.540899395942687988e-01
7.584825754165649414e-01
9.713947772979736328e-01
9.736877083778381348e-01
9.263661503791809082e-01
9.880543947219848633e-01
9.955187439918518066e-01
9.971343278884887695e-01
7.788602113723754883e-01
9.991657733917236328e-01
9.800097346305847168e-01
9.924321174621582031e-01
9.989835023880004883e-01
9.956329464912414551e-01
2.185177803039550781e-01
9.328444004058837891e-01
9.807858467102050781e-01
9.339654445648193359e-01
9.950907826423645020e-01
9.859731793403625488e-01
9.952432513236999512e-01
9.143835306167602539e-01
9.925521612167358398e-01
9.898588657379150391e-01
9.968394041061401367e-01
9.733985662460327148e-01
9.868524670600891113e-01
9.963794350624084473e-01
9.298115968704223633e-01
9.738650321960449219e-01
9.562724232673645020e-01
9.957904815673828125e-01
7.831918001174926758e-01
9.870276451110839844e-01
9.959702491760253906e-01
9.676517248153686523e-01
3.481243848800659180e-01
9.696551561355590820e-01
9.986128211021423340e-01
9.774133563041687012e-01
9.959793090820312500e-01
9.744730591773986816e-01
9.725322723388671875e-01
9.680507779121398926e-01
8.968930840492248535e-01
9.699043035507202148e-01
9.977344274520874023e-01
9.682354927062988281e-01
9.643225073814392090e-01
9.899131655693054199e-01
9.951502680778503418e-01
9.665070176124572754e-01
9.959495067596435547e-01
9.716584086418151855e-01
7.901765108108520508e-01
9.722425937652587891e-01
9.676206707954406738e-01
9.989029169082641602e-01
9.787536859512329102e-01
9.872381687164306641e-01
9.943659305572509766e-01
9.819937348365783691e-01
9.877833127975463867e-01
9.869694709777832031e-01
9.661329388618469238e-01
9.978694915771484375e-01
9.875012636184692383e-01
9.713915586471557617e-01
9.703172445297241211e-01
9.649365544319152832e-01
8.656735420227050781e-01
5.395429730415344238e-01
9.941994547843933105e-01
9.952038526535034180e-01
1.390818506479263306e-01
8.033886551856994629e-01
9.764572381973266602e-01
9.989586472511291504e-01
9.962848424911499023e-01
7.867960333824157715e-01
9.764806628227233887e-01
9.686640501022338867e-01
9.657528996467590332e-01
9.787486791610717773e-01
9.759508371353149414e-01
9.973410367965698242e-01
9.826505780220031738e-01
9.451720714569091797e-01
9.951539039611816406e-01
9.960537552833557129e-01
9.177045226097106934e-01
9.958598613739013672e-01
9.902566075325012207e-01
