9.360126256942749023e-01
9.643676877021789551e-01
9.453197121620178223e-01
9.850867986679077148e-01
9.190027713775634766e-01
9.602681994438171387e-01
9.593694210052490234e-01
9.604421854019165039e-01
9.018341898918151855e-01
9.833099246025085449e-01
9.611486196517944336e-01
9.565929770469665527e-01
8.667696118354797363e-01
9.748697876930236816e-01
9.998171329498291016e-01
6.397830843925476074e-01
9.851006865501403809e-01
9.999995827674865723e-01
7.891598939895629883e-01
8.888632059097290039e-01
9.608933925628662109e-01
9.973403215408325195e-01
8.673505187034606934e-01
9.483987092971801758e-01
9.811943173408508301e-01
9.954741597175598145e-01
9.837868213653564453e-01
9.272208809852600098e-01
9.981880187988281250e-01
8.479056954383850098e-01
9.702578186988830566e-01
9.945406913757324219e-01
8.368258476257324219e-01
8.451786041259765625e-01
9.837217330932617188e-01
9.942569136619567871e-01
8.944702744483947754e-01
9.128816723823547363e-01
9.919475317001342773e-01
9.959024786949157715e-01
9.876117706298828125e-01
9.245576858520507812e-01
9.990844130516052246e-01
8.973415493965148926e-01
9.800867438316345215e-01
9.909464716911315918e-01
9.182867407798767090e-01
9.712313413619995117e-01
9.049921035766601562e-01
9.790971279144287109e-01
9.047598838806152344e-01
9.398305416107177734e-01
9.824605584144592285e-01
9.775014519691467285e-01
9.033353924751281738e-01
9.065225720405578613e-01
9.999418854713439941e-01
9.999956488609313965e-01
9.891788959503173828e-01
8.614517450332641602e-01
8.432790637016296387e-01
9.925074577331542969e-01
8.840239048004150391e-01
1.866549067199230194e-02
8.357613682746887207e-01
9.919845461845397949e-01
8.947030901908874512e-01
1.368376892060041428e-02
7.374050021171569824e-01
9.821602702140808105e-01
9.999477863311767578e-01
9.834535121917724609e-01
9.921837449073791504e-01
9.744693636894226074e-01
9.924031496047973633e-01
8.126118183135986328e-01
9.862172007560729980e-01
9.997752308845520020e-01
8.998640179634094238e-01
9.619647860527038574e-01
8.647119998931884766e-01
9.897327423095703125e-01
9.783116579055786133e-01
9.574892520904541016e-01
9.986531138420104980e-01
8.908815383911132812e-01
9.680319428443908691e-01
9.968788623809814453e-01
9.981138706207275391e-01
9.218654632568359375e-01
9.002921581268310547e-01
9.950371384620666504e-01
9.529582262039184570e-01
9.669979810714721680e-01
9.115678668022155762e-01
9.964166283607482910e-01
9.836427569389343262e-01
9.510377645492553711e-01
9.999909996986389160e-01
9.417154192924499512e-01
9.912906885147094727e-01
9.632111787796020508e-01
9.742065668106079102e-01
8.990285992622375488e-01
9.710715413093566895e-01
9.469993710517883301e-01
8.226895332336425781e-01
9.991874694824218750e-01
7.636092901229858398e-01
9.213503599166870117e-01
8.334603309631347656e-01
9.887289404869079590e-01
9.991301298141479492e-01
9.972035884857177734e-01
9.871798753738403320e-01
8.859077095985412598e-01
9.415440559387207031e-01
8.943704962730407715e-01
9.908835887908935547e-01
8.544484376907348633e-01
9.319995045661926270e-01
9.890075325965881348e-01
9.078998565673828125e-01
1.152365148300305009e-04
8.741894364356994629e-01
9.930297136306762695e-01
9.998442530632019043e-01
9.955540895462036133e-01
9.883700609207153320e-01
9.471679925918579102e-01
9.852524399757385254e-01
8.517757654190063477e-01
9.880934953689575195e-01
9.635853767395019531e-01
9.714982509613037109e-01
9.696743488311767578e-01
9.933181405067443848e-01
9.996591806411743164e-01
9.976891279220581055e-01
8.563608527183532715e-01
9.643508195877075195e-01
8.466843366622924805e-01
9.351481199264526367e-01
9.773709177970886230e-01
9.800185561180114746e-01
8.702907562255859375e-01
8.959851861000061035e-01
9.988138079643249512e-01
9.944979548454284668e-01
9.042465090751647949e-01
9.082639217376708984e-01
9.959536194801330566e-01
9.996948242187500000e-01
9.984825253486633301e-01
9.967314600944519043e-01
9.621844887733459473e-01
9.925758242607116699e-01
8.736767172813415527e-01
9.688156843185424805e-01
8.410404920578002930e-01
9.918488860130310059e-01
8.765681385993957520e-01
9.107328057289123535e-01
8.887849450111389160e-01
9.928210973739624023e-01
8.012821674346923828e-01
9.151095151901245117e-01
9.998470544815063477e-01
9.771498441696166992e-01
9.655781984329223633e-01
9.856600165367126465e-01
9.302902817726135254e-01
9.741644263267517090e-01
8.973394632339477539e-01
9.826136231422424316e-01
9.232834577560424805e-01
9.342155456542968750e-01
8.604116439819335938e-01
9.789564013481140137e-01
9.584543704986572266e-01
9.346424937248229980e-01
9.781671762466430664e-01
9.995805025100708008e-01
9.580410718917846680e-01
9.706159234046936035e-01
9.593144059181213379e-01
9.782779812812805176e-01
9.065659642219543457e-01
9.845100641250610352e-01
9.728970527648925781e-01
9.381877779960632324e-01
8.861770033836364746e-01
9.736500978469848633e-01
9.575116634368896484e-01
9.640671014785766602e-01
9.555710554122924805e-01
9.993245601654052734e-01
7.881704568862915039e-01
9.062575101852416992e-01
9.896643161773681641e-01
9.900422096252441406e-01
8.495860695838928223e-01
9.410980343818664551e-01
9.942255616188049316e-01
9.806265830993652344e-01
8.751313686370849609e-01
8.994227647781372070e-01
9.944053292274475098e-01
9.800183773040771484e-01
9.129566550254821777e-01
9.881239533424377441e-01
8.522549867630004883e-01
9.203432202339172363e-01
9.742101430892944336e-01
9.907252788543701172e-01
9.185181260108947754e-01
9.660053849220275879e-01
9.890579581260681152e-01
9.826536178588867188e-01
9.209937453269958496e-01
9.282077550888061523e-01
9.715936183929443359e-01
9.792852401733398438e-01
8.758578300476074219e-01
9.190182685852050781e-01
