2.103679925203323364e-01
2.449953258037567139e-01
1.196309626102447510e-01
8.021151423454284668e-01
3.963287770748138428e-01
5.096015334129333496e-01
2.466513663530349731e-01
5.963223576545715332e-01
2.533644139766693115e-01
7.872381806373596191e-01
4.718534052371978760e-01
3.220001608133316040e-02
3.665781021118164062e-01
7.072641849517822266e-01
2.924396693706512451e-01
1.169528719037771225e-02
1.027953401207923889e-01
7.471831440925598145e-01
2.474036663770675659e-01
7.884413003921508789e-02
1.862407028675079346e-01
5.876492857933044434e-01
6.836698949337005615e-02
4.984164237976074219e-01
3.312845826148986816e-01
6.685238797217607498e-03
1.871266216039657593e-01
4.119547307491302490e-01
4.315654635429382324e-01
6.483244299888610840e-01
2.093456487273215316e-06
4.685405194759368896e-01
4.486336410045623779e-01
4.055185317993164062e-01
1.290871500968933105e-01
8.509469032287597656e-01
5.531312227249145508e-01
7.592949867248535156e-01
2.329700887203216553e-01
3.647938370704650879e-01
4.545364677906036377e-01
6.001162528991699219e-01
5.313729643821716309e-01
2.149281650781631470e-01
7.745218276977539062e-01
4.921889603137969971e-01
3.087905943393707275e-01
5.742961168289184570e-01
5.263236761093139648e-01
1.449032127857208252e-02
2.049668282270431519e-01
3.350392282009124756e-01
4.192627072334289551e-01
1.859250962734222412e-01
2.079482078552246094e-01
5.450503826141357422e-01
5.980428457260131836e-01
2.180107980966567993e-01
3.693565130233764648e-01
1.121747400611639023e-02
1.027225628495216370e-01
3.510066270828247070e-01
7.177402265369892120e-03
6.726103019900619984e-04
3.456183243542909622e-03
2.455964870750904083e-02
2.339878231287002563e-01
2.232593942608218640e-06
9.328321903012692928e-04
1.479938179254531860e-01
5.904438495635986328e-01
4.927821457386016846e-01
5.286946892738342285e-01
2.473888844251632690e-01
3.789491653442382812e-01
1.921782195568084717e-01
1.648187488317489624e-01
5.988447070121765137e-01
1.613593101501464844e-01
5.504142642021179199e-01
1.946194320917129517e-01
1.494122445583343506e-01
1.558801233768463135e-01
3.621966838836669922e-01
9.193772077560424805e-01
3.527934551239013672e-01
2.084831297397613525e-01
8.414461463689804077e-02
4.841406345367431641e-01
7.614117860794067383e-02
2.972300052642822266e-01
2.534977197647094727e-01
2.017655074596405029e-01
3.105517923831939697e-01
3.606591820716857910e-01
2.202304825186729431e-02
1.827563345432281494e-01
5.697096586227416992e-01
4.435566663742065430e-01
3.830450177192687988e-01
2.075992077589035034e-01
5.920993164181709290e-02
4.215896129608154297e-01
2.104329913854598999e-01
4.447864294052124023e-01
2.456717044115066528e-01
3.600376844406127930e-02
8.180352449417114258e-01
3.506134152412414551e-01
3.337311148643493652e-01
1.715866625308990479e-01
5.024573206901550293e-01
4.256525635719299316e-01
3.945769965648651123e-01
4.316137433052062988e-01
8.922965824604034424e-02
6.382544636726379395e-01
1.255027949810028076e-01
4.926654100418090820e-01
4.006407260894775391e-01
7.709641754627227783e-02
3.315550684928894043e-01
3.341664075851440430e-01
8.632725104689598083e-03
2.412103116512298584e-02
3.593962490558624268e-01
8.660980463027954102e-01
7.049669027328491211e-01
3.600822985172271729e-01
5.034936070442199707e-01
6.419687867164611816e-01
1.693810820579528809e-01
6.507657170295715332e-01
7.297166585922241211e-01
3.016794621944427490e-01
3.263131976127624512e-01
2.864832282066345215e-01
3.414391074329614639e-03
5.183969736099243164e-01
4.834222495555877686e-01
7.958855032920837402e-01
5.245243310928344727e-01
3.549494743347167969e-01
3.160557448863983154e-01
3.668286800384521484e-01
3.858638405799865723e-01
2.151589989662170410e-01
2.999171316623687744e-01
3.688794672489166260e-01
2.390577197074890137e-01
6.167449355125427246e-01
2.636768855154514313e-02
3.814692199230194092e-01
6.722480803728103638e-02
3.590590953826904297e-01
2.038265317678451538e-01
6.803191900253295898e-01
5.648935437202453613e-01
7.357729673385620117e-01
3.070660829544067383e-01
6.214469075202941895e-01
2.213274240493774414e-01
2.504482269287109375e-01
1.364664137363433838e-01
6.714044809341430664e-01
4.661639928817749023e-01
1.750935614109039307e-01
7.341879010200500488e-01
5.564177632331848145e-01
4.309595823287963867e-01
2.220365107059478760e-01
2.699044346809387207e-01
5.227269530296325684e-01
3.288277983665466309e-01
4.575868844985961914e-01
2.785956859588623047e-01
6.079368591308593750e-01
6.466385126113891602e-01
6.128743886947631836e-01
7.199173569679260254e-01
2.435844689607620239e-01
2.343594431877136230e-01
7.631413340568542480e-01
1.953180730342864990e-01
2.342972457408905029e-01
1.542901806533336639e-02
9.618089795112609863e-01
4.488603472709655762e-01
6.169881224632263184e-01
6.192774772644042969e-01
4.769714176654815674e-01
2.127213776111602783e-01
4.645680189132690430e-01
4.783682823181152344e-01
1.339535345323383808e-03
2.896297574043273926e-01
9.923602342605590820e-01
5.977487564086914062e-02
2.119958102703094482e-01
2.280656993389129639e-01
5.685672760009765625e-01
4.564509093761444092e-01
3.805017769336700439e-01
3.999514579772949219e-01
2.087216973304748535e-01
2.846855521202087402e-01
3.102448582649230957e-01
6.928531527519226074e-01
2.279400080442428589e-01
2.695897817611694336e-01
5.945613980293273926e-01
4.391505420207977295e-01
4.330176115036010742e-01
1.597860455513000488e-01
5.597427487373352051e-01
3.317020833492279053e-01
4.940260052680969238e-01
1.158677563071250916e-01
5.825597047805786133e-01
2.025828659534454346e-01
7.431048750877380371e-01
4.154911041259765625e-01
1.892611533403396606e-01
9.117581695318222046e-02
6.288032531738281250e-01
