2.265698571617786594e-01
3.133147297488637073e-01
1.492939392656598419e-01
2.082899928282131441e-01
2.333052281073133283e-01
2.190903571989530618e-01
1.660128547842025237e-01
2.016301201141546817e-01
2.191073333468431528e-01
2.155962708471074185e-01
1.691863255020087664e-01
2.080736491177678782e-01
2.371617534887403844e-01
2.772168371235378403e-01
1.488668440241422697e-01
1.605322628798043771e-01
2.271721065850355326e-01
2.606776373084777609e-01
1.947139375233046532e-01
2.066359169996128675e-01
2.872363438543218961e-01
2.770100231998814944e-01
2.236577368681677280e-01
3.160450887651397589e-01
2.821333464951469305e-01
2.614949787071404463e-01
2.915213297192866815e-01
3.400423042811990815e-01
4.120770171284675598e-01
4.068318428023933175e-01
4.315056874631689188e-01
3.237032000548564215e-01
3.940904214978218079e-01
4.438283881888939741e-01
3.229497103736950758e-01
4.173971583995108592e-01
3.525741000552303772e-01
1.693220802747652798e-01
1.833739548590249124e-01
1.965356430468651050e-01
2.274425902130762789e-01
2.607032757855564653e-01
1.674258670525607395e-01
2.149840838756063022e-01
3.325669313064561483e-01
2.137915744679048657e-01
2.293739071588228873e-01
2.089466456583557730e-01
1.501904817703431372e-01
2.467124371323734522e-01
1.947038336802681679e-01
2.974973044429833902e-01
2.756371431661626681e-01
2.627185614501985622e-01
2.853581171232060787e-01
2.374619466001884338e-01
3.050219855739179642e-01
2.135539517666284748e-01
2.705270532482805246e-01
3.630053975547735678e-01
2.950716108316555619e-01
3.090282878838479519e-01
2.486716706413202582e-01
3.097609514370560646e-01
3.152630991087509993e-01
1.645094129927691384e-01
1.940419568230796477e-01
3.302413603221514005e-01
3.342801863864923728e-01
3.256812578071661135e-01
2.616939162119076845e-01
3.893773943323489695e-01
3.609145478739474999e-01
3.746060749086049801e-01
3.925395504786418077e-01
3.154962817520404750e-01
3.211052119015501138e-01
3.346453909045801756e-01
4.135641141866261972e-01
2.931897198924651726e-01
3.522131338428992620e-01
3.918328249720406387e-01
2.770635297951790088e-01
3.334351550214565973e-01
3.988895123967757805e-01
3.251709999659886940e-01
3.146622822221268878e-01
4.486117284616809031e-01
3.593237827030512088e-01
3.286988478560557980e-01
3.283754820720507506e-01
3.189788254407736057e-01
3.624185802271732704e-01
3.446139673827789407e-01
3.357864290547485364e-01
4.427888026604285820e-01
3.824926419900013808e-01
4.083788446508921366e-01
3.392609607858153575e-01
2.925737291717758759e-01
3.472082779581586731e-01
