2.193427458405494690e-02
9.999884366989135742e-01
5.852922052145004272e-02
4.458847641944885254e-01
4.328402280807495117e-01
9.958866834640502930e-01
9.552904367446899414e-01
9.100658297538757324e-01
8.198669552803039551e-01
3.784447312355041504e-01
9.843698143959045410e-01
9.900540709495544434e-01
9.027602076530456543e-01
7.224349770694971085e-03
9.999492168426513672e-01
5.961906909942626953e-01
9.927849769592285156e-01
3.325428664684295654e-01
9.922827482223510742e-01
9.419775605201721191e-01
9.836499691009521484e-01
6.792564988136291504e-01
9.696847200393676758e-01
9.901390671730041504e-01
9.853636026382446289e-01
9.806778430938720703e-01
4.974263845269888407e-08
1.443567843040227672e-08
9.998179674148559570e-01
2.236192131022107787e-06
4.130551189973630244e-08
9.992243051528930664e-01
6.327803730964660645e-01
3.857697546482086182e-02
7.906978134997189045e-05
9.768664240837097168e-01
9.490322470664978027e-01
7.694895565509796143e-02
3.091486578341573477e-04
2.051145536825060844e-03
4.067666828632354736e-02
9.999837875366210938e-01
5.073703825473785400e-03
1.516687031835317612e-02
9.949996471405029297e-01
3.686156496405601501e-02
7.631589192897081375e-03
3.889826536178588867e-01
9.732114076614379883e-01
6.486114263534545898e-01
2.761971652507781982e-01
9.820263981819152832e-01
1.016731560230255127e-02
2.451693217153660953e-05
9.999544620513916016e-01
9.436106085777282715e-01
9.921051263809204102e-01
9.902810454368591309e-01
9.846100807189941406e-01
9.997286796569824219e-01
2.549393773078918457e-01
9.640878438949584961e-01
9.901025891304016113e-01
9.664332270622253418e-01
9.604793190956115723e-01
1.252111513167619705e-02
3.691932857036590576e-01
9.999519586563110352e-01
9.998440742492675781e-01
9.905663132667541504e-01
2.980886399745941162e-01
9.602419137954711914e-01
9.897078275680541992e-01
7.528397440910339355e-01
6.393243372440338135e-02
8.088896274566650391e-01
9.779574871063232422e-01
9.582592844963073730e-01
2.963228523731231689e-02
5.282859206199645996e-01
9.999545812606811523e-01
9.905211329460144043e-01
9.996648430824279785e-01
6.877864003181457520e-01
9.941622614860534668e-01
9.844308495521545410e-01
4.095855355262756348e-01
9.857637882232666016e-01
8.023386001586914062e-01
8.721714615821838379e-01
9.463278651237487793e-01
5.951959267258644104e-02
7.586635947227478027e-01
9.999750256538391113e-01
8.259642124176025391e-01
6.096843481063842773e-01
5.514354109764099121e-01
9.934192895889282227e-01
9.597269892692565918e-01
4.502207338809967041e-01
9.745213985443115234e-01
9.997996091842651367e-01
8.353685736656188965e-01
4.484425187110900879e-01
4.081729799509048462e-02
1.198322512209415436e-02
9.999606609344482422e-01
9.972768425941467285e-01
9.860898256301879883e-01
2.109082788228988647e-02
8.848576545715332031e-01
9.851906895637512207e-01
9.842531681060791016e-01
9.660732746124267578e-01
9.379392862319946289e-01
9.971679449081420898e-01
9.449450969696044922e-01
2.477083913981914520e-02
7.112573981285095215e-01
9.999622106552124023e-01
8.819776177406311035e-01
9.483181238174438477e-01
7.806799411773681641e-01
9.939111471176147461e-01
9.994089603424072266e-01
9.779686331748962402e-01
8.446624279022216797e-01
9.635575413703918457e-01
9.759483337402343750e-01
9.712892770767211914e-01
1.466429606080055237e-02
1.453466862440109253e-01
9.999806880950927734e-01
5.084530711174011230e-01
4.894473850727081299e-01
1.914812922477722168e-01
9.957409501075744629e-01
9.935912489891052246e-01
9.997249245643615723e-01
8.340650200843811035e-01
9.441042542457580566e-01
9.483100771903991699e-01
5.591171383857727051e-01
5.784375965595245361e-02
7.362027168273925781e-01
9.999688267707824707e-01
9.232329130172729492e-01
5.008689165115356445e-01
9.771382212638854980e-01
9.922719001770019531e-01
9.970973134040832520e-01
9.908601641654968262e-01
6.647333502769470215e-01
9.614990353584289551e-01
9.884330034255981445e-01
3.746387958526611328e-01
3.651033341884613037e-02
3.420751392841339111e-01
9.999739527702331543e-01
9.957008957862854004e-01
9.886985421180725098e-01
3.815860152244567871e-01
9.861652851104736328e-01
9.761354327201843262e-01
9.707859754562377930e-01
6.345386505126953125e-01
9.584825038909912109e-01
9.910735487937927246e-01
9.893988966941833496e-01
6.035221815109252930e-01
9.982894659042358398e-01
9.303257465362548828e-01
9.976363778114318848e-01
7.197768092155456543e-01
9.912050962448120117e-01
9.912582039833068848e-01
9.891520142555236816e-01
8.910018205642700195e-01
8.926228880882263184e-01
9.488573074340820312e-01
9.752445816993713379e-01
9.769477844238281250e-01
9.999972581863403320e-01
1.982831768691539764e-02
9.611560702323913574e-01
1.516456454992294312e-01
5.102610681205987930e-03
1.720189303159713745e-02
1.763076186180114746e-01
9.596453309059143066e-01
2.117026448249816895e-01
1.479269238188862801e-03
5.880308151245117188e-02
9.249501824378967285e-01
5.532106161117553711e-01
9.554305672645568848e-01
2.655515629612636985e-07
9.976757764816284180e-01
7.263500378940079827e-08
3.554864402843804783e-09
9.830717444419860840e-01
2.581607103347778320e-01
6.381842773407697678e-03
4.397311931825242937e-05
9.475235342979431152e-01
9.871435761451721191e-01
1.667566969990730286e-02
8.680310202180407941e-06
1.730758114717900753e-03
1.822276972234249115e-02
9.981098771095275879e-01
9.025238454341888428e-03
2.528633331166929565e-06
9.899310469627380371e-01
3.337680697441101074e-01
1.196093112230300903e-02
1.807750314474105835e-01
9.728763103485107422e-01
9.886842370033264160e-01
3.367986679077148438e-01
1.384375095367431641e-01
9.994080662727355957e-01
2.593604028224945068e-01
9.974970221519470215e-01
9.999508857727050781e-01
9.982919096946716309e-01
4.196582436561584473e-01
9.659532904624938965e-01
9.640924334526062012e-01
8.318083882331848145e-01
5.745090171694755554e-02
7.816682457923889160e-01
9.843114614486694336e-01
9.900851845741271973e-01
9.315879940986633301e-01
4.455256760120391846e-01
9.979998469352722168e-01
9.958560466766357422e-01
9.998710751533508301e-01
8.249648213386535645e-01
9.887126088142395020e-01
9.884735941886901855e-01
8.981611132621765137e-01
9.817817211151123047e-01
5.567173957824707031e-01
8.504567742347717285e-01
9.860252737998962402e-01
9.721813201904296875e-01
4.350527822971343994e-01
9.983031153678894043e-01
9.968301057815551758e-01
9.952738285064697266e-01
9.996535778045654297e-01
9.468063116073608398e-01
5.865681767463684082e-01
9.867165684700012207e-01
7.754596471786499023e-01
9.914981722831726074e-01
4.315814971923828125e-01
9.738909006118774414e-01
9.998050928115844727e-01
1.236053928732872009e-02
9.958375096321105957e-01
9.995593428611755371e-01
9.343268871307373047e-01
2.939095534384250641e-02
1.449974775314331055e-01
6.430428624153137207e-01
9.901158809661865234e-01
3.624198138713836670e-01
9.186890125274658203e-01
9.924507141113281250e-01
9.860976934432983398e-01
9.876222610473632812e-01
6.255882978439331055e-01
9.982237815856933594e-01
9.940898418426513672e-01
9.996045827865600586e-01
9.180510640144348145e-01
9.925425052642822266e-01
9.950016736984252930e-01
9.554035663604736328e-01
9.037811160087585449e-01
9.544978141784667969e-01
9.842352271080017090e-01
9.742528200149536133e-01
6.798989772796630859e-01
6.115860342979431152e-01
9.986453056335449219e-01
8.842778205871582031e-01
9.888353943824768066e-01
9.798700809478759766e-01
9.946243166923522949e-01
9.967741966247558594e-01
9.755335450172424316e-01
7.150257229804992676e-01
9.126955866813659668e-01
9.610455036163330078e-01
5.980723500251770020e-01
6.938972473144531250e-01
7.827983498573303223e-01
9.984565973281860352e-01
9.896175265312194824e-01
9.984243512153625488e-01
9.954686760902404785e-01
9.935627579689025879e-01
9.954841136932373047e-01
9.889933466911315918e-01
2.689656019210815430e-01
9.146676063537597656e-01
9.670604467391967773e-01
3.764646649360656738e-01
9.988279938697814941e-01
3.893360844813287258e-04
9.974921941757202148e-01
9.994589090347290039e-01
9.967762231826782227e-01
3.889721035957336426e-01
9.844924211502075195e-01
9.627049565315246582e-01
9.504314661026000977e-01
8.145492076873779297e-01
9.613229036331176758e-01
9.886053800582885742e-01
9.911516308784484863e-01
9.999994635581970215e-01
9.999859929084777832e-01
7.800288796424865723e-01
9.998331665992736816e-01
9.613887667655944824e-01
2.439310215413570404e-02
8.248920440673828125e-01
9.894378781318664551e-01
8.490818142890930176e-01
5.364156793802976608e-03
7.810910940170288086e-01
9.838542342185974121e-01
9.999920129776000977e-01
9.999880790710449219e-01
9.999974370002746582e-01
9.953396916389465332e-01
9.999442100524902344e-01
8.504954576492309570e-01
4.164168238639831543e-01
4.738636687397956848e-02
9.907744526863098145e-01
9.998706579208374023e-01
8.334493041038513184e-01
9.869853258132934570e-01
9.631695598363876343e-02
9.999687075614929199e-01
3.000680804252624512e-01
9.989491105079650879e-01
9.980497360229492188e-01
9.727516174316406250e-01
5.451187057303741312e-09
9.910221695899963379e-01
9.935807585716247559e-01
4.912780225276947021e-01
1.272229012101888657e-02
9.550728797912597656e-01
9.899132847785949707e-01
8.529352545738220215e-01
3.962026908993721008e-02
9.959152936935424805e-01
9.874340295791625977e-01
9.949664473533630371e-01
9.785565733909606934e-01
9.882299900054931641e-01
8.952665328979492188e-01
9.833596944808959961e-01
8.503461480140686035e-01
9.138342738151550293e-01
9.638136029243469238e-01
9.897998571395874023e-01
9.965005517005920410e-01
9.999014735221862793e-01
9.998664259910583496e-01
9.999487400054931641e-01
9.804014563560485840e-01
9.892070293426513672e-01
9.993162751197814941e-01
9.304987788200378418e-01
9.473291635513305664e-01
9.833408594131469727e-01
7.983173727989196777e-01
3.933604434132575989e-02
9.432997703552246094e-01
9.840605258941650391e-01
9.999804496765136719e-01
9.970142245292663574e-01
9.998072385787963867e-01
9.958627820014953613e-01
9.984139800071716309e-01
9.985268115997314453e-01
7.981392741203308105e-01
9.430960416793823242e-01
9.919263124465942383e-01
7.817986607551574707e-01
9.807112216949462891e-01
9.709353446960449219e-01
9.817724227905273438e-01
9.999721646308898926e-01
7.969547510147094727e-01
9.499530196189880371e-01
9.969619512557983398e-01
9.966467618942260742e-01
9.872670769691467285e-01
9.781810045242309570e-01
9.828128814697265625e-01
5.620624423027038574e-01
9.013116955757141113e-01
9.516530036926269531e-01
9.891186356544494629e-01
9.602124691009521484e-01
7.308052182197570801e-01
9.991517066955566406e-01
9.998050928115844727e-01
9.862598180770874023e-01
8.932687044143676758e-01
9.990170001983642578e-01
9.544640779495239258e-01
6.254728436470031738e-01
9.435802102088928223e-01
9.836492538452148438e-01
9.151325821876525879e-01
9.805247187614440918e-01
9.955045580863952637e-01
9.927487373352050781e-01
9.602468013763427734e-01
9.968712925910949707e-01
9.967879652976989746e-01
9.976373910903930664e-01
9.943631887435913086e-01
8.401100039482116699e-01
8.855354785919189453e-01
9.726949334144592285e-01
9.795735478401184082e-01
8.757156729698181152e-01
9.698784351348876953e-01
9.854087233543395996e-01
9.964522719383239746e-01
9.065948724746704102e-01
9.749943017959594727e-01
9.976752400398254395e-01
9.979340434074401855e-01
9.985392093658447266e-01
9.347193837165832520e-01
9.823127388954162598e-01
9.681818485260009766e-01
9.879490733146667480e-01
9.976743459701538086e-01
9.560620188713073730e-01
9.803895950317382812e-01
9.892839789390563965e-01
9.172948002815246582e-01
9.946173429489135742e-01
9.971960783004760742e-01
9.736902117729187012e-01
9.979622960090637207e-01
1.376590691506862640e-02
9.615968465805053711e-01
9.019676446914672852e-01
9.913849830627441406e-01
9.966447353363037109e-01
9.557594656944274902e-01
9.863025546073913574e-01
9.999599456787109375e-01
9.944640398025512695e-01
9.997825622558593750e-01
9.946722984313964844e-01
9.938940405845642090e-01
9.977561235427856445e-01
8.148707747459411621e-01
9.638081192970275879e-01
4.848283827304840088e-01
9.248784184455871582e-01
8.446230292320251465e-01
9.613969922065734863e-01
9.929445385932922363e-01
9.942740201950073242e-01
9.999999403953552246e-01
9.999997615814208984e-01
9.963616728782653809e-01
9.674723744392395020e-01
9.996291399002075195e-01
1.606590376468375325e-04
5.903577432036399841e-03
9.769008755683898926e-01
9.884111881256103516e-01
6.204990495461970568e-05
1.489179860800504684e-02
8.074727654457092285e-01
9.999669194221496582e-01
9.999979138374328613e-01
9.999981522560119629e-01
9.999997615814208984e-01
8.082090616226196289e-01
9.999988675117492676e-01
4.366402514278888702e-03
2.803131937980651855e-01
2.379331290721893311e-01
9.999762773513793945e-01
2.868679352104663849e-03
1.619008034467697144e-01
4.144127368927001953e-01
9.999985694885253906e-01
9.999948740005493164e-01
9.999912977218627930e-01
9.955506920814514160e-01
8.718019127845764160e-01
9.919540286064147949e-01
2.788451127707958221e-02
9.306467175483703613e-01
9.906427264213562012e-01
1.219203844666481018e-01
9.198915213346481323e-03
6.786633729934692383e-01
9.843526482582092285e-01
9.931036829948425293e-01
1.000000119209289551e+00
9.999957084655761719e-01
9.991043806076049805e-01
3.264671862125396729e-01
9.920201897621154785e-01
9.974907040596008301e-01
9.666362404823303223e-02
9.819227457046508789e-01
9.988389015197753906e-01
5.496580153703689575e-03
1.540541350841522217e-01
9.587570428848266602e-01
9.995855093002319336e-01
9.999992251396179199e-01
9.993118643760681152e-01
2.072515934705734253e-01
9.612691998481750488e-01
9.889111518859863281e-01
3.177296742796897888e-02
3.395022574181894015e-08
9.854425191879272461e-01
4.092923998832702637e-01
3.547936785253114067e-06
1.492469455115497112e-04
9.762414693832397461e-01
9.989353418350219727e-01
9.999954700469970703e-01
9.998237490653991699e-01
9.898483753204345703e-01
8.584640026092529297e-01
8.920787572860717773e-01
9.993699789047241211e-01
2.220054529607295990e-02
5.716561675071716309e-01
9.913940429687500000e-01
2.806689823046326637e-03
2.988892197608947754e-01
6.596739292144775391e-01
9.999805688858032227e-01
9.999990463256835938e-01
9.999450445175170898e-01
9.730271100997924805e-01
9.494243264198303223e-01
9.918249845504760742e-01
7.166383862495422363e-01
3.073750063776969910e-02
8.904929757118225098e-01
9.834426045417785645e-01
7.233382668346166611e-03
6.850949525833129883e-01
9.901615977287292480e-01
9.842846989631652832e-01
9.999955892562866211e-01
9.999107122421264648e-01
9.582434296607971191e-01
9.253594279289245605e-01
9.901479482650756836e-01
8.790510892868041992e-01
1.775849796831607819e-02
8.393471837043762207e-01
9.808374047279357910e-01
6.563514471054077148e-01
4.042226076126098633e-01
9.732037186622619629e-01
9.934766888618469238e-01
9.999994039535522461e-01
9.999901056289672852e-01
9.898000955581665039e-01
6.678289175033569336e-01
9.919355511665344238e-01
9.999746680259704590e-01
3.498132154345512390e-02
3.997918367385864258e-01
9.828165769577026367e-01
9.987579584121704102e-01
5.658432201016694307e-05
9.678948521614074707e-01
9.990254640579223633e-01
9.999971389770507812e-01
9.999694228172302246e-01
9.962813258171081543e-01
7.428762912750244141e-01
9.917323589324951172e-01
9.997559189796447754e-01
2.123793587088584900e-02
5.025333762168884277e-01
9.820215702056884766e-01
9.991004467010498047e-01
4.921182524412870407e-03
1.527885198593139648e-01
9.998141527175903320e-01
9.999771118164062500e-01
9.999482035636901855e-01
9.442209005355834961e-01
9.122549891471862793e-01
9.916733503341674805e-01
6.107741594314575195e-01
3.339732065796852112e-02
8.770250082015991211e-01
9.828413724899291992e-01
9.632085561752319336e-01
3.596476279199123383e-03
7.105553746223449707e-01
9.767694473266601562e-01
9.944565892219543457e-01
9.999994039535522461e-01
9.999983310699462891e-01
9.963590502738952637e-01
9.999978542327880859e-01
9.935638308525085449e-01
6.328523904085159302e-02
9.367207065224647522e-03
9.999952912330627441e-01
9.778152108192443848e-01
9.612141251564025879e-01
2.041989751160144806e-02
9.999940395355224609e-01
9.998744726181030273e-01
9.999973773956298828e-01
9.861010909080505371e-01
9.904605746269226074e-01
9.917783141136169434e-01
9.657566547393798828e-01
6.733092665672302246e-01
9.923787117004394531e-01
2.987865805625915527e-01
9.774104952812194824e-01
9.857939481735229492e-01
9.214303493499755859e-01
9.915421009063720703e-01
9.999865889549255371e-01
9.999946951866149902e-01
7.465468645095825195e-01
9.523743987083435059e-01
9.919837713241577148e-01
9.818847179412841797e-01
3.960182424634695053e-03
9.823132753372192383e-01
6.376748681068420410e-01
1.425895461579784751e-04
1.975841820240020752e-02
9.583206176757812500e-01
9.997838139533996582e-01
9.998518824577331543e-01
9.999938607215881348e-01
9.638051390647888184e-01
9.950931072235107422e-01
9.920384287834167480e-01
9.991663694381713867e-01
9.934177398681640625e-01
3.265322744846343994e-01
9.998618364334106445e-01
9.934208393096923828e-01
9.584879875183105469e-01
9.012319445610046387e-01
9.988396763801574707e-01
8.724762797355651855e-01
9.996887445449829102e-01
5.582544207572937012e-01
9.946116805076599121e-01
9.859746098518371582e-01
3.305501341819763184e-01
9.933491945266723633e-01
1.061874534934759140e-02
3.227195143699645996e-02
9.443933367729187012e-01
1.513521224260330200e-01
6.583231091499328613e-01
1.058670654892921448e-01
9.999664425849914551e-01
9.999870061874389648e-01
4.020410180091857910e-01
9.851050972938537598e-01
9.917242527008056641e-01
9.708857536315917969e-01
9.873232245445251465e-01
5.423145294189453125e-01
3.979875147342681885e-01
9.838247895240783691e-01
9.840476512908935547e-01
8.239267468452453613e-01
9.829418063163757324e-01
9.998428821563720703e-01
9.999884963035583496e-01
9.686457514762878418e-01
9.954916238784790039e-01
9.886661171913146973e-01
9.991050362586975098e-01
9.569754600524902344e-01
3.736204802989959717e-01
9.826373457908630371e-01
9.648685455322265625e-01
9.568657875061035156e-01
9.529343247413635254e-01
9.880044460296630859e-01
9.994691610336303711e-01
9.999918937683105469e-01
9.996840953826904297e-01
9.973485469818115234e-01
9.934214949607849121e-01
9.999343156814575195e-01
8.280075788497924805e-01
1.781090348958969116e-01
8.759619593620300293e-01
9.858515858650207520e-01
7.247428297996520996e-01
1.711913496255874634e-01
9.910181760787963867e-01
9.993184804916381836e-01
9.999719262123107910e-01
9.785916805267333984e-01
9.961861968040466309e-01
9.900574684143066406e-01
9.999467134475708008e-01
8.497846722602844238e-01
1.800401657819747925e-01
9.659839272499084473e-01
9.816171526908874512e-01
9.773908257484436035e-01
9.895263910293579102e-01
9.866939783096313477e-01
9.999374151229858398e-01
9.999752044677734375e-01
5.584084391593933105e-01
9.928057789802551270e-01
9.916618466377258301e-01
9.810519218444824219e-01
9.917431473731994629e-01
6.319469809532165527e-01
9.808637499809265137e-01
9.126191735267639160e-01
9.817795157432556152e-01
9.897572994232177734e-01
9.321511387825012207e-01
9.963912367820739746e-01
9.993589520454406738e-01
9.999989271163940430e-01
9.970294833183288574e-01
9.170524477958679199e-01
7.771543264389038086e-01
9.979164600372314453e-01
8.294992446899414062e-01
8.438354358077049255e-03
9.083720445632934570e-01
9.581351280212402344e-01
9.906297922134399414e-01
8.480647951364517212e-02
9.994844198226928711e-01
9.956917166709899902e-01
9.999992847442626953e-01
9.967464804649353027e-01
9.997261166572570801e-01
9.999983906745910645e-01
7.960655093193054199e-01
7.944445013999938965e-01
9.999967217445373535e-01
4.708372801542282104e-02
7.297677993774414062e-01
9.863748550415039062e-01
9.999846816062927246e-01
9.999980926513671875e-01
9.999999403953552246e-01
9.999999403953552246e-01
9.923472404479980469e-01
9.895548820495605469e-01
9.999975562095642090e-01
5.179041624069213867e-01
3.858079668134450912e-03
9.999994635581970215e-01
5.897338390350341797e-01
1.916329115629196167e-01
2.976392181608389365e-07
9.999994635581970215e-01
9.983739256858825684e-01
9.998703002929687500e-01
1.000000000000000000e+00
9.974896907806396484e-01
9.992902278900146484e-01
9.999983310699462891e-01
9.864503741264343262e-01
9.968125820159912109e-01
9.999977946281433105e-01
9.453956484794616699e-01
9.907643198966979980e-01
4.532585665583610535e-02
9.999964833259582520e-01
9.999988675117492676e-01
9.999999403953552246e-01
1.000000000000000000e+00
9.519758820533752441e-01
9.088412523269653320e-01
9.921306967735290527e-01
8.302699774503707886e-02
6.142309904098510742e-01
2.576107382774353027e-01
3.076433241367340088e-01
3.015682995319366455e-01
9.366602301597595215e-01
7.559965550899505615e-02
7.845641374588012695e-01
9.629060029983520508e-01
9.999769926071166992e-01
9.980356693267822266e-01
9.747534394264221191e-01
9.999891519546508789e-01
9.909263849258422852e-01
9.991974830627441406e-01
8.939312100410461426e-01
9.999905824661254883e-01
9.591381549835205078e-01
9.892888665199279785e-01
2.196798175573348999e-01
1.282056886702775955e-02
7.706916928291320801e-01
9.998987317085266113e-01
9.985648989677429199e-01
9.178685545921325684e-01
9.998942017555236816e-01
9.944277405738830566e-01
9.995678067207336426e-01
9.993836283683776855e-01
9.887251257896423340e-01
6.999313831329345703e-01
9.701201319694519043e-01
9.847804903984069824e-01
4.145400226116180420e-01
9.956800341606140137e-01
9.999992251396179199e-01
9.982091784477233887e-01
9.818786978721618652e-01
9.999998807907104492e-01
9.921736717224121094e-01
9.994002580642700195e-01
9.893565177917480469e-01
9.731491804122924805e-01
9.052966833114624023e-01
9.419560432434082031e-01
9.583631157875061035e-01
9.752411246299743652e-01
9.998561143875122070e-01
9.999998807907104492e-01
9.968339800834655762e-01
9.988939762115478516e-01
9.999975562095642090e-01
8.773605823516845703e-01
9.964961409568786621e-01
8.638408780097961426e-01
9.999948143959045410e-01
9.661551713943481445e-01
9.915607571601867676e-01
9.932567477226257324e-01
9.999877214431762695e-01
9.999830126762390137e-01
9.685746431350708008e-01
8.672302961349487305e-01
8.436030745506286621e-01
9.906923174858093262e-01
9.078056812286376953e-01
9.894073009490966797e-01
7.982223629951477051e-01
2.533231116831302643e-02
9.369863271713256836e-01
9.833945631980895996e-01
9.909011125564575195e-01
9.999693036079406738e-01
9.999793171882629395e-01
9.930060505867004395e-01
9.881510138511657715e-01
9.513869285583496094e-01
9.912927150726318359e-01
7.676931023597717285e-01
9.917181134223937988e-01
2.505483850836753845e-02
9.772042036056518555e-01
8.782945275306701660e-01
9.733073711395263672e-01
9.909834265708923340e-01
9.999948740005493164e-01
1.000000000000000000e+00
9.999999403953552246e-01
9.915578961372375488e-01
9.973797202110290527e-01
9.850802421569824219e-01
2.751735150814056396e-01
7.969380021095275879e-01
6.608128215630781899e-14
8.788121342658996582e-01
8.765560388565063477e-01
7.748678326606750488e-01
3.281120370957069099e-06
9.994570016860961914e-01
9.979938864707946777e-01
9.621484279632568359e-01
9.879828095436096191e-01
9.712013602256774902e-01
9.881970286369323730e-01
8.322758078575134277e-01
9.817078113555908203e-01
6.025903224945068359e-01
9.659402966499328613e-01
9.880682826042175293e-01
9.993281364440917969e-01
9.952555894851684570e-01
9.984189867973327637e-01
9.994718432426452637e-01
8.418519496917724609e-01
9.942990541458129883e-01
9.910884499549865723e-01
9.900207519531250000e-01
6.406241059303283691e-01
9.922876954078674316e-01
9.977931976318359375e-01
5.624284744262695312e-01
9.798377752304077148e-01
9.912200570106506348e-01
9.959552884101867676e-01
9.962376952171325684e-01
9.988619089126586914e-01
9.963082671165466309e-01
9.969300031661987305e-01
9.991018176078796387e-01
9.955818653106689453e-01
7.927824258804321289e-01
9.439569115638732910e-01
9.998824596405029297e-01
9.393303394317626953e-01
9.608575701713562012e-01
9.835663437843322754e-01
9.978765845298767090e-01
9.954398274421691895e-01
9.989857673645019531e-01
9.976989626884460449e-01
9.955777525901794434e-01
9.971551299095153809e-01
9.941022992134094238e-01
9.170979857444763184e-01
9.341428279876708984e-01
9.995523691177368164e-01
9.805691242218017578e-01
9.618661403656005859e-01
9.813385605812072754e-01
8.475064635276794434e-01
9.990472793579101562e-01
9.998135566711425781e-01
9.822657108306884766e-01
9.784823656082153320e-01
9.426355361938476562e-01
9.897046089172363281e-01
9.843910336494445801e-01
9.796052575111389160e-01
9.910787343978881836e-01
7.170161604881286621e-01
9.702706336975097656e-01
9.869475960731506348e-01
9.889565706253051758e-01
9.999861121177673340e-01
9.994559884071350098e-01
2.847636640071868896e-01
7.448469996452331543e-01
9.551687836647033691e-01
9.879679083824157715e-01
3.221247494220733643e-01
9.810995459556579590e-01
7.199546694755554199e-01
9.828966722125187516e-05
2.144750906154513359e-04
9.778621196746826172e-01
9.925133585929870605e-01
9.998092055320739746e-01
9.998701214790344238e-01
9.980664253234863281e-01
9.497693777084350586e-01
9.433418512344360352e-01
9.919376373291015625e-01
9.990841150283813477e-01
9.720234870910644531e-01
9.977946281433105469e-01
3.575043007731437683e-02
9.830957055091857910e-01
6.994536519050598145e-01
9.992086887359619141e-01
9.999914169311523438e-01
9.997258782386779785e-01
7.727063894271850586e-01
4.811201095581054688e-01
8.340247273445129395e-01
9.901973605155944824e-01
7.143024802207946777e-01
9.362380504608154297e-01
9.139797687530517578e-01
1.811249367892742157e-02
9.260501861572265625e-01
9.916796088218688965e-01
9.838034510612487793e-01
9.999765157699584961e-01
9.999943971633911133e-01
9.997543692588806152e-01
9.468156695365905762e-01
7.020910978317260742e-01
9.914785027503967285e-01
9.995198249816894531e-01
4.839494228363037109e-01
9.832322597503662109e-01
9.996784925460815430e-01
7.793405652046203613e-01
9.662992358207702637e-01
9.927403330802917480e-01
9.998651146888732910e-01
9.999801516532897949e-01
9.993146061897277832e-01
9.814230203628540039e-01
9.509464502334594727e-01
9.928460717201232910e-01
9.999057054519653320e-01
2.756777405738830566e-01
9.779539108276367188e-01
9.878780245780944824e-01
1.040499284863471985e-01
9.236406087875366211e-01
9.895521998405456543e-01
9.999769926071166992e-01
9.998402595520019531e-01
7.090120911598205566e-01
7.692167758941650391e-01
9.180644154548645020e-01
9.916532039642333984e-01
6.624122262001037598e-01
9.676601886749267578e-01
9.745465517044067383e-01
7.404355406761169434e-01
2.535724081099033356e-02
9.439572095870971680e-01
9.819298982620239258e-01
9.996777772903442383e-01
9.999474883079528809e-01
9.986966252326965332e-01
8.573932647705078125e-01
6.659111380577087402e-01
9.948006868362426758e-01
9.967622160911560059e-01
3.471744060516357422e-02
9.842872023582458496e-01
9.607940316200256348e-01
9.413580894470214844e-01
7.315482944250106812e-04
9.841432571411132812e-01
9.999609589576721191e-01
9.998509287834167480e-01
8.019101619720458984e-01
9.140377044677734375e-01
7.471013665199279785e-01
9.900954961776733398e-01
8.840476274490356445e-01
7.983002066612243652e-01
9.821010828018188477e-01
9.838286042213439941e-01
9.827246665954589844e-01
9.861130714416503906e-01
9.849136471748352051e-01
9.993261694908142090e-01
9.981599450111389160e-01
7.746586799621582031e-01
9.781062602996826172e-01
9.986628293991088867e-01
9.946520328521728516e-01
8.714678287506103516e-01
3.616393804550170898e-01
9.862077832221984863e-01
9.861224293708801270e-01
6.295451312325894833e-04
9.517906308174133301e-01
9.906420707702636719e-01
9.999923110008239746e-01
9.999936223030090332e-01
9.996834993362426758e-01
7.181273698806762695e-01
6.304342746734619141e-01
8.304721713066101074e-01
9.999642968177795410e-01
1.412121206521987915e-02
5.129421595484018326e-03
9.999890327453613281e-01
3.319708704948425293e-01
1.740030013024806976e-02
9.999979734420776367e-01
9.861866235733032227e-01
9.987349510192871094e-01
9.999110102653503418e-01
9.976210594177246094e-01
9.873176813125610352e-01
9.937154054641723633e-01
9.995014071464538574e-01
9.651771783828735352e-01
6.124856881797313690e-03
9.999756813049316406e-01
9.860441088676452637e-01
5.248555541038513184e-01
9.999982714653015137e-01
9.998244643211364746e-01
9.995008111000061035e-01
4.770054519176483154e-01
9.928963780403137207e-01
9.756470918655395508e-01
9.887735843658447266e-01
7.167394161224365234e-01
9.795507192611694336e-01
9.815922975540161133e-01
9.190042614936828613e-01
9.734764099121093750e-01
9.715572595596313477e-01
9.782055616378784180e-01
9.951278567314147949e-01
9.996945261955261230e-01
9.991021752357482910e-01
9.949790239334106445e-01
9.951163530349731445e-01
9.933997988700866699e-01
9.996436834335327148e-01
9.603409767150878906e-01
7.269470095634460449e-01
9.429298639297485352e-01
9.978102445602416992e-01
9.860785603523254395e-01
5.441089272499084473e-01
8.264806866645812988e-01
9.504309892654418945e-01
9.231294393539428711e-01
9.966879487037658691e-01
9.899611473083496094e-01
9.923332929611206055e-01
4.158325195312500000e-01
9.759555459022521973e-01
9.856320619583129883e-01
9.297585487365722656e-01
9.975433349609375000e-01
3.418257087469100952e-02
9.605613946914672852e-01
8.229999542236328125e-01
9.885007143020629883e-01
9.995096921920776367e-01
9.975122809410095215e-01
9.972083568572998047e-01
9.990345239639282227e-01
9.873534440994262695e-01
9.864589571952819824e-01
9.844213724136352539e-01
9.999925494194030762e-01
9.654626846313476562e-01
1.249653141712769866e-04
9.999995231628417969e-01
9.996109604835510254e-01
9.999615550041198730e-01
9.999993443489074707e-01
9.806389212608337402e-01
8.717358708381652832e-01
6.186881661415100098e-01
9.999952316284179688e-01
2.561649978160858154e-01
1.952179521322250366e-01
9.999965429306030273e-01
8.013482689857482910e-01
9.634813666343688965e-01
9.979162216186523438e-01
9.975109100341796875e-01
9.998553395271301270e-01
9.999892115592956543e-01
9.946960806846618652e-01
9.928839802742004395e-01
9.896543622016906738e-01
9.998735189437866211e-01
7.249763011932373047e-01
9.297981858253479004e-01
9.999967813491821289e-01
9.671208858489990234e-01
9.968236684799194336e-01
9.639450907707214355e-01
9.987307190895080566e-01
9.990478754043579102e-01
6.260853409767150879e-01
9.873813390731811523e-01
9.423016905784606934e-01
9.893811345100402832e-01
7.296496033668518066e-01
8.823268413543701172e-01
9.830878376960754395e-01
9.517821669578552246e-01
7.829493880271911621e-01
9.954754710197448730e-01
9.886479377746582031e-01
9.971008896827697754e-01
9.983299374580383301e-01
9.883123636245727539e-01
9.962743520736694336e-01
9.961310029029846191e-01
9.950620532035827637e-01
9.735926389694213867e-01
7.481862902641296387e-01
9.435917139053344727e-01
9.920251965522766113e-01
9.531477689743041992e-01
9.921152591705322266e-01
9.855232834815979004e-01
9.981031417846679688e-01
9.956517219543457031e-01
4.297826290130615234e-01
9.876399040222167969e-01
9.476274847984313965e-01
9.843074679374694824e-01
1.027370318770408630e-01
9.525213241577148438e-01
9.737583994865417480e-01
7.518817186355590820e-01
9.736121892929077148e-01
9.917571544647216797e-01
9.950311183929443359e-01
9.997380971908569336e-01
9.993823170661926270e-01
9.826748967170715332e-01
9.566860795021057129e-01
9.404746294021606445e-01
9.951709508895874023e-01
9.856587052345275879e-01
5.417268350720405579e-02
2.193312197923660278e-01
9.896279573440551758e-01
9.857566356658935547e-01
8.209165334701538086e-01
9.801436066627502441e-01
9.676708579063415527e-01
9.914124011993408203e-01
9.684172272682189941e-01
9.968312978744506836e-01
9.992924928665161133e-01
9.966486096382141113e-01
9.936602711677551270e-01
5.500074625015258789e-01
5.669373273849487305e-01
9.918853044509887695e-01
9.616079926490783691e-01
9.612678885459899902e-01
9.555704593658447266e-01
9.973642826080322266e-01
9.991953372955322266e-01
5.288365483283996582e-01
9.921427965164184570e-01
9.728426933288574219e-01
9.895859360694885254e-01
6.758536100387573242e-01
9.226548671722412109e-01
9.865050911903381348e-01
9.783515930175781250e-01
7.808688879013061523e-01
9.663257598876953125e-01
9.893793463706970215e-01
9.047966003417968750e-01
9.795206189155578613e-01
9.991307258605957031e-01
9.976407885551452637e-01
9.995543360710144043e-01
9.992785453796386719e-01
9.995754957199096680e-01
8.759406208992004395e-01
1.702332496643066406e-01
9.913008809089660645e-01
9.759016036987304688e-01
9.310407638549804688e-01
9.817764759063720703e-01
9.972102046012878418e-01
9.996585249900817871e-01
9.705934524536132812e-01
9.961712956428527832e-01
9.960219860076904297e-01
9.943159222602844238e-01
9.838669300079345703e-01
7.032755017280578613e-01
9.853371381759643555e-01
9.919416308403015137e-01
9.827434420585632324e-01
9.579502344131469727e-01
9.841011762619018555e-01
9.900604486465454102e-01
9.979438185691833496e-01
9.521822333335876465e-01
9.960216879844665527e-01
9.984944462776184082e-01
9.950449466705322266e-01
9.799231290817260742e-01
9.367195963859558105e-01
9.707348346710205078e-01
6.479473114013671875e-01
9.855733513832092285e-01
9.588540196418762207e-01
9.902513027191162109e-01
