1.796635985374450684e-02
3.983174562454223633e-01
6.253826618194580078e-02
6.868169456720352173e-02
2.129844948649406433e-02
1.968764215707778931e-01
4.007820487022399902e-01
2.137608230113983154e-01
1.624848395586013794e-01
6.118316203355789185e-03
6.526038646697998047e-01
5.034167170524597168e-01
2.405628859996795654e-01
3.506785433273762465e-04
7.996803522109985352e-01
6.012203693389892578e-01
6.087434291839599609e-01
9.064566344022750854e-03
5.027393102645874023e-01
9.094394743442535400e-03
2.427979111671447754e-01
2.448159083724021912e-02
6.258972506945070791e-11
5.646698474884033203e-01
3.319752812385559082e-01
3.782737553119659424e-01
6.835058593424037099e-05
2.096516545861959457e-03
8.001902103424072266e-01
8.674617856740951538e-05
8.270263206213712692e-04
2.209367156028747559e-01
2.361128479242324829e-01
3.083961084485054016e-03
7.499849307350814342e-04
3.357215085998177528e-03
2.098823189735412598e-01
2.703742384910583496e-01
1.930550783872604370e-01
1.171961339423432946e-04
1.525420957477763295e-04
3.989820182323455811e-01
8.925298452377319336e-01
2.822254318743944168e-04
3.243490457534790039e-01
2.321452051401138306e-01
1.982440352439880371e-01
4.869762342423200607e-03
2.977898839162662625e-05
2.996491035446524620e-03
2.257431149482727051e-01
4.273286461830139160e-01
9.926444618031382561e-04
1.765733759384602308e-05
5.203900337219238281e-01
5.910172462463378906e-01
6.142687052488327026e-03
1.935904026031494141e-01
1.229470074176788330e-01
2.767752110958099365e-01
4.872165247797966003e-02
1.795184463262557983e-01
3.119368255138397217e-01
1.970636546611785889e-01
5.838544964790344238e-01
2.790953963994979858e-03
1.625501662492752075e-01
4.006353616714477539e-01
4.070866703987121582e-01
1.925002634525299072e-01
2.955321781337261200e-02
3.629440069198608398e-01
7.268164306879043579e-02
1.513327211141586304e-01
5.235028220340609550e-04
1.899564266204833984e-01
3.961399495601654053e-01
4.794797599315643311e-01
1.052322448231279850e-03
9.281864389777183533e-03
2.304497063159942627e-01
4.274602234363555908e-01
2.300840020179748535e-01
9.453501552343368530e-02
3.921695053577423096e-01
3.789522051811218262e-01
5.621745367534458637e-04
3.703504035001969896e-06
1.159766614437103271e-01
2.107776328921318054e-02
2.565619647502899170e-01
4.151388537138700485e-03
1.250997651368379593e-03
4.147808253765106201e-01
1.902652978897094727e-01
3.274005055427551270e-01
2.004079669713973999e-01
3.295762836933135986e-01
3.951480388641357422e-01
5.088113714009523392e-03
2.042575366795063019e-02
2.985501487273722887e-04
5.760114789009094238e-01
1.563863605260848999e-01
4.339402075856924057e-04
2.634610515087842941e-03
4.000382125377655029e-01
5.827180743217468262e-01
1.532866209745407104e-01
1.777656525373458862e-01
1.974126249551773071e-01
3.985448777675628662e-01
2.412126213312149048e-02
7.735282415524125099e-04
3.965569138526916504e-01
1.403687298297882080e-01
3.737402856349945068e-01
1.216772012412548065e-03
1.031293650157749653e-03
7.998886704444885254e-01
2.704912424087524414e-01
6.023853272199630737e-02
1.979770750040188432e-04
2.058652639389038086e-01
5.414763689041137695e-01
4.838028550148010254e-02
8.835588395595550537e-02
3.368662297725677490e-02
3.947021961212158203e-01
3.572204113006591797e-01
1.063337331288494170e-04
2.100069262087345123e-02
5.998901724815368652e-01
1.077080518007278442e-01
3.059604167938232422e-01
2.340176142752170563e-03
3.967891633510589600e-01
2.066003978252410889e-01
1.058161258697509766e-01
7.062526047229766846e-02
1.151008982560597360e-04
2.398044317960739136e-01
1.426659077405929565e-01
1.963809045264497399e-04
1.069709006696939468e-02
7.137719392776489258e-01
2.782460153102874756e-01
2.742230594158172607e-01
3.201714716851711273e-04
3.919039070606231689e-01
3.727778494358062744e-01
4.011560082435607910e-01
1.275580376386642456e-03
5.091305077075958252e-02
2.079179883003234863e-01
1.558397896587848663e-03
1.828350941650569439e-03
1.883626356720924377e-02
6.264351010322570801e-01
1.681597977876663208e-01
1.795028219930827618e-04
1.582790613174438477e-01
5.872882530093193054e-02
1.865119487047195435e-01
3.490790128707885742e-01
3.175830934196710587e-03
2.243905365467071533e-01
3.956409394741058350e-01
8.918576240539550781e-01
3.755351528525352478e-02
7.009982466697692871e-01
6.911555528640747070e-01
2.035069465637207031e-01
1.251701032742857933e-04
7.452196627855300903e-02
2.425395995378494263e-01
2.059985548257827759e-01
1.666446924209594727e-01
3.736425936222076416e-02
2.641732692718505859e-01
5.835938453674316406e-01
3.956432640552520752e-01
6.541157960891723633e-01
1.571541838347911835e-02
2.091379016637802124e-01
1.346550732851028442e-01
1.636558771133422852e-01
3.322565462440252304e-03
4.129798151552677155e-03
9.201216511428356171e-03
6.569529068656265736e-04
5.415178634393669199e-07
1.003164723515510559e-01
4.611065145581960678e-03
6.357502937316894531e-01
5.802631974220275879e-01
1.131620490923523903e-03
2.008215785026550293e-01
8.643171750009059906e-04
3.346317389514297247e-04
2.001391649246215820e-01
3.348277095938101411e-05
1.091489754617214203e-02
1.275280606932938099e-03
3.959469795227050781e-01
2.225919663906097412e-01
3.713401556015014648e-01
1.012621447443962097e-01
7.760500311851501465e-01
2.822842798195779324e-04
5.760340690612792969e-01
2.849829792976379395e-01
7.165453280322253704e-04
5.159872397780418396e-02
1.487902104854583740e-01
2.626574933528900146e-01
8.375354111194610596e-02
1.961411088705062866e-01
1.035754084587097168e-01
3.730192780494689941e-01
9.563571214675903320e-02
6.951550245285034180e-01
3.444973379373550415e-02
3.298605978488922119e-01
6.598857045173645020e-01
3.605838716030120850e-01
1.977709680795669556e-01
1.983128674328327179e-02
7.230160385370254517e-02
1.733581572771072388e-01
5.546816391870379448e-04
3.949775174260139465e-02
3.871923983097076416e-01
4.183675050735473633e-01
4.008526206016540527e-01
7.908081635832786560e-03
3.973326981067657471e-01
4.426737725734710693e-01
3.295447677373886108e-03
1.234729308634996414e-02
8.555934618925675750e-05
2.618101239204406738e-01
3.918657451868057251e-02
2.076692879199981689e-01
5.511232838034629822e-02
2.464205324649810791e-01
4.565868675708770752e-01
9.991372823715209961e-01
1.080633047968149185e-02
3.998437225818634033e-01
3.634449541568756104e-01
1.504713743925094604e-01
8.284624665975570679e-03
2.019649147987365723e-01
2.001037299633026123e-01
2.370131667703390121e-03
2.883409149944782257e-03
1.001854240894317627e-02
2.432197034358978271e-01
9.371820092201232910e-02
3.978422880172729492e-01
4.363536834716796875e-02
4.486660957336425781e-01
2.060021460056304932e-01
3.372294604778289795e-01
9.064530581235885620e-02
1.979072540998458862e-01
5.935313645750284195e-03
5.131165981292724609e-01
1.590295229107141495e-03
3.443892896175384521e-01
7.800415754318237305e-01
3.670714795589447021e-01
4.455935955047607422e-01
3.014525864273309708e-03
3.332346081733703613e-01
4.644435644149780273e-01
4.591103792190551758e-01
1.111631467938423157e-02
1.486572474241256714e-01
2.041668593883514404e-01
2.004387825727462769e-01
2.013501077890396118e-01
2.891744077205657959e-01
4.077825248241424561e-01
4.330473840236663818e-01
4.227245748043060303e-01
6.665335968136787415e-04
5.953968763351440430e-01
3.052238821983337402e-01
1.995213180780410767e-01
1.025643646717071533e-01
2.208009362220764160e-01
1.469598412513732910e-01
4.911178946495056152e-01
4.723381251096725464e-02
9.182182839140295982e-04
1.789039224386215210e-01
1.955184042453765869e-01
4.228751659393310547e-01
9.095604531466960907e-03
3.983107507228851318e-01
4.368644952774047852e-01
3.155883848667144775e-01
1.332353986799716949e-02
3.234417438507080078e-01
4.387534856796264648e-01
6.082580089569091797e-01
2.808205485343933105e-01
1.563389785587787628e-02
6.601979732513427734e-01
1.854225546121597290e-01
4.024867415428161621e-01
3.569881990551948547e-02
2.103906273841857910e-01
7.434539198875427246e-01
3.725786879658699036e-02
6.961052119731903076e-02
5.089586973190307617e-01
2.011720389127731323e-01
1.919928640127182007e-01
7.357688248157501221e-02
8.688426576554775238e-03
3.869279623031616211e-01
7.975181341171264648e-01
7.348365187644958496e-01
4.069005250930786133e-01
1.052228081971406937e-02
7.888390421867370605e-01
1.048007383942604065e-01
1.561389421112835407e-03
1.520579587668180466e-02
1.989307999610900879e-01
3.821780681610107422e-01
1.740906503982841969e-03
7.939855568110942841e-03
1.461127698421478271e-01
5.998660326004028320e-01
4.012884795665740967e-01
4.003362953662872314e-01
3.601204454898834229e-01
6.000232696533203125e-01
9.305059164762496948e-02
5.969935655593872070e-01
1.358151435852050781e-02
7.422137260437011719e-02
4.194689393043518066e-01
1.248973980545997620e-01
3.750368058681488037e-01
4.142088443040847778e-02
2.893377244472503662e-01
6.041833758354187012e-01
6.575500965118408203e-01
2.699409127235412598e-01
7.753727436065673828e-01
2.475310757290571928e-04
3.909483551979064941e-01
3.994013667106628418e-01
2.095508575439453125e-01
8.517395704984664917e-03
3.442406654357910156e-01
1.673280000686645508e-01
5.203104615211486816e-01
7.295819371938705444e-02
6.112338304519653320e-01
5.837939977645874023e-01
5.905453562736511230e-01
4.466166794300079346e-01
6.287184357643127441e-01
2.728720903396606445e-01
3.770959079265594482e-01
3.081752955913543701e-01
1.929786950349807739e-01
1.377430111169815063e-01
6.458488851785659790e-02
4.020399451255798340e-01
7.406030893325805664e-01
2.031660079956054688e-01
7.965490818023681641e-01
3.978965878486633301e-01
4.066632688045501709e-01
7.772462368011474609e-01
3.134818077087402344e-01
3.354428336024284363e-02
4.325065314769744873e-01
3.707527816295623779e-01
5.866851424798369408e-04
3.088183701038360596e-01
3.072071373462677002e-01
9.403951764106750488e-01
7.999525070190429688e-01
1.848401129245758057e-02
7.620221972465515137e-01
4.111951589584350586e-01
3.982836604118347168e-01
1.161349471658468246e-02
5.735266804695129395e-01
7.173162698745727539e-01
2.019105702638626099e-01
4.259226918220520020e-01
1.742808818817138672e-01
5.237365961074829102e-01
5.913292169570922852e-01
5.679058432579040527e-01
4.779020845890045166e-01
1.991062909364700317e-01
5.299026966094970703e-01
4.439188838005065918e-01
3.294296562671661377e-01
5.682805553078651428e-03
3.752580881118774414e-01
3.452008664608001709e-01
2.467435225844383240e-02
1.500831991434097290e-01
2.723820805549621582e-01
4.866947531700134277e-01
6.187743544578552246e-01
2.302339673042297363e-01
3.266331851482391357e-01
2.372602075338363647e-01
9.426798820495605469e-01
4.015420973300933838e-01
1.249375119805335999e-01
5.540046691894531250e-01
5.841252803802490234e-01
2.086600363254547119e-01
1.576487869024276733e-01
4.665740728378295898e-01
2.701014280319213867e-01
6.012786626815795898e-01
1.839224994182586670e-01
5.365025997161865234e-01
3.319296240806579590e-01
7.744522094726562500e-01
3.035717606544494629e-01
2.056594043970108032e-01
5.932804346084594727e-01
1.922843232750892639e-02
6.257448196411132812e-01
2.393463402986526489e-01
5.040484666824340820e-01
8.508037924766540527e-01
2.029835283756256104e-01
6.344237178564071655e-02
2.561827301979064941e-01
5.285138487815856934e-01
9.720861911773681641e-01
1.081074774265289307e-01
1.950528919696807861e-01
1.525818109512329102e-01
4.426189661026000977e-01
1.812389791011810303e-01
1.662846505641937256e-01
1.313385814428329468e-01
7.979142069816589355e-01
9.845889210700988770e-01
3.976460099220275879e-01
2.545655667781829834e-01
9.582706689834594727e-01
4.282313287258148193e-01
1.821306068450212479e-03
4.616902172565460205e-01
4.108144938945770264e-01
1.489586979150772095e-01
5.753406286239624023e-01
3.978115022182464600e-01
2.192553728818893433e-01
1.871683448553085327e-01
2.276480197906494141e-01
3.860398530960083008e-01
7.093215584754943848e-01
6.391326785087585449e-01
6.011986732482910156e-01
3.768062917515635490e-03
1.963573843240737915e-01
8.273230865597724915e-03
6.844572424888610840e-01
3.970875442028045654e-01
1.962652355432510376e-01
4.887848719954490662e-02
4.850353300571441650e-01
8.006970286369323730e-01
2.861931025981903076e-01
9.073002263903617859e-03
7.861122488975524902e-02
1.449498627334833145e-02
2.590956000858568586e-06
4.850346129387617111e-03
3.290415108203887939e-01
4.071196913719177246e-01
1.395701332285170793e-07
4.469205159693956375e-04
7.708552759140729904e-03
2.629479467868804932e-01
7.296522259712219238e-01
5.512117743492126465e-01
2.155089676380157471e-01
4.777637124061584473e-02
2.200182229280471802e-01
3.504088963381946087e-04
2.052872776985168457e-01
1.079468205571174622e-01
2.031774222850799561e-01
2.251748694106936455e-03
5.328624974936246872e-03
6.607615388929843903e-03
8.874393254518508911e-02
4.095598459243774414e-01
3.862835168838500977e-01
1.884315628558397293e-03
2.212953418493270874e-01
2.358531951904296875e-01
2.692029811441898346e-03
9.965836256742477417e-02
2.039742767810821533e-01
3.836722811684012413e-03
2.037967322394251823e-03
2.377085834741592407e-01
2.826097309589385986e-01
4.675694704055786133e-01
5.751783251762390137e-01
2.109201997518539429e-01
2.063347958028316498e-02
9.602034837007522583e-02
3.867577016353607178e-01
2.000149637460708618e-01
2.307588756084442139e-01
2.219098657369613647e-01
3.913505077362060547e-01
3.789139154832810163e-04
3.455787524580955505e-02
4.797147214412689209e-02
5.403011441230773926e-01
6.103558540344238281e-01
1.995716392993927002e-01
5.795710533857345581e-02
1.975769996643066406e-01
1.414126902818679810e-01
2.832328081130981445e-01
8.279418040046948590e-08
3.476877212524414062e-01
3.979933857917785645e-01
2.675077212188625708e-06
5.792725831270217896e-03
3.889202177524566650e-01
7.586386799812316895e-01
2.123874127864837646e-01
3.767315447330474854e-01
1.361361891031265259e-02
3.550329431891441345e-02
4.553443193435668945e-01
4.130853116512298584e-01
1.966521842405200005e-03
1.930411718785762787e-02
4.351474344730377197e-02
3.023540135473012924e-03
1.238566910615190864e-04
5.165617913007736206e-03
5.967723727226257324e-01
4.107222259044647217e-01
6.885460615158081055e-01
2.081773132085800171e-01
3.617281317710876465e-01
2.018943727016448975e-01
2.024226635694503784e-01
1.190026014228351414e-04
1.409778185188770294e-02
1.500635594129562378e-01
2.068048808723688126e-03
9.437512606382369995e-03
4.069875776767730713e-01
1.385288387537002563e-01
6.285043358802795410e-01
4.000099003314971924e-01
2.038020491600036621e-01
3.832388222217559814e-01
7.553265094757080078e-01
4.056018590927124023e-01
2.110282890498638153e-03
7.149968296289443970e-03
3.846427500247955322e-01
2.925741374492645264e-01
7.535198237746953964e-03
1.833874732255935669e-01
6.694868206977844238e-01
8.008285760879516602e-01
4.929069876670837402e-01
1.260704733431339264e-02
1.441344618797302246e-02
4.145878851413726807e-01
1.919513642787933350e-01
3.160588676109910011e-04
1.016042288392782211e-02
2.733314409852027893e-02
3.362689167261123657e-02
2.035079523921012878e-03
3.717042207717895508e-01
4.068193435668945312e-01
9.996392130851745605e-01
2.026937603950500488e-01
5.161882191896438599e-02
2.610363066196441650e-01
4.652365446090698242e-01
5.957589298486709595e-02
1.868199178716167808e-04
1.266450062394142151e-02
3.911045193672180176e-01
3.195055425167083740e-01
1.248367596417665482e-03
1.857281289994716644e-02
1.987776905298233032e-01
3.386895060539245605e-01
2.014294862747192383e-01
4.069063067436218262e-01
2.903546690940856934e-01
2.792788743972778320e-01
1.029765978455543518e-02
9.094700799323618412e-04
7.043195515871047974e-02
5.510679483413696289e-01
4.227239787578582764e-01
2.463111188262701035e-03
6.988813728094100952e-02
7.186529040336608887e-02
5.540016889572143555e-01
2.075785845518112183e-01
1.536826603114604950e-03
4.324982762336730957e-01
1.567411818541586399e-03
3.949653830659372034e-07
1.953008323907852173e-01
1.181174665689468384e-01
3.526495769619941711e-02
1.700003631412982941e-02
1.919618248939514160e-01
3.007459687069058418e-03
1.946405023336410522e-01
4.469542503356933594e-01
4.939844906330108643e-01
3.291658358648419380e-03
3.983847498893737793e-01
3.551872074604034424e-01
3.367401957511901855e-01
3.138029202818870544e-02
2.308461070060729980e-01
3.768562898039817810e-02
1.527984291315078735e-01
1.906915195286273956e-02
1.744950860738754272e-01
5.264444351196289062e-01
5.999673008918762207e-01
7.485809177160263062e-02
3.535070689395070076e-03
4.148052632808685303e-01
2.744275629520416260e-01
3.875093162059783936e-02
6.913261022418737411e-04
1.468123495578765869e-01
3.992046117782592773e-01
3.640962177087203600e-06
1.435469137504696846e-03
1.797703802585601807e-01
3.968878388404846191e-01
7.092574238777160645e-01
3.424848318099975586e-01
1.714263670146465302e-02
2.242263257503509521e-01
1.614170968532562256e-01
2.234805673360824585e-01
2.018694132566452026e-01
3.700035810470581055e-01
4.301912188529968262e-01
1.135581731796264648e-01
1.485071033239364624e-01
3.284832239151000977e-01
5.968433618545532227e-01
6.008904576301574707e-01
3.721638023853302002e-02
2.553410083055496216e-02
2.182960212230682373e-01
5.405848026275634766e-01
7.975919842720031738e-01
3.653962910175323486e-01
3.831729590892791748e-01
1.177262738347053528e-01
2.274613128975033760e-03
8.838499337434768677e-02
1.570886373519897461e-01
2.491253465414047241e-01
4.048506617546081543e-01
2.269245237112045288e-01
1.277025640010833740e-01
7.078378200531005859e-01
2.055899351835250854e-01
6.704119150526821613e-04
3.867839574813842773e-01
1.440763622522354126e-01
5.523394346237182617e-01
6.571265403181314468e-03
1.982185244560241699e-01
1.466270536184310913e-01
3.071487843990325928e-01
5.042666792869567871e-01
4.000062346458435059e-01
1.998062729835510254e-01
5.132029056549072266e-01
3.933592438697814941e-01
2.128688842058181763e-01
1.466713147237896919e-03
5.934245586395263672e-01
3.626182675361633301e-01
4.626723378896713257e-02
1.566416323184967041e-01
2.401944100856781006e-01
8.553248643875122070e-02
5.322914719581604004e-01
6.553388833999633789e-01
2.143166726455092430e-03
1.241628453135490417e-01
1.984968334436416626e-01
2.259512841701507568e-01
2.083777338266372681e-01
3.662932664155960083e-03
4.037551283836364746e-01
2.075320929288864136e-01
6.871137022972106934e-02
1.638836264610290527e-01
2.926979362964630127e-01
6.015234589576721191e-01
3.995261788368225098e-01
8.230704814195632935e-03
5.976454019546508789e-01
3.939907550811767578e-01
1.718196868896484375e-01
3.371662751305848360e-05
1.637846790254116058e-02
3.606663942337036133e-01
6.000191569328308105e-01
1.938357353210449219e-01
2.798735499382019043e-01
3.417426049709320068e-01
4.518630504608154297e-01
3.115177154541015625e-01
1.092386152595281601e-02
5.819293856620788574e-01
5.042407196015119553e-03
8.691702038049697876e-03
2.040409445762634277e-01
1.382963061332702637e-01
3.975902199745178223e-01
5.096934735774993896e-03
3.661365807056427002e-01
4.181868862360715866e-03
2.908903956413269043e-01
1.585424542427062988e-01
3.985750675201416016e-01
4.874760285019874573e-03
3.053885996341705322e-01
6.248358488082885742e-01
5.843279361724853516e-01
2.298129945993423462e-01
7.096660882234573364e-02
5.442105606198310852e-02
1.931252926588058472e-01
5.680574178695678711e-01
2.314396901056170464e-03
3.216092586517333984e-01
5.457163453102111816e-01
4.102025032043457031e-01
2.132999300956726074e-01
5.886182188987731934e-01
5.927121639251708984e-01
5.719518288969993591e-03
2.068537473678588867e-01
3.520496487617492676e-01
2.021263837814331055e-01
1.486447080969810486e-02
7.221220731735229492e-01
3.626460134983062744e-01
5.021391510963439941e-01
2.760863602161407471e-01
5.891304612159729004e-01
1.351871341466903687e-02
9.030243754386901855e-01
7.924748659133911133e-01
4.313366413116455078e-01
4.871259927749633789e-01
1.302266609854996204e-03
1.665011607110500336e-02
2.964413724839687347e-02
9.473153203725814819e-02
1.337147410959005356e-02
1.875340044498443604e-01
4.063301682472229004e-01
5.019034743309020996e-01
3.700596690177917480e-01
7.713091373443603516e-01
3.405519425868988037e-01
1.461082603782415390e-03
1.988040953874588013e-01
3.296235799789428711e-01
6.573563441634178162e-03
2.051224410533905029e-01
4.363430142402648926e-01
4.080397784709930420e-01
4.124579578638076782e-02
7.226068526506423950e-02
1.625831937417387962e-03
1.701218932867050171e-01
3.997699022293090820e-01
5.739704966545104980e-01
1.558455079793930054e-02
3.540144115686416626e-02
2.818155288696289062e-01
4.386433064937591553e-01
1.890966445207595825e-01
1.791263669729232788e-01
3.142530322074890137e-01
5.610620379447937012e-01
4.095602035522460938e-01
3.607863187789916992e-01
2.053083181381225586e-01
5.693011283874511719e-01
4.829038381576538086e-01
2.016710489988327026e-01
1.980978399515151978e-01
3.895487189292907715e-01
3.271128609776496887e-02
1.545977685600519180e-02
9.001760184764862061e-02
5.611793398857116699e-01
5.103469491004943848e-01
5.153365731239318848e-01
5.475177764892578125e-01
1.996551305055618286e-01
2.521202862262725830e-01
5.817241668701171875e-01
1.186519786715507507e-01
3.476239144802093506e-01
2.092662155628204346e-01
3.836628198623657227e-01
1.272288337349891663e-02
1.779326647520065308e-01
3.487673699855804443e-01
4.034385085105895996e-01
5.687793716788291931e-03
4.594682104652747512e-05
6.681336089968681335e-03
5.974333286285400391e-01
2.414464950561523438e-01
3.701763227581977844e-02
6.561132977367378771e-06
3.988867998123168945e-01
2.336952686309814453e-01
2.121100574731826782e-01
9.650562424212694168e-04
3.734030127525329590e-01
3.124308027327060699e-02
2.131243050098419189e-01
2.034602463245391846e-01
1.827323585748672485e-01
4.029561579227447510e-01
1.749627143144607544e-01
6.197883049026131630e-04
3.580667907954193652e-05
1.998872756958007812e-01
1.755812615156173706e-01
4.034514129161834717e-01
1.258633274119347334e-04
3.982115387916564941e-01
1.673967093229293823e-01
3.284816145896911621e-01
4.000778198242187500e-01
2.130272835493087769e-01
3.906347453594207764e-01
2.896479666233062744e-01
9.544668197631835938e-01
3.000388443470001221e-01
7.939635515213012695e-01
9.845998883247375488e-02
1.473591692047193646e-04
1.274704001843929291e-02
9.650888293981552124e-02
4.149357676506042480e-01
1.508664190769195557e-01
4.045915007591247559e-01
1.453913897275924683e-01
1.904225647449493408e-01
2.464812248945236206e-01
9.935145378112792969e-01
2.391118854284286499e-01
5.659589767456054688e-01
3.332102205604314804e-04
2.088343203067779541e-01
2.725506722927093506e-01
3.655473589897155762e-01
5.620383620262145996e-01
6.164246797561645508e-01
2.742004394531250000e-01
3.924127519130706787e-01
4.741820096969604492e-01
6.309747099876403809e-01
3.912198543548583984e-01
1.509223729372024536e-01
2.076632976531982422e-01
1.635564549360424280e-04
3.500645756721496582e-01
1.995721608400344849e-01
3.756731748580932617e-01
1.703827679157257080e-01
2.040075212717056274e-01
5.735590457916259766e-01
1.373671926558017731e-03
2.033995091915130615e-01
2.266255021095275879e-01
6.503461003303527832e-01
1.555258501321077347e-02
6.426209956407546997e-02
3.996963798999786377e-01
1.483201794326305389e-02
2.458815127611160278e-01
7.774732112884521484e-01
2.501175366342067719e-02
4.875726401805877686e-01
3.511163592338562012e-01
5.618947761831805110e-05
4.826703667640686035e-01
6.465334445238113403e-02
8.715759515762329102e-01
2.120325267314910889e-01
5.717050433158874512e-01
4.615546166896820068e-01
3.954070806503295898e-01
1.060793474316596985e-01
4.656748175621032715e-01
5.918078422546386719e-01
6.015291213989257812e-01
3.993072509765625000e-01
2.045721858739852905e-01
5.864721536636352539e-01
4.053879082202911377e-01
4.534368515014648438e-01
1.893784850835800171e-01
3.282952010631561279e-01
4.147480726242065430e-01
3.044754266738891602e-01
3.510728711262345314e-03
2.907975614070892334e-01
5.099781751632690430e-01
9.204207658767700195e-01
7.517783641815185547e-01
7.953759282827377319e-02
1.992165446281433105e-01
4.026282131671905518e-01
4.533508419990539551e-01
2.199080586433410645e-01
4.467618465423583984e-01
7.751948833465576172e-01
3.266056776046752930e-01
4.770164564251899719e-02
8.438627421855926514e-02
1.623882651329040527e-01
2.099763005971908569e-01
5.895660519599914551e-01
4.176738560199737549e-01
6.761100292205810547e-01
4.130489528179168701e-01
7.974198460578918457e-01
3.301783204078674316e-01
3.122375011444091797e-01
3.038257062435150146e-01
2.092855051159858704e-02
1.336307451128959656e-02
6.034082770347595215e-01
4.152776896953582764e-01
1.858184672892093658e-02
5.795626640319824219e-01
2.017753273248672485e-01
7.716664075851440430e-01
4.741251468658447266e-01
4.094270765781402588e-01
2.134625166654586792e-01
3.970693349838256836e-01
1.078228838741779327e-02
5.850181332789361477e-04
1.161334197968244553e-02
2.217036485671997070e-01
7.910970449447631836e-01
2.214129269123077393e-01
5.992735624313354492e-01
2.746613323688507080e-01
2.443879842758178711e-01
5.443353652954101562e-01
4.237552881240844727e-01
1.624477654695510864e-02
2.203618139028549194e-01
4.004521369934082031e-01
8.664167486131191254e-03
3.843458890914916992e-01
3.383640646934509277e-01
4.981084465980529785e-01
2.095564007759094238e-01
6.015534400939941406e-01
4.165515005588531494e-01
3.509979844093322754e-01
3.772986531257629395e-01
4.797065854072570801e-01
2.810330986976623535e-01
4.710675179958343506e-01
3.390009701251983643e-01
8.516660891473293304e-04
1.656841635704040527e-01
4.034263789653778076e-01
2.536617219448089600e-01
4.091286659240722656e-01
3.616293072700500488e-01
1.355686187744140625e-01
5.733049511909484863e-01
5.620164871215820312e-01
4.952147006988525391e-01
1.348325051367282867e-02
1.993161141872406006e-01
5.908263921737670898e-01
4.461445212364196777e-01
1.879494935274124146e-01
6.410361528396606445e-01
7.607148289680480957e-01
5.327529311180114746e-01
4.052011072635650635e-01
3.534664809703826904e-01
3.988321423530578613e-01
3.709560334682464600e-01
5.276811122894287109e-01
1.038703694939613342e-02
1.652194559574127197e-01
2.313559502363204956e-01
5.638465881347656250e-01
1.362737081944942474e-02
1.530134491622447968e-02
2.228388041257858276e-01
4.834852218627929688e-01
3.089421987533569336e-01
7.781922817230224609e-02
3.901990056037902832e-01
5.895729064941406250e-01
4.125782251358032227e-01
5.978603363037109375e-01
3.753212988376617432e-01
6.028703451156616211e-01
2.230992615222930908e-01
1.392765156924724579e-02
1.921437382698059082e-01
3.109513223171234131e-01
8.035007119178771973e-01
5.934021472930908203e-01
1.268220096826553345e-01
4.897052347660064697e-01
7.800918817520141602e-01
6.177825927734375000e-01
5.698121190071105957e-01
2.407364249229431152e-01
4.004991650581359863e-01
1.918988078832626343e-01
9.907829735311679542e-06
7.600885629653930664e-02
2.035568654537200928e-01
6.613554954528808594e-01
1.857630163431167603e-01
1.972693651914596558e-01
4.580551981925964355e-01
3.750498294830322266e-01
4.107487797737121582e-01
2.871517837047576904e-01
7.677777856588363647e-02
5.136613249778747559e-01
2.232520468533039093e-02
2.377685904502868652e-02
3.071251213550567627e-01
8.276613056659698486e-02
5.843679904937744141e-01
4.172830581665039062e-01
4.423510283231735229e-03
6.145366430282592773e-01
4.705530703067779541e-01
5.971882939338684082e-01
2.929479181766510010e-01
1.859579607844352722e-02
4.388929605484008789e-01
2.458886951208114624e-01
1.092272438108921051e-02
1.675271093845367432e-01
4.715292453765869141e-01
7.142143249511718750e-01
2.214343845844268799e-01
1.991169154644012451e-02
2.142671197652816772e-01
4.065901637077331543e-01
8.046122789382934570e-01
2.127286493778228760e-01
3.188851773738861084e-01
2.418062239885330200e-01
5.694451332092285156e-01
7.844557613134384155e-02
6.175234913825988770e-01
7.656994462013244629e-01
4.400627017021179199e-01
4.447856545448303223e-01
2.278338819742202759e-01
3.999424278736114502e-01
2.236392647027969360e-01
5.759456753730773926e-01
2.872355841100215912e-02
3.766009509563446045e-01
2.134094685316085815e-01
6.072121858596801758e-01
1.705958098173141479e-01
1.670621931552886963e-01
3.514092266559600830e-01
7.182492017745971680e-01
6.135843396186828613e-01
1.046388782560825348e-02
5.874693393707275391e-01
6.279381513595581055e-01
5.615539848804473877e-02
2.019032686948776245e-01
7.738925056344214681e-10
2.200387269258499146e-01
6.050544381141662598e-01
5.734454025514423847e-04
7.926547527313232422e-02
3.699139952659606934e-01
7.022291421890258789e-01
8.271205425262451172e-01
2.477688789367675781e-01
5.982560515403747559e-01
7.743156552314758301e-01
7.764590382575988770e-01
6.121979951858520508e-01
3.794842064380645752e-01
4.554608762264251709e-01
3.445177208050154150e-05
9.620509226806461811e-04
2.808657884597778320e-01
1.767977923154830933e-01
7.663806527853012085e-02
5.935442447662353516e-01
5.295392498373985291e-02
8.840953707695007324e-01
2.064533382654190063e-01
7.847808599472045898e-01
4.218800067901611328e-01
1.637439578771591187e-01
6.607744097709655762e-02
6.231255531311035156e-01
2.637022137641906738e-01
2.343852519989013672e-01
2.998289465904235840e-01
7.798100113868713379e-01
3.889949321746826172e-01
1.705265492200851440e-01
2.547677457332611084e-01
4.031863510608673096e-01
6.072067022323608398e-01
6.390598416328430176e-01
1.451081410050392151e-02
5.052680969238281250e-01
6.812394410371780396e-02
1.532423084427136928e-05
7.618955802172422409e-03
4.339957535266876221e-01
6.009482145309448242e-01
3.726176619529724121e-01
5.171934142708778381e-03
4.886060059070587158e-01
3.321449458599090576e-01
7.000551223754882812e-01
9.436789900064468384e-02
1.634329706430435181e-01
3.791218996047973633e-01
2.536708489060401917e-02
2.661058008670806885e-01
2.145917415618896484e-01
6.263499855995178223e-01
4.036018848419189453e-01
4.276707470417022705e-01
1.207196116447448730e-01
5.107016563415527344e-01
4.161495268344879150e-01
5.789929628372192383e-01
4.594429135322570801e-01
1.171947047114372253e-01
1.934779584407806396e-01
2.087403982877731323e-01
7.461944967508316040e-02
4.868792891502380371e-01
1.485336273908615112e-01
5.313479304313659668e-01
2.191491872072219849e-01
1.271184086799621582e-01
7.509399652481079102e-01
6.242417097091674805e-01
4.086134135723114014e-01
2.001986354589462280e-01
2.163801714777946472e-02
2.290496379137039185e-01
3.355733156204223633e-01
2.667168974876403809e-01
5.960736870765686035e-01
4.007807374000549316e-01
4.489747285842895508e-01
1.174379289150238037e-01
2.303310483694076538e-01
4.466986656188964844e-01
6.185926795005798340e-01
4.161389768123626709e-01
3.775250911712646484e-01
1.644258270971477032e-03
1.553492695093154907e-01
4.071651697158813477e-01
2.182287275791168213e-01
5.965070724487304688e-01
4.453879594802856445e-01
5.949147343635559082e-01
5.859070420265197754e-01
5.315919592976570129e-02
2.863652110099792480e-01
6.765450239181518555e-01
2.897849977016448975e-01
3.832553625106811523e-01
3.939697146415710449e-01
7.180182635784149170e-02
3.813667893409729004e-01
7.129477802664041519e-03
2.001955211162567139e-01
4.408286809921264648e-01
2.535161375999450684e-01
4.026973843574523926e-01
2.017577439546585083e-01
7.075810432434082031e-01
7.690289020538330078e-01
6.263148188591003418e-01
1.383697837591171265e-01
3.492257595062255859e-01
7.504409551620483398e-01
4.358701109886169434e-01
4.177425205707550049e-01
2.603269219398498535e-01
4.433823525905609131e-01
8.013014197349548340e-01
4.520673751831054688e-01
6.500807404518127441e-02
4.868738055229187012e-01
2.791875302791595459e-01
7.844310998916625977e-01
1.964869797229766846e-01
1.897479295730590820e-01
3.303894996643066406e-01
4.449120461940765381e-01
6.119606494903564453e-01
2.752826511859893799e-01
5.475528538227081299e-02
6.209393739700317383e-01
2.286703288555145264e-01
9.337764233350753784e-02
4.847482442855834961e-01
6.580429077148437500e-01
4.053321480751037598e-01
2.015203982591629028e-01
3.867274820804595947e-01
3.654227852821350098e-01
4.027794897556304932e-01
6.984660029411315918e-01
5.179888010025024414e-01
2.449093759059906006e-01
7.072763442993164062e-01
1.960911154747009277e-01
1.064005307853221893e-02
3.727250993251800537e-01
3.189426064491271973e-01
6.090861558914184570e-01
3.949621915817260742e-01
5.735412836074829102e-01
3.595656529068946838e-02
3.605843484401702881e-01
2.798463106155395508e-01
5.103523842990398407e-03
5.456368923187255859e-01
5.105688571929931641e-01
3.902662098407745361e-01
1.119074411690235138e-02
4.303762316703796387e-01
3.978776633739471436e-01
5.348404049873352051e-01
6.758405826985836029e-03
1.759075522422790527e-01
3.980102241039276123e-01
4.434231221675872803e-01
5.825852975249290466e-02
4.547677934169769287e-02
4.005037546157836914e-01
4.005626142024993896e-01
7.799918530508875847e-04
1.376607865095138550e-01
5.320577025413513184e-01
6.405200362205505371e-01
5.754971504211425781e-01
1.110435649752616882e-01
3.044477403163909912e-01
1.546763479709625244e-01
5.857471823692321777e-01
4.362559914588928223e-01
1.067007407546043396e-01
5.277577638626098633e-01
