6.843012041197373829e-01
8.039787777412968905e-01
3.595106006191911563e-01
4.131903098358844506e-01
7.735787839883414563e-01
7.063072080938861408e-01
7.869711942397631388e-01
7.282108690303105147e-01
7.505881380862914343e-01
8.518240347218054564e-01
6.633866948003952491e-01
7.819068397466952813e-01
7.885480901369681384e-01
9.158338675132164930e-01
3.877715799205291858e-01
3.963166474315639731e-01
3.831017673928552303e-01
7.884258796962407834e-01
8.804718416470748155e-01
8.530627695413736111e-01
6.930072139948606491e-01
9.448380424426152668e-01
8.689911411358759441e-01
8.433739451261667019e-01
8.488595943065144755e-01
7.845648158556566276e-01
7.859179592476441822e-01
6.612279599140733488e-01
9.644557283474848308e-01
8.919156070512074264e-01
9.567674215023334039e-01
9.064569931763869493e-01
9.437368695552532660e-01
9.577904389454767742e-01
9.747931269498971707e-01
8.990879086061165371e-01
9.201687184663919217e-01
6.736332863645377866e-01
6.084595037480959867e-01
7.381312126437058474e-01
7.315689866932538754e-01
5.814292739438747804e-01
7.143216535914689302e-01
7.847928162305973787e-01
8.167619804063668276e-01
7.717579489253694192e-01
7.225407416072602285e-01
7.697109438908787959e-01
7.704973899974272289e-01
9.057399951494656820e-01
7.134403693747187747e-01
9.324416220188140869e-01
5.875177995946544440e-01
8.501596794678614177e-01
9.328958690166473389e-01
8.265178478681124430e-01
9.150084291513149726e-01
9.188232009227459418e-01
8.049832982226059475e-01
8.727203235030174255e-01
7.142327591982939872e-01
9.199819642190749658e-01
6.484066826792863614e-01
9.055675302560513007e-01
8.720519196671935314e-01
9.346155776427342854e-01
9.738067480233999484e-01
8.693939018994569778e-01
8.867723778463326711e-01
7.366433443842772544e-01
9.440112893397991645e-01
9.211767407564016574e-01
9.693287840256323840e-01
9.693102469811072375e-01
9.623242341555081625e-01
6.896966664694795801e-01
8.899388711612957747e-01
8.124563016283971040e-01
9.111438989639282227e-01
8.602333487226412334e-01
8.218509688113744271e-01
8.014785204655848760e-01
9.273065787095290391e-01
8.378511988871301108e-01
6.574827965993720325e-01
8.803972145542502403e-01
9.195210543962625271e-01
9.334829999850347004e-01
8.444991908394373636e-01
9.021983860550860657e-01
8.219042615248606243e-01
9.659326397455655355e-01
9.120651804483853597e-01
9.661071346356318035e-01
8.526470219859709765e-01
8.392103317265326989e-01
9.154776609860934000e-01
9.061466730557955485e-01
9.081300542904779949e-01
9.648605722647446425e-01
9.538270097512465684e-01
