9.992342591285705566e-01
9.982718229293823242e-01
9.894319176673889160e-01
9.688413739204406738e-01
9.917211532592773438e-01
9.893123507499694824e-01
9.892662167549133301e-01
9.928485751152038574e-01
9.943968057632446289e-01
9.911785721778869629e-01
9.441765546798706055e-01
9.922335743904113770e-01
9.881936311721801758e-01
9.857281446456909180e-01
8.644580245018005371e-01
8.389787077903747559e-01
9.652292728424072266e-01
9.999463558197021484e-01
9.986711144447326660e-01
9.558925628662109375e-01
9.471927285194396973e-01
9.981319308280944824e-01
9.986864328384399414e-01
9.960647225379943848e-01
9.941441416740417480e-01
9.754415154457092285e-01
9.902242422103881836e-01
9.835118055343627930e-01
9.497073888778686523e-01
9.203617572784423828e-01
9.502441287040710449e-01
9.961133003234863281e-01
9.981854557991027832e-01
9.978792667388916016e-01
9.622103571891784668e-01
9.950017333030700684e-01
9.946621656417846680e-01
9.860059022903442383e-01
9.501675963401794434e-01
9.838138222694396973e-01
9.904330968856811523e-01
9.875373244285583496e-01
9.286719560623168945e-01
9.469321966171264648e-01
8.464586734771728516e-01
9.956452846527099609e-01
9.977886676788330078e-01
9.677069187164306641e-01
9.859427809715270996e-01
9.947127103805541992e-01
9.925215840339660645e-01
9.817054867744445801e-01
9.475697278976440430e-01
9.813178181648254395e-01
9.923471808433532715e-01
9.845840334892272949e-01
9.241508841514587402e-01
9.999669194221496582e-01
9.991744756698608398e-01
9.955163598060607910e-01
9.255069494247436523e-01
9.895552992820739746e-01
9.909261465072631836e-01
8.098129928112030029e-02
9.634854197502136230e-01
9.907580018043518066e-01
9.946000576019287109e-01
5.561800599098205566e-01
9.731289148330688477e-01
9.743869304656982422e-01
8.330706954002380371e-01
9.992108345031738281e-01
9.996724724769592285e-01
9.859740734100341797e-01
9.908761978149414062e-01
9.919601082801818848e-01
9.933790564537048340e-01
9.964502453804016113e-01
9.910548925399780273e-01
9.301577210426330566e-01
9.909438490867614746e-01
9.952089190483093262e-01
9.967966675758361816e-01
9.837486743927001953e-01
9.442680478096008301e-01
9.958624839782714844e-01
9.986456036567687988e-01
9.985982179641723633e-01
9.945947527885437012e-01
9.751357436180114746e-01
9.986044168472290039e-01
9.934965372085571289e-01
9.966337680816650391e-01
9.886154532432556152e-01
9.536151885986328125e-01
9.924899339675903320e-01
9.949498176574707031e-01
9.251869916915893555e-01
8.857868313789367676e-01
9.949431419372558594e-01
9.899618029594421387e-01
9.614731669425964355e-01
9.930398464202880859e-01
9.274882674217224121e-01
9.347420334815979004e-01
9.935259222984313965e-01
9.961205720901489258e-01
9.948674440383911133e-01
9.540976285934448242e-01
9.927616715431213379e-01
9.925980567932128906e-01
9.710001945495605469e-01
8.945895433425903320e-01
9.996197819709777832e-01
9.983264207839965820e-01
9.906190037727355957e-01
8.079276680946350098e-01
9.097732901573181152e-01
9.874701499938964844e-01
9.979470372200012207e-01
9.192618727684020996e-01
9.848942160606384277e-01
9.943950772285461426e-01
6.077869534492492676e-01
9.789761900901794434e-01
9.782482385635375977e-01
8.134171962738037109e-01
9.996864199638366699e-01
9.985873103141784668e-01
9.934567213058471680e-01
9.128623008728027344e-01
9.505355358123779297e-01
9.892340898513793945e-01
9.985884428024291992e-01
9.825980663299560547e-01
9.870992898941040039e-01
9.958664774894714355e-01
9.932298064231872559e-01
9.855504035949707031e-01
9.861318469047546387e-01
9.108806252479553223e-01
9.987592101097106934e-01
9.991631507873535156e-01
9.955154061317443848e-01
9.505339264869689941e-01
9.606800675392150879e-01
9.881604313850402832e-01
9.996924996376037598e-01
9.923937916755676270e-01
9.973434209823608398e-01
9.991273880004882812e-01
9.933574795722961426e-01
9.988412261009216309e-01
9.480812549591064453e-01
9.571989774703979492e-01
9.996718764305114746e-01
9.990733861923217773e-01
9.953880906105041504e-01
8.537694215774536133e-01
9.668899178504943848e-01
9.887581467628479004e-01
9.900851845741271973e-01
9.834738373756408691e-01
9.919370412826538086e-01
9.915760755538940430e-01
9.922138452529907227e-01
9.557284116744995117e-01
8.171988725662231445e-01
9.126549363136291504e-01
9.993678331375122070e-01
9.970682859420776367e-01
9.831929802894592285e-01
9.416291713714599609e-01
9.912195801734924316e-01
9.816271066665649414e-01
9.437376260757446289e-01
9.926888346672058105e-01
9.982225894927978516e-01
9.893437623977661133e-01
9.423320293426513672e-01
9.944291710853576660e-01
9.929196834564208984e-01
9.232543110847473145e-01
9.996932148933410645e-01
9.985558390617370605e-01
9.933402538299560547e-01
9.319019913673400879e-01
9.858520627021789551e-01
9.831057190895080566e-01
9.656879305839538574e-01
9.919075369834899902e-01
9.930138587951660156e-01
9.951388835906982422e-01
9.869980216026306152e-01
9.897012114524841309e-01
9.947046041488647461e-01
9.989187121391296387e-01
9.993405938148498535e-01
9.946717619895935059e-01
9.512252807617187500e-01
9.905644059181213379e-01
9.927086830139160156e-01
9.832820892333984375e-01
9.804395437240600586e-01
9.924574494361877441e-01
9.940295815467834473e-01
9.762032628059387207e-01
9.103292822837829590e-01
9.756814241409301758e-01
9.918723106384277344e-01
9.330194592475891113e-01
9.986147880554199219e-01
9.948611855506896973e-01
9.284974336624145508e-01
9.912846684455871582e-01
9.909780025482177734e-01
9.871505498886108398e-01
9.925929307937622070e-01
9.934017658233642578e-01
9.940945506095886230e-01
9.874336123466491699e-01
8.686267733573913574e-01
9.871425032615661621e-01
9.943272471427917480e-01
9.888432621955871582e-01
