3.983933925628662109e-01
3.324532806873321533e-01
3.922137431800365448e-03
3.868385255336761475e-01
1.680670529603958130e-01
3.835072517395019531e-01
2.140792757272720337e-01
5.982754826545715332e-01
3.608874976634979248e-01
5.890309810638427734e-01
4.407512545585632324e-01
2.158537507057189941e-03
4.659534096717834473e-01
5.851771235466003418e-01
5.900009870529174805e-01
4.128371365368366241e-04
1.075514629483222961e-01
4.002397656440734863e-01
2.954626269638538361e-02
7.816106826066970825e-02
1.980050206184387207e-01
4.159491360187530518e-01
2.332242578268051147e-01
2.271443456411361694e-01
2.958374656736850739e-02
1.351071894168853760e-02
1.243669688701629639e-01
8.803450465202331543e-01
3.902394175529479980e-01
4.125194251537322998e-01
7.310841232538223267e-02
5.734273195266723633e-01
3.756789863109588623e-01
1.275090128183364868e-02
2.350343316793441772e-01
2.292357832193374634e-01
7.537311315536499023e-01
6.056565642356872559e-01
2.891671955585479736e-01
1.983947306871414185e-01
4.089168608188629150e-01
7.700649499893188477e-01
2.797044217586517334e-01
3.801778852939605713e-01
4.121979475021362305e-01
3.655335605144500732e-01
5.769201517105102539e-01
3.197994530200958252e-01
3.294903039932250977e-01
2.812655828893184662e-02
5.795034766197204590e-01
2.103146463632583618e-01
8.034902811050415039e-01
3.674007952213287354e-01
2.518765032291412354e-01
5.930002927780151367e-01
6.425555944442749023e-01
8.011959791183471680e-01
2.030858844518661499e-01
4.013999104499816895e-01
1.721874922513961792e-01
3.022450506687164307e-01
2.001728117465972900e-01
5.663372576236724854e-02
4.345501661300659180e-01
5.209184885025024414e-01
2.378689944744110107e-01
2.911748588085174561e-01
2.656396105885505676e-02
5.904554128646850586e-01
4.612263739109039307e-01
6.006630659103393555e-01
2.086470127105712891e-01
7.542055100202560425e-03
1.574920415878295898e-01
5.855560898780822754e-01
1.784467101097106934e-01
4.236847162246704102e-01
6.017430424690246582e-01
2.131130099296569824e-01
2.452662140130996704e-01
8.524369448423385620e-03
4.080901443958282471e-01
4.303539693355560303e-01
5.398421883583068848e-01
4.287481009960174561e-01
5.408085882663726807e-02
1.127356849610805511e-02
4.365330189466476440e-02
3.553424775600433350e-01
2.303987741470336914e-01
3.975752592086791992e-01
5.720762014389038086e-01
5.022296309471130371e-01
7.502591609954833984e-02
2.773418426513671875e-01
2.328671962022781372e-01
4.835070967674255371e-01
5.574606060981750488e-01
4.282191693782806396e-01
1.513754948973655701e-03
1.903272271156311035e-01
2.019374966621398926e-01
3.882431387901306152e-01
3.196729719638824463e-01
4.159079790115356445e-01
6.024627089500427246e-01
5.852004885673522949e-01
1.970294266939163208e-01
3.652518987655639648e-02
3.279978036880493164e-01
3.622002005577087402e-01
3.028472065925598145e-01
4.309402108192443848e-01
4.052066802978515625e-01
4.820040427148342133e-03
7.144482135772705078e-01
5.432120561599731445e-01
3.018471002578735352e-01
2.334486246109008789e-01
2.623447179794311523e-01
3.159016072750091553e-01
9.717861413955688477e-01
9.478490799665451050e-02
2.970209531486034393e-02
2.579430341720581055e-01
3.100726008415222168e-01
4.064854979515075684e-01
3.801981806755065918e-01
7.250983733683824539e-03
6.043751239776611328e-01
2.114068418741226196e-01
3.328951001167297363e-01
1.003799587488174438e-02
2.257409989833831787e-01
1.114349812269210815e-01
4.036331474781036377e-01
2.687104279175400734e-03
9.887936525046825409e-03
5.675375461578369141e-01
2.139578759670257568e-01
2.119258344173431396e-01
2.489031851291656494e-01
1.436445564031600952e-01
3.970080018043518066e-01
7.666798233985900879e-01
2.575327157974243164e-01
3.998448550701141357e-01
3.519187569618225098e-01
2.499558031558990479e-01
2.144565731287002563e-01
2.542399168014526367e-01
4.637059755623340607e-03
2.173878848552703857e-01
2.426351755857467651e-01
8.148632645606994629e-01
1.998199224472045898e-01
7.875891029834747314e-02
2.840883433818817139e-01
2.647653520107269287e-01
8.040292561054229736e-02
3.937933146953582764e-01
5.299060344696044922e-01
8.417569398880004883e-01
7.625552415847778320e-01
2.310750074684619904e-03
5.098624229431152344e-01
7.015418410301208496e-01
8.623985648155212402e-01
3.452669382095336914e-01
1.610833406448364258e-01
1.795356124639511108e-01
5.975258350372314453e-01
4.522359371185302734e-01
2.000016421079635620e-01
2.354513406753540039e-01
5.460004806518554688e-01
7.533070445060729980e-01
4.747951626777648926e-01
6.790915727615356445e-01
1.348843425512313843e-01
8.883291482925415039e-01
6.786879897117614746e-01
2.030849009752273560e-01
5.990368723869323730e-01
9.122761548496782780e-05
3.985741734504699707e-01
1.325125247240066528e-01
4.740783870220184326e-01
2.635254859924316406e-01
2.146956771612167358e-01
6.307537555694580078e-01
3.524888753890991211e-01
3.794245719909667969e-01
2.175275934860110283e-03
5.023723244667053223e-01
6.145849227905273438e-01
5.999053120613098145e-01
5.725305527448654175e-02
1.761337220668792725e-01
5.866957902908325195e-01
1.727039217948913574e-01
3.659298121929168701e-01
4.634026288986206055e-01
4.240483641624450684e-01
8.031104803085327148e-01
6.543055772781372070e-01
3.750159442424774170e-01
8.229915797710418701e-02
5.847353339195251465e-01
3.593202531337738037e-01
7.592972517013549805e-01
3.988114595413208008e-01
2.673594355583190918e-01
3.919269442558288574e-01
4.462331831455230713e-01
4.112695157527923584e-01
5.980782508850097656e-01
3.891900181770324707e-01
8.393844366073608398e-01
6.633316278457641602e-01
3.638338446617126465e-01
1.973665654659271240e-01
5.207259058952331543e-01
4.038724303245544434e-01
