9.442953467369079590e-01
9.993934631347656250e-01
8.987571001052856445e-01
9.281823635101318359e-01
9.585255384445190430e-01
9.896090626716613770e-01
9.888411164283752441e-01
9.913378953933715820e-01
8.929614424705505371e-01
9.511870741844177246e-01
9.966579675674438477e-01
9.371491670608520508e-01
9.587358236312866211e-01
4.429053664207458496e-01
9.994215965270996094e-01
9.919191598892211914e-01
9.857523441314697266e-01
2.069405019283294678e-01
9.813935756683349609e-01
9.940861463546752930e-01
6.564094424247741699e-01
8.956774473190307617e-01
9.541321992874145508e-01
9.558671712875366211e-01
9.403233528137207031e-01
9.775847196578979492e-01
5.439436808228492737e-02
8.802163414657115936e-03
9.996560215950012207e-01
3.919980674982070923e-02
4.338219389319419861e-02
9.996907711029052734e-01
6.398143172264099121e-01
9.062515497207641602e-01
2.280518561601638794e-01
9.965487122535705566e-01
9.998264908790588379e-01
9.975659251213073730e-01
9.983525872230529785e-01
3.054147958755493164e-02
2.289400398731231689e-01
9.995274543762207031e-01
1.646527275443077087e-02
2.162945270538330078e-01
9.945498108863830566e-01
1.104448512196540833e-01
1.961672008037567139e-01
8.906677961349487305e-01
9.850781559944152832e-01
9.998292922973632812e-01
9.999300241470336914e-01
9.843350648880004883e-01
8.069030642509460449e-01
3.497256664559245110e-03
9.996287822723388672e-01
6.571072340011596680e-01
8.028138279914855957e-01
9.925609827041625977e-01
9.605370163917541504e-01
9.921591281890869141e-01
9.771385788917541504e-01
9.781327843666076660e-01
9.981249570846557617e-01
9.781001806259155273e-01
9.973246455192565918e-01
1.848724088631570339e-03
2.551889978349208832e-03
9.988323450088500977e-01
7.922133207321166992e-01
2.332743108272552490e-01
5.293844267725944519e-02
5.868568420410156250e-01
4.167980849742889404e-01
1.586006283760070801e-01
3.607810288667678833e-02
7.384511083364486694e-02
9.091361165046691895e-01
4.707783460617065430e-01
8.671678602695465088e-03
3.094464773312211037e-03
9.997999072074890137e-01
8.966217041015625000e-01
2.741689682006835938e-01
7.306111603975296021e-02
9.936348795890808105e-01
4.916928112506866455e-01
2.705080211162567139e-01
9.948677420616149902e-01
9.954677224159240723e-01
9.076873958110809326e-02
8.898411393165588379e-01
1.496661454439163208e-02
8.854088783264160156e-01
9.997578859329223633e-01
1.865037828683853149e-01
1.014581248164176941e-01
7.108420729637145996e-01
9.945453405380249023e-01
2.882058620452880859e-01
4.737639334052801132e-03
9.835135936737060547e-01
9.998295307159423828e-01
9.998530149459838867e-01
5.327910557389259338e-02
3.449431657791137695e-01
9.226275682449340820e-01
9.997899532318115234e-01
7.668337821960449219e-01
3.970946073532104492e-01
7.734028100967407227e-01
9.920283555984497070e-01
7.699204683303833008e-01
9.875172972679138184e-01
9.817112684249877930e-01
9.951753020286560059e-01
9.974551796913146973e-01
9.975711107254028320e-01
8.857738971710205078e-02
7.252321392297744751e-02
9.996952414512634277e-01
9.417939186096191406e-01
9.380093812942504883e-01
7.395129799842834473e-01
9.907736182212829590e-01
9.997233152389526367e-01
9.957260489463806152e-01
9.912809729576110840e-01
9.562016725540161133e-01
9.858328700065612793e-01
9.995688796043395996e-01
5.351454615592956543e-01
7.846472263336181641e-01
9.997985363006591797e-01
9.798353314399719238e-01
7.007734179496765137e-01
9.381002187728881836e-01
9.910925030708312988e-01
9.309381246566772461e-01
9.933951497077941895e-01
9.812514185905456543e-01
9.830669164657592773e-01
8.605958819389343262e-01
8.614547252655029297e-01
8.253711462020874023e-01
9.616947174072265625e-01
9.951122403144836426e-01
6.360154151916503906e-01
1.518104597926139832e-02
2.230051755905151367e-01
9.857155084609985352e-01
9.586898684501647949e-01
9.913718700408935547e-01
9.842880964279174805e-01
9.498281478881835938e-01
9.834634661674499512e-01
5.847239494323730469e-01
9.384942650794982910e-01
9.595072865486145020e-01
9.993289113044738770e-01
9.928119182586669922e-01
9.881939291954040527e-01
2.482144683599472046e-01
9.862815737724304199e-01
9.935014843940734863e-01
7.054926156997680664e-01
2.302291542291641235e-01
9.574434757232666016e-01
9.759329557418823242e-01
9.285745024681091309e-01
8.409697413444519043e-01
9.917540550231933594e-01
9.904028773307800293e-01
9.862962365150451660e-01
6.861098110675811768e-02
9.786568880081176758e-01
9.941312670707702637e-01
9.949201345443725586e-01
9.910438656806945801e-01
9.572123289108276367e-01
9.930793642997741699e-01
9.856895804405212402e-01
9.824652671813964844e-01
9.989056587219238281e-01
2.601461485028266907e-03
9.976732730865478516e-01
4.505094140768051147e-02
5.511911958456039429e-02
7.347862720489501953e-01
9.604942798614501953e-01
9.845621585845947266e-01
5.308716371655464172e-02
7.463872432708740234e-01
8.527350425720214844e-01
9.883662462234497070e-01
1.001378595829010010e-01
4.778360947966575623e-02
3.634960576891899109e-02
9.960789680480957031e-01
3.735964000225067139e-02
3.620417788624763489e-02
9.963319897651672363e-01
5.812627822160720825e-02
9.726172089576721191e-01
3.925732076168060303e-01
9.914702177047729492e-01
9.964841604232788086e-01
9.969484210014343262e-01
9.966549277305603027e-01
4.128953814506530762e-01
1.400023698806762695e-01
9.950157999992370605e-01
7.112019062042236328e-01
6.681332737207412720e-02
9.892483353614807129e-01
2.833141088485717773e-01
4.557852745056152344e-01
4.984989166259765625e-01
9.771648049354553223e-01
9.990956187248229980e-01
9.999383687973022461e-01
9.988348484039306641e-01
9.921712279319763184e-01
1.778127043507993221e-03
9.887555241584777832e-01
9.989330768585205078e-01
8.637660145759582520e-01
5.076555535197257996e-02
5.800899267196655273e-01
9.865605831146240234e-01
9.028959274291992188e-02
1.402685046195983887e-01
9.949427843093872070e-02
9.889424443244934082e-01
1.503392755985260010e-01
9.902260899543762207e-01
5.150789860635995865e-03
9.923719763755798340e-01
9.505643248558044434e-01
1.447508335113525391e-01
5.379036068916320801e-02
9.896491169929504395e-01
1.905908733606338501e-01
1.408255249261856079e-01
9.912933707237243652e-01
9.921471476554870605e-01
2.052378505468368530e-01
2.522544860839843750e-01
6.405940055847167969e-01
9.159116148948669434e-01
9.960013031959533691e-01
9.394518733024597168e-01
9.380408525466918945e-01
9.790334701538085938e-01
9.884694814682006836e-01
9.936649203300476074e-01
3.414462804794311523e-01
9.724762439727783203e-01
9.997351765632629395e-01
9.990321397781372070e-01
7.612504065036773682e-02
9.709267616271972656e-01
6.728544831275939941e-01
9.948015213012695312e-01
9.696217179298400879e-01
9.605384469032287598e-01
5.653694868087768555e-01
9.837020635604858398e-01
9.807792305946350098e-01
9.898469448089599609e-01
9.686418771743774414e-01
9.985390305519104004e-01
9.980857372283935547e-01
9.988222122192382812e-01
9.893552064895629883e-01
1.584097295999526978e-01
9.898014068603515625e-01
9.801484942436218262e-01
9.638111591339111328e-01
2.759642302989959717e-01
9.809840321540832520e-01
9.975971579551696777e-01
9.900817275047302246e-01
9.829917550086975098e-01
9.844306111335754395e-01
9.885883927345275879e-01
9.973942637443542480e-01
9.653028845787048340e-01
8.444607257843017578e-01
9.952273964881896973e-01
9.217815995216369629e-01
9.383921027183532715e-01
9.457883238792419434e-01
9.854755997657775879e-01
9.875537157058715820e-01
9.834067225456237793e-01
9.628430008888244629e-01
9.790222644805908203e-01
9.437365531921386719e-01
8.364647030830383301e-01
6.339358091354370117e-01
9.583091139793395996e-01
9.907066226005554199e-01
9.702309966087341309e-01
9.608157277107238770e-01
9.453018307685852051e-01
9.660584926605224609e-01
9.826267957687377930e-01
9.846781492233276367e-01
9.860737919807434082e-01
9.110850095748901367e-01
9.500361084938049316e-01
7.987234592437744141e-01
9.860775470733642578e-01
1.412107497453689575e-01
9.932242631912231445e-01
9.922822117805480957e-01
9.861168861389160156e-01
8.825874328613281250e-01
9.723958969116210938e-01
9.798442721366882324e-01
5.960935354232788086e-01
7.019584774971008301e-01
9.341942667961120605e-01
9.731967449188232422e-01
9.203729033470153809e-01
9.988424777984619141e-01
9.838708639144897461e-01
9.460684657096862793e-01
9.990556240081787109e-01
9.731003046035766602e-01
9.504521489143371582e-01
9.506915211677551270e-01
9.889219999313354492e-01
9.827725887298583984e-01
9.856839776039123535e-01
9.584539532661437988e-01
9.874604940414428711e-01
9.721082448959350586e-01
9.895351529121398926e-01
9.925433397293090820e-01
9.909452199935913086e-01
9.919075965881347656e-01
9.763305783271789551e-01
9.898734688758850098e-01
3.861968815326690674e-01
9.661310911178588867e-01
9.857155680656433105e-01
9.928182363510131836e-01
9.951924681663513184e-01
9.291371703147888184e-01
9.643344879150390625e-01
9.901255965232849121e-01
9.785085320472717285e-01
9.873650074005126953e-01
6.305834650993347168e-02
2.941884158644825220e-04
9.275770783424377441e-01
8.740468323230743408e-02
3.769775107502937317e-02
2.412450313568115234e-02
1.594929993152618408e-01
5.489439144730567932e-02
2.838637828826904297e-01
1.428240984678268433e-01
9.252372384071350098e-01
9.805334210395812988e-01
9.911809563636779785e-01
9.746460914611816406e-01
9.921531677246093750e-01
9.822266101837158203e-01
9.928609132766723633e-01
9.965832233428955078e-01
9.848661422729492188e-01
9.850085973739624023e-01
9.986373782157897949e-01
9.850963354110717773e-01
9.880290627479553223e-01
9.929988980293273926e-01
9.779884219169616699e-01
8.506336212158203125e-01
9.847571849822998047e-01
9.975389242172241211e-01
9.042028784751892090e-01
9.759039282798767090e-01
9.897877573966979980e-01
9.886990189552307129e-01
9.908654689788818359e-01
9.975526928901672363e-01
9.882687330245971680e-01
9.725993871688842773e-01
9.934375286102294922e-01
9.844757318496704102e-01
3.452044427394866943e-01
9.571014046669006348e-01
9.996656179428100586e-01
9.495726823806762695e-01
9.792966842651367188e-01
9.715450406074523926e-01
9.981074333190917969e-01
9.845710396766662598e-01
9.809140563011169434e-01
9.869046807289123535e-01
9.840891957283020020e-01
9.360194206237792969e-01
9.798598885536193848e-01
9.921875000000000000e-01
9.869399070739746094e-01
9.957008361816406250e-01
9.990826249122619629e-01
9.749361276626586914e-01
9.906622171401977539e-01
9.898653030395507812e-01
9.562475085258483887e-01
9.996002912521362305e-01
9.979895353317260742e-01
8.492854237556457520e-01
9.875223636627197266e-01
9.777684211730957031e-01
9.857837557792663574e-01
9.845752716064453125e-01
9.946773648262023926e-01
7.783429622650146484e-01
9.703817367553710938e-01
9.904633164405822754e-01
9.927768707275390625e-01
9.752491116523742676e-01
9.964465498924255371e-01
9.934844970703125000e-01
9.910199046134948730e-01
9.925758242607116699e-01
9.794176816940307617e-01
1.994616240262985229e-01
9.077284336090087891e-01
9.987812042236328125e-01
9.266481399536132812e-01
9.129093885421752930e-01
9.701272249221801758e-01
9.894001483917236328e-01
9.906100630760192871e-01
9.968529343605041504e-01
9.879399538040161133e-01
9.976180791854858398e-01
9.895324707031250000e-01
9.795445203781127930e-01
9.787652492523193359e-01
6.438973546028137207e-01
9.990099072456359863e-01
9.766727089881896973e-01
9.593428373336791992e-01
9.778978228569030762e-01
9.894939661026000977e-01
9.980337023735046387e-01
9.699729084968566895e-01
9.567438960075378418e-01
9.997681379318237305e-01
9.597678184509277344e-01
9.794960021972656250e-01
9.923868775367736816e-01
9.903651475906372070e-01
9.826300740242004395e-01
8.684031963348388672e-01
9.755929708480834961e-01
9.651966094970703125e-01
3.080673217773437500e-01
4.557355046272277832e-01
9.390963912010192871e-01
9.667002558708190918e-01
9.102499485015869141e-01
9.907447695732116699e-01
9.731513261795043945e-01
8.699671626091003418e-01
9.828915596008300781e-01
9.922758340835571289e-01
9.268016815185546875e-01
7.940300703048706055e-01
9.840328097343444824e-01
9.856037497520446777e-01
9.308213591575622559e-01
8.427283763885498047e-01
9.882434606552124023e-01
9.376794695854187012e-01
9.994173645973205566e-01
9.992553591728210449e-01
9.864044785499572754e-01
9.763854742050170898e-01
9.992754459381103516e-01
1.871389895677566528e-02
1.640194207429885864e-01
9.741899967193603516e-01
9.994359016418457031e-01
1.506246440112590790e-02
7.849239557981491089e-02
9.920777082443237305e-01
9.993374347686767578e-01
9.992877244949340820e-01
9.869512915611267090e-01
9.894376993179321289e-01
5.281546115875244141e-01
9.892077445983886719e-01
3.129645437002182007e-02
4.052442498505115509e-03
2.417219569906592369e-03
6.985134631395339966e-02
2.565111778676509857e-02
9.810359776020050049e-02
4.035860598087310791e-01
9.876075387001037598e-02
9.991871714591979980e-01
9.868565797805786133e-01
9.752639532089233398e-01
9.653449654579162598e-01
9.880341291427612305e-01
7.128173708915710449e-01
9.765568971633911133e-01
9.893755316734313965e-01
7.001622319221496582e-01
9.581589698791503906e-01
9.906451702117919922e-01
9.879891872406005859e-01
9.831699728965759277e-01
9.992038607597351074e-01
9.880753159523010254e-01
9.761081933975219727e-01
2.111410051584243774e-01
9.695528149604797363e-01
9.987308979034423828e-01
3.313062787055969238e-01
9.682899117469787598e-01
9.948302507400512695e-01
9.900234341621398926e-01
6.286080479621887207e-01
9.888017177581787109e-01
9.958654642105102539e-01
9.993486404418945312e-01
9.892463684082031250e-01
9.767093658447265625e-01
3.227701038122177124e-02
1.280003339052200317e-01
9.987837076187133789e-01
6.734012067317962646e-02
9.536315798759460449e-01
9.990352392196655273e-01
1.002039760351181030e-01
2.062957733869552612e-01
9.833298921585083008e-01
9.995572566986083984e-01
9.994188547134399414e-01
9.881118535995483398e-01
9.775833487510681152e-01
1.591441184282302856e-01
9.877294898033142090e-01
9.997523427009582520e-01
4.931889474391937256e-01
2.475088834762573242e-01
9.997618198394775391e-01
2.095330506563186646e-01
1.422663917765021324e-03
2.714238129556179047e-02
9.998472332954406738e-01
9.993544220924377441e-01
9.872308969497680664e-01
9.747087359428405762e-01
9.263905882835388184e-01
9.884820580482482910e-01
9.897374510765075684e-01
5.009095072746276855e-01
9.609810113906860352e-01
1.939928084611892700e-01
9.930022358894348145e-01
9.965121150016784668e-01
9.816343188285827637e-01
8.296779394149780273e-01
9.993095397949218750e-01
9.854820370674133301e-01
9.739913344383239746e-01
6.836014986038208008e-01
9.875097870826721191e-01
9.882150292396545410e-01
7.508170604705810547e-01
4.044479429721832275e-01
9.793242216110229492e-01
9.519585371017456055e-01
9.725139141082763672e-01
9.896166324615478516e-01
9.986363053321838379e-01
9.992997050285339355e-01
9.896962046623229980e-01
9.772836565971374512e-01
1.487613320350646973e-01
9.835409522056579590e-01
9.992394447326660156e-01
7.839295268058776855e-01
7.804355621337890625e-01
9.771304130554199219e-01
9.988905191421508789e-01
1.125634089112281799e-02
8.113468885421752930e-01
9.979292154312133789e-01
9.989202618598937988e-01
9.842824935913085938e-01
9.742063283920288086e-01
9.710658192634582520e-01
9.881121516227722168e-01
9.818992018699645996e-01
4.523798823356628418e-01
9.071695208549499512e-01
1.457550078630447388e-01
9.659430384635925293e-01
1.018406897783279419e-01
4.195942357182502747e-02
1.271376311779022217e-01
9.987775087356567383e-01
9.810106158256530762e-01
9.645819067955017090e-01
9.707555174827575684e-01
9.850233197212219238e-01
9.553854465484619141e-01
9.598021507263183594e-01
9.360418319702148438e-01
9.770647883415222168e-01
1.662780344486236572e-01
9.059021472930908203e-01
4.289284944534301758e-01
8.104373216629028320e-01
9.874043464660644531e-01
9.889999628067016602e-01
9.885606169700622559e-01
9.956422448158264160e-01
9.885283112525939941e-01
9.964742064476013184e-01
5.370581522583961487e-02
9.772076606750488281e-01
3.095974028110504150e-01
9.882907867431640625e-01
9.967643618583679199e-01
9.967125654220581055e-01
9.882439970970153809e-01
9.193041920661926270e-01
9.890286326408386230e-01
9.821805953979492188e-01
9.943329095840454102e-01
9.749398827552795410e-01
9.953325390815734863e-01
9.663700461387634277e-01
9.538699388504028320e-01
5.585925579071044922e-01
9.910526275634765625e-01
9.964302778244018555e-01
9.814307689666748047e-01
5.785642266273498535e-01
9.941096305847167969e-01
9.948304891586303711e-01
9.813661575317382812e-01
7.853904739022254944e-03
9.691879153251647949e-01
9.964736104011535645e-01
3.527095019817352295e-01
9.493967890739440918e-01
9.965211153030395508e-01
5.045925974845886230e-01
9.869909882545471191e-01
9.835510849952697754e-01
9.951387047767639160e-01
9.908663034439086914e-01
9.922972917556762695e-01
9.825656414031982422e-01
9.933255910873413086e-01
9.291446208953857422e-01
9.945547580718994141e-01
9.956382513046264648e-01
9.459496736526489258e-01
9.932608604431152344e-01
9.946741461753845215e-01
9.953035116195678711e-01
9.005935788154602051e-01
9.822391867637634277e-01
6.038345098495483398e-01
9.613299965858459473e-01
9.788069128990173340e-01
9.961081147193908691e-01
6.703020930290222168e-01
9.383058547973632812e-01
9.967189431190490723e-01
5.049161985516548157e-02
4.853749871253967285e-01
9.886032938957214355e-01
9.971145987510681152e-01
9.972093105316162109e-01
7.268459349870681763e-02
9.855278730392456055e-01
9.893078207969665527e-01
9.488903284072875977e-01
9.918847084045410156e-01
9.747719764709472656e-01
9.837579727172851562e-01
9.943839311599731445e-01
9.698631167411804199e-01
9.593548774719238281e-01
9.921482205390930176e-01
9.961834549903869629e-01
9.884040355682373047e-01
9.861139655113220215e-01
9.920602440834045410e-01
9.927514791488647461e-01
9.818350672721862793e-01
7.859919667243957520e-01
9.454467296600341797e-01
9.951026439666748047e-01
4.979613125324249268e-01
5.456918850541114807e-02
9.573062062263488770e-01
9.925929903984069824e-01
9.627252817153930664e-01
9.710728526115417480e-01
9.937707781791687012e-01
9.870717525482177734e-01
9.881471395492553711e-01
9.799594283103942871e-01
9.899021983146667480e-01
9.736180305480957031e-01
9.886903762817382812e-01
9.905706644058227539e-01
9.743093252182006836e-01
8.884009718894958496e-01
9.847981929779052734e-01
9.764193296432495117e-01
7.975186705589294434e-01
9.880695939064025879e-01
9.151831865310668945e-01
9.762308597564697266e-01
9.794005155563354492e-01
9.955306649208068848e-01
1.774848252534866333e-01
9.602643847465515137e-01
9.960761070251464844e-01
9.899430274963378906e-01
7.984983175992965698e-02
1.513583362102508545e-01
9.792532920837402344e-01
9.942302107810974121e-01
9.437579512596130371e-01
9.878647923469543457e-01
9.892721176147460938e-01
9.498982429504394531e-01
9.865550994873046875e-01
9.801799058914184570e-01
9.784728288650512695e-01
9.848186969757080078e-01
2.141116261482238770e-01
9.710468649864196777e-01
9.463730454444885254e-01
9.910309910774230957e-01
9.855086207389831543e-01
8.670205622911453247e-02
9.798031449317932129e-01
9.791426062583923340e-01
9.756494164466857910e-01
9.949805736541748047e-01
9.666796922683715820e-01
9.848367571830749512e-01
9.802463054656982422e-01
9.903783202171325684e-01
8.001153469085693359e-01
9.730449318885803223e-01
9.987632632255554199e-01
9.996908307075500488e-01
9.998733997344970703e-01
9.908086657524108887e-01
9.809455871582031250e-01
9.839786887168884277e-01
9.931890964508056641e-01
9.951039552688598633e-01
9.818258881568908691e-01
8.083744049072265625e-01
3.573894202709197998e-01
7.486117631196975708e-02
2.728082239627838135e-02
6.362626701593399048e-02
2.163918912410736084e-01
8.613368868827819824e-02
7.174558043479919434e-01
9.784564971923828125e-01
9.779845476150512695e-01
9.969162344932556152e-01
1.364741176366806030e-01
9.156618714332580566e-01
9.933102130889892578e-01
2.756284922361373901e-02
1.772140711545944214e-02
9.941502213478088379e-01
1.458706408739089966e-01
9.945769309997558594e-01
9.878984093666076660e-01
9.841147661209106445e-01
9.759793877601623535e-01
9.749856591224670410e-01
9.923461675643920898e-01
9.583536386489868164e-01
8.198529481887817383e-01
9.630187749862670898e-01
9.929105043411254883e-01
4.191963467746973038e-03
9.598478078842163086e-01
9.997350573539733887e-01
9.898660778999328613e-01
4.997535422444343567e-02
9.358367919921875000e-01
9.789597988128662109e-01
9.758328199386596680e-01
9.954933524131774902e-01
9.829365611076354980e-01
9.748967289924621582e-01
9.796363711357116699e-01
9.941443204879760742e-01
9.859131574630737305e-01
9.481729269027709961e-01
9.602745175361633301e-01
9.925271868705749512e-01
6.023034453392028809e-01
9.886243343353271484e-01
9.787457585334777832e-01
9.780145287513732910e-01
9.921675920486450195e-01
5.938219428062438965e-01
9.781098961830139160e-01
9.870776534080505371e-01
9.998382329940795898e-01
9.863058924674987793e-01
1.637276262044906616e-01
5.111604332923889160e-01
9.930317401885986328e-01
1.867959797382354736e-01
5.753707289695739746e-01
9.768722653388977051e-01
9.752955436706542969e-01
9.964452981948852539e-01
9.653691649436950684e-01
8.279404044151306152e-01
9.905365705490112305e-01
7.409196496009826660e-01
6.313841342926025391e-01
9.804453253746032715e-01
9.825430512428283691e-01
9.753811359405517578e-01
9.522255063056945801e-01
5.410907045006752014e-02
7.727197557687759399e-02
9.383741617202758789e-01
9.933211803436279297e-01
9.505444765090942383e-02
2.003130037337541580e-03
9.703271985054016113e-01
4.059448540210723877e-01
5.665328353643417358e-02
6.667000055313110352e-01
9.490650892257690430e-01
9.643338322639465332e-01
2.925163805484771729e-01
9.622895717620849609e-01
9.778994917869567871e-01
9.772996306419372559e-01
9.944429397583007812e-01
9.890577197074890137e-01
4.010748863220214844e-01
9.823108315467834473e-01
9.927425384521484375e-01
9.936044216156005859e-01
8.487001806497573853e-02
9.590675234794616699e-01
9.940055012702941895e-01
9.842637777328491211e-01
9.930158257484436035e-01
9.818606972694396973e-01
9.731676578521728516e-01
9.518721103668212891e-01
9.860765337944030762e-01
9.884813427925109863e-01
9.742102622985839844e-01
9.902255535125732422e-01
9.674025774002075195e-01
6.682758927345275879e-01
8.756439685821533203e-01
9.860987663269042969e-01
9.810745120048522949e-01
9.922733306884765625e-01
9.852925539016723633e-01
9.746890664100646973e-01
9.882242083549499512e-01
9.698565602302551270e-01
9.752266407012939453e-01
9.887562394142150879e-01
3.935257438570261002e-03
4.033037126064300537e-01
9.912848472595214844e-01
9.894359111785888672e-01
9.826369285583496094e-01
9.762786626815795898e-01
1.135812774300575256e-01
9.778133034706115723e-01
9.675507545471191406e-01
9.960341453552246094e-01
6.125117540359497070e-01
9.736763834953308105e-01
9.895800948143005371e-01
1.921054273843765259e-01
2.110758721828460693e-01
9.812881946563720703e-01
9.999027848243713379e-01
9.999335408210754395e-01
9.997946023941040039e-01
9.757356643676757812e-01
9.798868894577026367e-01
9.682273268699645996e-01
9.918316006660461426e-01
9.803402423858642578e-01
9.850455522537231445e-01
9.787419438362121582e-01
9.924695491790771484e-01
9.988001585006713867e-01
9.733917117118835449e-01
9.987524747848510742e-01
9.990913271903991699e-01
9.991847276687622070e-01
9.911831021308898926e-01
9.807933568954467773e-01
9.712986946105957031e-01
9.744132161140441895e-01
9.790812730789184570e-01
9.717352986335754395e-01
9.768487215042114258e-01
9.925460815429687500e-01
9.919412136077880859e-01
8.815512061119079590e-01
9.922069907188415527e-01
9.886163473129272461e-01
9.885048270225524902e-01
9.773692488670349121e-01
9.783430099487304688e-01
9.682950973510742188e-01
9.934156537055969238e-01
9.734726548194885254e-01
9.811449646949768066e-01
9.808446168899536133e-01
9.911679029464721680e-01
9.990888833999633789e-01
9.913002252578735352e-01
9.791658520698547363e-01
9.387817978858947754e-01
2.418960630893707275e-01
2.527375817298889160e-01
9.717421531677246094e-01
9.643684029579162598e-01
9.950500726699829102e-01
9.404284358024597168e-01
9.679373502731323242e-01
9.844310283660888672e-01
9.949576854705810547e-01
9.764419198036193848e-01
9.809226393699645996e-01
9.552982449531555176e-01
9.855234622955322266e-01
9.882578253746032715e-01
9.790898561477661133e-01
9.792187809944152832e-01
9.661837220191955566e-01
9.883907437324523926e-01
9.877929091453552246e-01
9.818878769874572754e-01
9.840136766433715820e-01
9.852140545845031738e-01
9.471626281738281250e-01
9.280747175216674805e-01
9.497784972190856934e-01
9.924543499946594238e-01
9.661174416542053223e-01
9.956423640251159668e-01
9.851882457733154297e-01
9.747719168663024902e-01
6.295568309724330902e-03
3.518189191818237305e-01
5.778979659080505371e-01
9.918000102043151855e-01
9.768978357315063477e-01
9.646517634391784668e-01
5.383518338203430176e-02
5.287963896989822388e-02
9.797095656394958496e-01
9.944898486137390137e-01
9.909907579421997070e-01
9.814156889915466309e-01
9.720856547355651855e-01
9.894676208496093750e-01
9.695876240730285645e-01
9.661854505538940430e-01
9.996109008789062500e-01
9.553995132446289062e-01
9.996297955513000488e-01
5.343861505389213562e-02
1.956361830234527588e-01
7.467973828315734863e-01
9.997639656066894531e-01
9.935020804405212402e-01
9.823887944221496582e-01
9.722490906715393066e-01
8.078981041908264160e-01
9.790872335433959961e-01
9.889028668403625488e-01
9.773304462432861328e-01
9.774243235588073730e-01
9.805860519409179688e-01
9.518510699272155762e-01
8.843664526939392090e-01
9.828650355339050293e-01
9.334964156150817871e-01
9.936053752899169922e-01
9.794555902481079102e-01
9.702184796333312988e-01
9.673511981964111328e-01
9.851272106170654297e-01
9.857696294784545898e-01
9.384564757347106934e-01
9.680453538894653320e-01
9.807092547416687012e-01
9.913089275360107422e-01
9.928789734840393066e-01
9.802140593528747559e-01
9.994654655456542969e-01
9.914033412933349609e-01
9.779256582260131836e-01
9.679512381553649902e-01
9.853939414024353027e-01
9.843632578849792480e-01
9.823222160339355469e-01
9.766333699226379395e-01
9.755660295486450195e-01
9.891781806945800781e-01
9.978762865066528320e-01
8.773716092109680176e-01
2.219416499137878418e-01
9.960665702819824219e-01
9.929041266441345215e-01
9.752634167671203613e-01
9.625728726387023926e-01
6.872233748435974121e-01
9.861248731613159180e-01
9.861178994178771973e-01
8.750078678131103516e-01
9.756795763969421387e-01
9.791666269302368164e-01
6.066839098930358887e-01
9.915283918380737305e-01
9.928348660469055176e-01
8.819679021835327148e-01
9.896112084388732910e-01
9.799803495407104492e-01
9.711668491363525391e-01
9.917177557945251465e-01
8.397738933563232422e-01
9.837828874588012695e-01
9.991204738616943359e-01
9.862154126167297363e-01
9.994841814041137695e-01
9.924204945564270020e-01
9.929218888282775879e-01
9.846219420433044434e-01
9.981542825698852539e-01
9.935200214385986328e-01
9.866165518760681152e-01
9.755706191062927246e-01
9.472288489341735840e-01
5.438343882560729980e-01
9.798079133033752441e-01
9.968155026435852051e-01
9.820404052734375000e-01
3.177155852317810059e-01
9.872765541076660156e-01
9.875596165657043457e-01
9.777799844741821289e-01
9.696751236915588379e-01
9.956322908401489258e-01
9.874573349952697754e-01
9.769793152809143066e-01
5.579382181167602539e-03
3.785100579261779785e-02
9.413814544677734375e-01
9.985408186912536621e-01
1.755120756570249796e-04
6.876907944679260254e-01
9.997881650924682617e-01
5.611515045166015625e-01
8.678334355354309082e-01
9.998051524162292480e-01
9.949700832366943359e-01
9.876398444175720215e-01
9.755340814590454102e-01
2.231020294129848480e-02
6.100696325302124023e-02
7.112899422645568848e-01
9.989656805992126465e-01
2.518745884299278259e-02
7.831837236881256104e-02
9.997933506965637207e-01
9.805654883384704590e-01
8.651356101036071777e-01
9.947176575660705566e-01
9.905558228492736816e-01
9.813665151596069336e-01
9.734508395195007324e-01
9.909358024597167969e-01
9.714515209197998047e-01
9.881236553192138672e-01
9.718203544616699219e-01
9.883653521537780762e-01
4.770063608884811401e-02
9.994710087776184082e-01
9.922631382942199707e-01
9.930943250656127930e-01
9.964447617530822754e-01
9.932121634483337402e-01
9.814553260803222656e-01
9.684236049652099609e-01
8.745765686035156250e-01
9.832602143287658691e-01
9.870958924293518066e-01
9.344232678413391113e-01
9.841102361679077148e-01
9.788436293601989746e-01
9.745059013366699219e-01
9.755182862281799316e-01
9.657586812973022461e-01
9.356633424758911133e-01
9.897293448448181152e-01
9.784376621246337891e-01
9.672853350639343262e-01
9.866021871566772461e-01
2.751916050910949707e-01
9.860603213310241699e-01
9.985814690589904785e-01
8.840515613555908203e-01
9.907188415527343750e-01
8.780060410499572754e-01
9.993447065353393555e-01
9.595794677734375000e-01
3.613617643713951111e-02
9.883963465690612793e-01
9.788402318954467773e-01
9.721848964691162109e-01
9.872494339942932129e-01
1.172720715403556824e-01
9.860470890998840332e-01
9.991609454154968262e-01
9.816345572471618652e-01
9.766885042190551758e-01
9.992263913154602051e-01
9.716408848762512207e-01
2.078709192574024200e-02
9.987707734107971191e-01
9.799214005470275879e-01
9.766800999641418457e-01
9.668478369712829590e-01
9.954715371131896973e-01
9.845564365386962891e-01
9.737579226493835449e-01
9.983471035957336426e-01
9.890245795249938965e-01
9.708199501037597656e-01
9.950403571128845215e-01
9.642414450645446777e-01
1.656343010836280882e-05
7.645021677017211914e-01
1.985137313604354858e-01
9.193544983863830566e-01
9.705055952072143555e-01
9.959261417388916016e-01
9.802046418190002441e-01
9.744703769683837891e-01
9.667997360229492188e-01
9.826107025146484375e-01
9.918536543846130371e-01
2.049856036901473999e-01
9.228214025497436523e-01
9.971192479133605957e-01
5.512372031807899475e-02
9.431647062301635742e-01
9.778478145599365234e-01
9.668172001838684082e-01
9.942206740379333496e-01
9.874314665794372559e-01
9.866292476654052734e-01
9.971902966499328613e-01
9.826608896255493164e-01
9.699676036834716797e-01
9.572643041610717773e-01
9.716917276382446289e-01
9.990697503089904785e-01
9.917449355125427246e-01
9.924411177635192871e-01
9.818415045738220215e-01
9.728337526321411133e-01
8.977383971214294434e-01
9.428792595863342285e-01
9.892718791961669922e-01
9.741411209106445312e-01
9.717648625373840332e-01
9.901042580604553223e-01
9.807909727096557617e-01
9.952955245971679688e-01
9.859101772308349609e-01
9.465194940567016602e-01
9.882538318634033203e-01
9.787064194679260254e-01
9.717446565628051758e-01
9.916920065879821777e-01
9.667912125587463379e-01
9.865653514862060547e-01
9.876927137374877930e-01
9.851704239845275879e-01
9.739203453063964844e-01
1.071372330188751221e-01
9.827125668525695801e-01
9.896103143692016602e-01
1.570060476660728455e-02
6.409416794776916504e-01
9.717792272567749023e-01
9.076238274574279785e-01
9.940556287765502930e-01
9.334467649459838867e-01
9.793536663055419922e-01
3.479514420032501221e-01
9.863244295120239258e-01
9.907146096229553223e-01
9.946854710578918457e-01
9.890515208244323730e-01
9.980513453483581543e-01
9.373621344566345215e-01
9.905416369438171387e-01
9.792173504829406738e-01
9.728367924690246582e-01
3.903376758098602295e-01
4.474768415093421936e-02
8.998053669929504395e-01
9.957844614982604980e-01
2.096303999423980713e-01
1.538185328245162964e-01
9.402443170547485352e-01
9.996044039726257324e-01
9.132033586502075195e-01
9.996275901794433594e-01
9.877354502677917480e-01
9.773784875869750977e-01
9.683171510696411133e-01
9.359534382820129395e-01
1.534225344657897949e-01
9.870327115058898926e-01
9.876484274864196777e-01
7.749305963516235352e-01
8.800117969512939453e-01
9.591858386993408203e-01
7.792222499847412109e-01
6.431945413351058960e-02
7.952422499656677246e-01
9.925831556320190430e-01
9.763039946556091309e-01
9.639671444892883301e-01
2.938614189624786377e-01
9.795649647712707520e-01
9.850792288780212402e-01
9.508433938026428223e-01
7.784509658813476562e-01
9.506995081901550293e-01
9.806305766105651855e-01
8.831265568733215332e-01
9.929827451705932617e-01
9.441199898719787598e-01
9.874822497367858887e-01
9.754366874694824219e-01
9.647249579429626465e-01
9.807917475700378418e-01
9.569832682609558105e-02
9.759991168975830078e-01
9.977543354034423828e-01
2.297343909740447998e-01
3.980404138565063477e-02
5.597767606377601624e-02
8.392388224601745605e-01
6.778858900070190430e-01
7.839672565460205078e-01
9.890946745872497559e-01
9.810754060745239258e-01
9.700593352317810059e-01
9.135647416114807129e-01
5.245293378829956055e-01
9.883922338485717773e-01
9.816768765449523926e-01
8.131199479103088379e-01
9.900915026664733887e-01
9.801707267761230469e-01
9.763846397399902344e-01
9.443173408508300781e-01
7.887413501739501953e-01
9.878879785537719727e-01
9.744259119033813477e-01
9.622688889503479004e-01
9.364972710609436035e-01
8.879368305206298828e-01
9.857640266418457031e-01
9.757081866264343262e-01
6.541603058576583862e-02
9.592729210853576660e-01
7.331111431121826172e-01
7.022106647491455078e-01
2.774054706096649170e-01
2.832666039466857910e-01
