9.565871816415053575e-01
8.448010018238654162e-01
6.085797510324761905e-01
5.886746900012860273e-01
8.572329568425909319e-01
3.641347896146516216e-01
5.370922226351327877e-01
5.556078035599336662e-01
8.404669899206894668e-01
8.230168848083569966e-01
8.876996086193964519e-01
7.764969728887081146e-01
8.387697339057922363e-01
9.042486605735925442e-01
5.784543630881950893e-01
5.811524932774213559e-01
6.559853123930784458e-01
5.332426254977830071e-01
5.306809804259011720e-01
8.292294156092864243e-01
9.271176549104543918e-01
8.676583205278103339e-01
9.453427378947918402e-01
9.260447621345520020e-01
8.507350144477990872e-01
9.751909741988549207e-01
9.346662507607386150e-01
3.644023814458006161e-01
9.828507029093228597e-01
9.701382242716275472e-01
9.319142722166501303e-01
9.729520449271569227e-01
9.706532404972956218e-01
9.115439000038000339e-01
9.552827294056231988e-01
8.687452398813687582e-01
9.383824330109816758e-01
7.078513341167798067e-01
4.020583125798461444e-01
9.395047793021569227e-01
8.492720918013498821e-01
6.487507126652277689e-01
6.223188452243518798e-01
8.709703145118860013e-01
8.973402954064882975e-01
8.045184431740870501e-01
6.646670346649793393e-01
8.492299295388735514e-01
8.658563291224149472e-01
9.139560919541579453e-01
8.240555761238703703e-01
9.761856473409212809e-01
7.489911406659163218e-01
9.815840216783376926e-01
8.556297493095581519e-01
9.621135133963364394e-01
7.798894764139101543e-01
8.501411452889442444e-01
9.710157376069289414e-01
5.815315040258260959e-01
6.833876726719049222e-01
8.203983159664158809e-01
9.466867676148047472e-01
7.951862777654941095e-01
8.900560599107009141e-01
4.973595853393467658e-01
8.686868347800694723e-01
9.474927462064303141e-01
8.631687630326129179e-01
7.703729334932106765e-01
9.862691668363717801e-01
9.754400253295898438e-01
9.226373823789449924e-01
9.198536001718961019e-01
9.719522503706125027e-01
6.850676020034230929e-01
8.323083964104835974e-01
9.547652281247652750e-01
9.794312302882854926e-01
9.172302576211782688e-01
9.148519772749680312e-01
9.776132015081552273e-01
8.958031626848074191e-01
6.969127820271890927e-01
6.688795950836859960e-01
9.142341332939954990e-01
9.643728549663836969e-01
8.407480553365670461e-01
8.444537859983168859e-01
8.891713384859590841e-01
7.815606963749115454e-01
9.789000474489651937e-01
9.708871016135582899e-01
8.404382831202104054e-01
8.977955190035012967e-01
7.299538131516712935e-01
7.884923374423613573e-01
8.978625879837915935e-01
6.618842691756211538e-01
9.108629318384023899e-01
7.485516867958582621e-01
