1.800378732777272173e-01
2.285255824860472074e-01
1.837086421974863104e-01
2.063415642254627647e-01
2.266318055156331668e-01
1.544430640776856545e-01
1.885403407079418447e-01
2.128028829331294891e-01
2.102921436755703088e-01
2.242409134140381510e-01
1.934924034330134102e-01
1.788429258247980769e-01
1.684647249416089954e-01
3.914325856245480795e-01
9.830401619770921806e-02
1.188678198418179205e-01
3.151354368489522328e-01
1.872285864530847665e-01
2.521118312859191302e-01
2.111866142502269450e-01
4.210821981362711797e-01
3.308686800301074982e-01
2.265993829440468843e-01
3.193175549117418521e-01
1.534357567613299778e-01
2.298764523405295024e-01
2.189001254379176198e-01
3.523419452831149101e-01
4.944953906994599691e-01
2.730090784338804477e-01
2.842082917475356463e-01
3.898090988111037603e-01
3.428887667295594799e-01
3.708766832088048471e-01
3.730540870903776285e-01
4.185255605440873494e-01
3.272020031626408088e-01
1.916020257737657828e-01
1.500363673370044837e-01
1.593809229715798803e-01
2.631158148063920121e-01
2.425737190754331807e-01
2.689963463434161262e-01
1.649005591081312005e-01
2.694330349063071006e-01
1.881079678334152405e-01
2.967458084637585869e-01
3.305015796079085466e-01
2.780973372551110989e-01
2.792406000931245691e-01
2.609050543262408373e-01
2.263026221413523553e-01
3.384482039568516010e-01
3.819464882119343874e-01
4.573397716650596245e-01
3.900099901052621609e-01
2.841718024932421427e-01
3.702644924991406183e-01
2.947725028184672302e-01
2.395366692485717541e-01
2.149476344571807085e-01
2.921080557772746666e-01
3.084454749925778505e-01
2.693917252696477194e-01
2.855604147502722734e-01
2.385559574915812608e-01
2.662725907105665812e-01
2.494192576179137533e-01
4.479801391179745185e-01
2.870547280002098689e-01
3.818940744341279281e-01
3.376130461692810059e-01
3.454218186939564950e-01
3.943508711571876990e-01
3.945833638023871770e-01
4.017676656635907895e-01
2.995061506159030218e-01
3.701626829301508659e-01
2.938122061582711941e-01
3.280810416102982741e-01
3.323100376874208450e-01
4.027576647125757914e-01
3.622751402458211922e-01
3.314575353780618294e-01
2.551425976248887784e-01
3.702488484290930026e-01
3.454394071147992018e-01
2.214735571805459269e-01
3.274818922464663995e-01
3.668398099163404091e-01
2.580620620820599509e-01
3.263843823224306107e-01
3.660076276925022798e-01
3.064417032381662742e-01
4.981893037374203193e-01
4.904437987850262526e-01
3.617494293990043408e-01
3.491422459483146667e-01
3.862182251983680148e-01
3.531352626876189116e-01
3.149222685740544203e-01
