3.125113202258944511e-03
2.134217023849487305e-01
2.325500249862670898e-01
1.750693656504154205e-02
1.256513316184282303e-02
2.579013109207153320e-01
4.342373833060264587e-02
1.339359283447265625e-01
2.994872033596038818e-01
2.907147407531738281e-01
2.012734711170196533e-01
1.023744344711303711e-01
5.322126150131225586e-01
1.236838940531015396e-02
4.303669035434722900e-01
8.059508353471755981e-02
2.060620635747909546e-01
6.251971423625946045e-02
1.822311878204345703e-01
2.421055436134338379e-01
2.109304517507553101e-01
2.984589934349060059e-01
1.760319620370864868e-01
5.912067890167236328e-01
5.582362413406372070e-02
4.221318662166595459e-01
1.178450509905815125e-02
6.838487926870584488e-03
4.259848594665527344e-01
3.339330432936549187e-03
4.091275110840797424e-02
4.156086444854736328e-01
1.997281759977340698e-01
1.309824287891387939e-01
1.495118588209152222e-01
2.012387067079544067e-01
9.912205860018730164e-03
7.585895657539367676e-01
3.378082811832427979e-02
4.492119885981082916e-03
7.166002877056598663e-03
6.092005372047424316e-01
3.738725930452346802e-02
2.008424326777458191e-02
3.982036113739013672e-01
2.096973955631256104e-01
2.055845409631729126e-01
3.813337981700897217e-01
6.562873721122741699e-02
1.966707706451416016e-01
2.015237510204315186e-01
3.454675674438476562e-01
4.500707611441612244e-02
2.862265333533287048e-03
3.613618612289428711e-01
3.538043498992919922e-01
4.088711738586425781e-01
1.690884679555892944e-01
1.860495284199714661e-02
4.339902698993682861e-01
1.463289093226194382e-02
3.647915720939636230e-01
8.509097620844841003e-03
1.971696689724922180e-02
7.449725270271301270e-01
1.932774088345468044e-03
4.776084423065185547e-02
6.065378785133361816e-01
1.325947046279907227e-01
1.234712898731231689e-01
1.549821905791759491e-02
1.691940426826477051e-01
4.181759897619485855e-03
2.841930091381072998e-01
1.290101907216012478e-03
1.222465485334396362e-01
7.238233089447021484e-02
4.264763295650482178e-01
3.485566994640976191e-04
8.127329638227820396e-04
6.083354949951171875e-01
1.693971082568168640e-02
2.280450612306594849e-02
2.497744560241699219e-01
2.427525520324707031e-01
2.072145640850067139e-01
2.351651191711425781e-01
2.081132829189300537e-01
2.353542000055313110e-01
1.486755311489105225e-01
2.747337222099304199e-01
3.802403435111045837e-02
1.633917680010199547e-03
4.068315327167510986e-01
1.474219560623168945e-01
2.509935013949871063e-02
1.946583837270736694e-01
6.050142049789428711e-01
2.224369049072265625e-01
1.970772892236709595e-01
1.063757166266441345e-01
2.015351206064224243e-01
1.986710578203201294e-01
4.216580092906951904e-01
1.047728350386023521e-03
3.365878947079181671e-03
6.023030281066894531e-01
2.133395224809646606e-01
2.624609693884849548e-02
9.081237018108367920e-03
5.951622724533081055e-01
4.739517271518707275e-01
3.622741997241973877e-02
2.653388539329171181e-03
2.143580466508865356e-01
1.019003838300704956e-01
4.541611373424530029e-01
1.696293428540229797e-02
4.629826173186302185e-03
8.050638437271118164e-01
3.745470941066741943e-02
1.928268820047378540e-01
9.477289021015167236e-02
3.974864780902862549e-01
4.403384029865264893e-01
1.690816693007946014e-02
9.981617331504821777e-02
1.647429466247558594e-01
2.114238739013671875e-01
4.327047467231750488e-01
5.994129180908203125e-02
4.996640235185623169e-02
4.055835902690887451e-01
2.084299176931381226e-01
1.198896095156669617e-01
2.924906462430953979e-02
7.785298395901918411e-03
2.044602483510971069e-01
6.048930883407592773e-01
1.158081889152526855e-01
1.936158537864685059e-01
2.594808936119079590e-01
2.562977969646453857e-01
4.961289837956428528e-02
4.311956837773323059e-02
2.156728655099868774e-01
2.711846828460693359e-01
2.276871725916862488e-02
5.365639925003051758e-03
8.516004309058189392e-03
5.929231643676757812e-01
4.048712253570556641e-01
1.895330846309661865e-02
5.929411947727203369e-02
3.981834053993225098e-01
2.344924360513687134e-01
6.624703761190176010e-03
2.506248094141483307e-02
6.244350075721740723e-01
6.226542219519615173e-02
3.628296405076980591e-02
1.700722798705101013e-02
3.136950135231018066e-01
4.186922311782836914e-01
6.937646865844726562e-02
2.386418171226978302e-02
1.882773190736770630e-01
2.036612927913665771e-01
2.007971107959747314e-01
4.647728204727172852e-01
6.660690307617187500e-01
5.661804080009460449e-01
6.329323351383209229e-02
4.417660832405090332e-02
5.947834253311157227e-01
3.935631513595581055e-01
5.116798281669616699e-01
2.679704725742340088e-01
3.373206853866577148e-01
2.849344313144683838e-01
2.077430933713912964e-01
6.861364245414733887e-01
4.975434541702270508e-01
1.491984585300087929e-03
2.077911794185638428e-02
1.153281331062316895e-01
8.682129904627799988e-03
2.150746621191501617e-02
8.975695818662643433e-02
8.902604132890701294e-02
3.676512837409973145e-02
8.607605122961103916e-04
3.717952175065875053e-03
3.151611387729644775e-01
7.733194530010223389e-02
2.256490886211395264e-01
1.825772233132738620e-05
2.071987390518188477e-01
4.302116110920906067e-03
9.717504872241988778e-05
1.999676078557968140e-01
2.462518811225891113e-01
2.246371284127235413e-02
1.568086743354797363e-01
5.104575771838426590e-03
5.619137082248926163e-03
3.811388611793518066e-01
9.066183120012283325e-02
4.211750328540802002e-01
5.046823527663946152e-03
5.985059142112731934e-01
2.284082472324371338e-01
7.200951222330331802e-03
2.037040442228317261e-01
4.008553624153137207e-01
4.486315846443176270e-01
1.575875133275985718e-01
2.244407385587692261e-01
3.075134158134460449e-01
5.379756093025207520e-01
5.557154417037963867e-01
4.199500381946563721e-01
9.008900262415409088e-03
2.099156379699707031e-01
4.700216054916381836e-01
1.138307154178619385e-01
1.818833127617835999e-02
4.056944847106933594e-01
2.374187298119068146e-02
2.867694497108459473e-01
2.435269579291343689e-02
1.124258413910865784e-01
9.464164078235626221e-02
2.454304099082946777e-01
4.850375056266784668e-01
5.299851763993501663e-03
5.966380834579467773e-01
1.826489567756652832e-01
9.822817146778106689e-02
2.632175758481025696e-02
5.964723825454711914e-01
5.168490856885910034e-02
8.434866368770599365e-02
2.185002863407135010e-01
2.324523329734802246e-01
4.273798167705535889e-01
2.724410891532897949e-01
4.001999497413635254e-01
5.951091297902166843e-04
1.040328107774257660e-02
2.189751416444778442e-01
2.755563259124755859e-01
1.479241102933883667e-01
5.869263410568237305e-01
3.702571149915456772e-03
5.926205590367317200e-02
3.213849961757659912e-01
1.861236691474914551e-01
2.126594036817550659e-01
3.217130303382873535e-01
5.973535776138305664e-01
2.031986834481358528e-03
6.007556319236755371e-01
5.083658099174499512e-01
4.926141798496246338e-01
2.171112969517707825e-02
3.717741072177886963e-01
4.593095779418945312e-01
5.620467066764831543e-01
3.154307007789611816e-01
6.001800894737243652e-01
7.323085069656372070e-01
2.101865708827972412e-01
5.966596603393554688e-01
1.930156722664833069e-02
4.031608402729034424e-01
5.607047677040100098e-01
3.467898070812225342e-01
1.589114069938659668e-01
2.248318046331405640e-01
3.810383379459381104e-01
8.795104920864105225e-02
2.626895308494567871e-01
3.696508407592773438e-01
2.335887253284454346e-01
6.560145020484924316e-01
4.380167722702026367e-01
1.577545073814690113e-03
4.015569984912872314e-01
4.862010776996612549e-01
4.416573420166969299e-02
1.819563796743750572e-03
1.959165185689926147e-01
3.711824864149093628e-02
6.171151995658874512e-01
4.471804946660995483e-02
1.952363103628158569e-01
2.796053700149059296e-02
4.543894231319427490e-01
5.745385885238647461e-01
1.890078932046890259e-01
5.977735519409179688e-01
4.291608631610870361e-01
2.027774006128311157e-01
4.841708764433860779e-02
2.367013543844223022e-01
5.268383622169494629e-01
2.410214543342590332e-01
1.818744093179702759e-01
3.207206130027770996e-01
2.001283615827560425e-01
4.021682739257812500e-01
2.898449897766113281e-01
3.303028875961899757e-03
1.665804535150527954e-02
4.949554800987243652e-01
9.660002589225769043e-02
3.671860694885253906e-02
3.674364387989044189e-01
1.941848173737525940e-02
2.305455803871154785e-01
3.404261171817779541e-02
5.664090276695787907e-04
1.997341364622116089e-01
2.048410028219223022e-01
4.109495878219604492e-01
4.271676540374755859e-01
1.481119096279144287e-01
4.738049507141113281e-01
2.212662249803543091e-01
6.846811622381210327e-03
3.208553045988082886e-02
3.099133372306823730e-01
1.843406409025192261e-01
2.254910767078399658e-01
3.328301310539245605e-01
1.812345534563064575e-01
3.435147181153297424e-02
3.372627496719360352e-01
1.989800781011581421e-01
4.028701186180114746e-01
4.523604642599821091e-03
4.285056143999099731e-02
4.047658443450927734e-01
3.690320551395416260e-01
2.956967353820800781e-01
2.028520703315734863e-01
1.396549791097640991e-01
3.202334418892860413e-02
3.204669952392578125e-01
9.472249448299407959e-02
5.219336748123168945e-01
1.784265488386154175e-01
3.980426788330078125e-01
3.429343700408935547e-01
1.316629257053136826e-02
7.518442273139953613e-01
2.361049056053161621e-01
5.110009908676147461e-01
5.610601603984832764e-02
4.059800803661346436e-01
5.900288224220275879e-01
3.778136670589447021e-01
1.970630139112472534e-01
3.957622647285461426e-01
5.887779593467712402e-01
2.039928287267684937e-01
3.438251614570617676e-01
7.891027331352233887e-01
4.048965871334075928e-01
5.775550603866577148e-01
4.116156697273254395e-01
2.718730270862579346e-01
4.305291175842285156e-01
9.043709039688110352e-01
6.574295759201049805e-01
4.487091898918151855e-01
5.682155489921569824e-01
2.318570762872695923e-01
5.060573220252990723e-01
5.672423169016838074e-02
1.936741173267364502e-01
2.124130427837371826e-01
1.775633245706558228e-01
4.074564278125762939e-01
2.538420557975769043e-01
1.645445525646209717e-01
3.121786937117576599e-02
3.202128112316131592e-01
4.253396391868591309e-01
9.742370843887329102e-01
6.142519041895866394e-02
3.359175920486450195e-01
5.278066173195838928e-02
2.084368467330932617e-01
4.979307204484939575e-02
5.389385391026735306e-03
2.053702324628829956e-01
5.544312000274658203e-01
1.477041468024253845e-02
9.517188370227813721e-02
6.541190743446350098e-01
4.828651547431945801e-01
3.960124254226684570e-01
5.879237651824951172e-01
9.002422913908958435e-03
1.516305953264236450e-01
2.133567780256271362e-01
3.477227687835693359e-01
5.933673381805419922e-01
6.419768333435058594e-01
2.242813557386398315e-01
5.611580610275268555e-01
2.234613001346588135e-01
4.127421975135803223e-01
7.048824429512023926e-01
3.985953629016876221e-01
6.095656752586364746e-01
2.510598301887512207e-01
2.676161527633666992e-01
3.976395130157470703e-01
1.444180589169263840e-02
6.024193167686462402e-01
6.011632680892944336e-01
2.867161929607391357e-01
1.746666268445551395e-03
4.422949850559234619e-01
1.805432587862014771e-01
4.037519395351409912e-01
5.108708143234252930e-01
5.889996290206909180e-01
6.003565788269042969e-01
2.806466259062290192e-02
4.098457992076873779e-01
3.270743787288665771e-01
2.014425992965698242e-01
3.545915484428405762e-01
5.829070806503295898e-01
2.223795652389526367e-01
1.061247587203979492e-01
4.822233319282531738e-01
4.065161347389221191e-01
5.324811935424804688e-01
7.215394638478755951e-03
7.145195007324218750e-01
1.567487269639968872e-01
4.253319799900054932e-01
2.694287896156311035e-02
4.038520753383636475e-01
4.875053167343139648e-01
4.345677196979522705e-01
2.295840680599212646e-01
3.849950730800628662e-01
6.188481450080871582e-01
4.271110594272613525e-01
5.939977765083312988e-01
4.011433422565460205e-01
4.073120653629302979e-01
2.901527583599090576e-01
5.714911222457885742e-01
2.171425819396972656e-01
5.055093169212341309e-01
4.062567651271820068e-01
3.523954451084136963e-01
4.084567427635192871e-01
1.953437924385070801e-01
7.799139618873596191e-01
3.117166161537170410e-01
2.028577178716659546e-01
5.969305038452148438e-01
4.035589694976806641e-01
5.664308071136474609e-01
4.105443954467773438e-01
2.112830430269241333e-01
3.277858346700668335e-02
1.978675723075866699e-01
1.337811946868896484e-01
4.195502102375030518e-01
3.409308195114135742e-01
3.390564918518066406e-01
3.980557322502136230e-01
4.056469500064849854e-01
4.002304673194885254e-01
1.786939203739166260e-01
2.108727246522903442e-01
3.731960952281951904e-01
7.743440568447113037e-03
9.835215285420417786e-03
3.885587453842163086e-01
6.151799857616424561e-02
2.372621744871139526e-02
2.203480526804924011e-02
8.466678991680964828e-05
4.086850881576538086e-01
6.321496963500976562e-01
4.849017132073640823e-03
2.202982902526855469e-01
6.861818581819534302e-02
3.678160160779953003e-02
3.529942780733108521e-02
2.877511680126190186e-01
1.012109667062759399e-01
2.447004765272140503e-01
8.176610805094242096e-03
1.695546060800552368e-01
8.429551497101783752e-03
1.326531767845153809e-01
4.072248935699462891e-01
6.769342422485351562e-01
1.180387474596500397e-02
2.155633643269538879e-02
1.184591650962829590e-02
4.118926823139190674e-03
1.948763430118560791e-02
4.793932735919952393e-01
9.248131513595581055e-02
9.729082230478525162e-04
2.052990719676017761e-02
1.109434217214584351e-01
2.146593481302261353e-01
7.286285161972045898e-01
4.161790711805224419e-04
8.894850499927997589e-03
1.072878092527389526e-01
2.113188505172729492e-01
4.022917449474334717e-01
2.214523851871490479e-01
2.699532210826873779e-01
4.008819460868835449e-01
7.227215170860290527e-02
2.192107886075973511e-01
4.022132456302642822e-01
3.756839036941528320e-01
5.751416683197021484e-01
3.971396088600158691e-01
3.112167760264128447e-04
1.153731718659400940e-01
1.957217901945114136e-01
4.237695932388305664e-01
1.283499896526336670e-01
1.994071751832962036e-01
4.229505956172943115e-01
8.949362486600875854e-02
3.091086745262145996e-01
2.411114275455474854e-01
5.557981133460998535e-02
5.798906683921813965e-01
5.863365530967712402e-01
1.994790285825729370e-01
2.090490907430648804e-01
3.728477656841278076e-01
4.136832058429718018e-01
3.430046490393579006e-04
2.174642682075500488e-01
4.000139534473419189e-01
3.500723466277122498e-02
2.052175402641296387e-01
4.572650045156478882e-02
2.318936884403228760e-01
4.148471355438232422e-01
2.522900402545928955e-01
1.402878016233444214e-01
9.990390390157699585e-02
6.012814640998840332e-01
4.613598808646202087e-03
2.452910877764225006e-03
5.874337162822484970e-03
2.756831794977188110e-02
9.190021455287933350e-02
1.764777004718780518e-01
3.018002808094024658e-01
2.440956234931945801e-02
4.092361927032470703e-01
5.923995375633239746e-01
1.250240653753280640e-01
2.967070639133453369e-01
5.455342531204223633e-01
2.052699625492095947e-01
2.686841879040002823e-03
3.994751349091529846e-02
3.377881646156311035e-01
2.913056612014770508e-01
3.419825434684753418e-01
1.030232980847358704e-01
2.117243558168411255e-01
2.190445363521575928e-01
3.906112015247344971e-01
1.411817222833633423e-01
2.115320414304733276e-01
5.923748016357421875e-01
4.201650246977806091e-02
1.723023480735719204e-03
1.109624467790126801e-02
2.983629517257213593e-02
2.093316465616226196e-01
4.637693241238594055e-02
3.364123106002807617e-01
2.138663232326507568e-01
6.116537451744079590e-01
4.668545126914978027e-01
1.941640675067901611e-01
2.106591612100601196e-01
4.882179796695709229e-01
4.024324119091033936e-01
1.353965373709797859e-03
5.378268286585807800e-02
5.944550037384033203e-01
4.117818176746368408e-01
1.837622490711510181e-03
2.206712588667869568e-02
3.984354138374328613e-01
6.056725382804870605e-01
7.892927527427673340e-01
2.147129774093627930e-01
4.208641499280929565e-02
2.718753814697265625e-01
5.817865133285522461e-01
4.915257543325424194e-02
4.182672500610351562e-01
3.807837367057800293e-01
4.556715786457061768e-01
5.734093859791755676e-02
8.663690090179443359e-02
3.432409763336181641e-01
6.782582998275756836e-01
5.953136682510375977e-01
1.181310638785362244e-01
2.275301888585090637e-02
4.779009521007537842e-02
5.976431369781494141e-01
2.155372351408004761e-01
3.022921085357666016e-01
1.655478477478027344e-01
1.897426098585128784e-01
2.906166389584541321e-02
2.522943317890167236e-01
4.009003043174743652e-01
5.974103212356567383e-01
2.977482676506042480e-01
3.277683863416314125e-04
2.622899115085601807e-01
3.883612528443336487e-02
2.045659273862838745e-01
3.407771587371826172e-01
2.483598291873931885e-01
1.226905956864356995e-01
7.702468335628509521e-02
7.905071973800659180e-01
1.026721596717834473e-01
5.469178557395935059e-01
5.934528112411499023e-01
2.114822119474411011e-01
1.993273198604583740e-01
5.987962484359741211e-01
3.769517540931701660e-01
2.380717992782592773e-01
1.305982172489166260e-01
2.479775249958038330e-02
2.199633419513702393e-01
2.459730654954910278e-01
4.680059850215911865e-03
3.487297296524047852e-01
1.989413946866989136e-01
4.909075498580932617e-01
2.134047099389135838e-04
2.246716991066932678e-02
2.056779861450195312e-01
1.412335783243179321e-01
3.004014790058135986e-01
2.200809568166732788e-01
8.323554694652557373e-02
2.167783826589584351e-01
3.638907074928283691e-01
3.737732470035552979e-01
3.150574564933776855e-01
2.082166224718093872e-01
7.926448583602905273e-01
1.994869261980056763e-01
6.041312813758850098e-01
2.059743702411651611e-01
2.212483063340187073e-02
6.064403057098388672e-01
4.107906520366668701e-01
2.436839938163757324e-01
4.241982996463775635e-01
2.191806882619857788e-01
1.044896431267261505e-02
3.876356482505798340e-01
2.730858325958251953e-01
4.382262229919433594e-01
4.559670686721801758e-01
2.046778984367847443e-02
5.200150012969970703e-01
4.177670478820800781e-01
2.010943591594696045e-01
5.945349931716918945e-01
3.991582691669464111e-01
2.291333675384521484e-01
4.783899784088134766e-01
3.451578915119171143e-01
5.582923293113708496e-01
3.071000277996063232e-01
4.659476280212402344e-01
5.896424055099487305e-01
1.685581356287002563e-01
8.602503538131713867e-01
4.154275357723236084e-01
3.570290207862854004e-01
7.938934564590454102e-01
3.209444284439086914e-01
4.423790574073791504e-01
4.316997528076171875e-01
2.107003927230834961e-01
3.958515822887420654e-01
4.930932819843292236e-01
7.901245355606079102e-01
5.971704721450805664e-01
2.261035740375518799e-01
3.789480924606323242e-01
3.172813057899475098e-01
2.913075685501098633e-01
2.448562532663345337e-01
2.328950017690658569e-01
4.091895222663879395e-01
4.413260519504547119e-01
1.944613754749298096e-01
4.867302477359771729e-01
4.597358703613281250e-01
4.060074090957641602e-01
5.913793444633483887e-01
8.494719862937927246e-03
2.039439380168914795e-01
4.139551520347595215e-01
1.943561136722564697e-01
2.215750664472579956e-01
3.514015972614288330e-01
4.882021844387054443e-01
4.062108397483825684e-01
7.782115042209625244e-02
9.941518306732177734e-02
2.314707338809967041e-01
7.806602716445922852e-01
7.166112065315246582e-01
1.976280510425567627e-01
2.071701586246490479e-01
1.776404865086078644e-02
4.055773913860321045e-01
2.368218302726745605e-01
3.098599314689636230e-01
3.957120776176452637e-01
2.038543075323104858e-01
6.635435223579406738e-01
2.090453058481216431e-01
4.691902995109558105e-01
5.223231390118598938e-03
4.966139793395996094e-01
7.212435593828558922e-05
4.705340862274169922e-01
3.246273994445800781e-01
9.838345646858215332e-01
3.983128070831298828e-01
1.131497398018836975e-01
1.941142529249191284e-01
7.898849993944168091e-02
3.040896728634834290e-03
2.110615223646163940e-01
5.524694323539733887e-01
4.152962863445281982e-01
7.709554433822631836e-01
2.080195993185043335e-01
4.096587896347045898e-01
9.423520416021347046e-02
2.148632109165191650e-01
2.273947894573211670e-01
2.520321905612945557e-01
9.630765765905380249e-02
2.075621113181114197e-02
2.499373555183410645e-01
2.700849063694477081e-02
1.275114715099334717e-01
2.023304253816604614e-01
4.109351336956024170e-01
3.884173929691314697e-01
4.187683761119842529e-01
6.278145313262939453e-02
3.428137004375457764e-01
3.960030376911163330e-01
8.176279067993164062e-02
1.080302521586418152e-02
4.243572475388646126e-04
1.761694550514221191e-01
2.146563827991485596e-01
8.845371752977371216e-02
7.724570035934448242e-01
2.834944725036621094e-01
1.811473630368709564e-02
5.647674202919006348e-01
2.225816696882247925e-01
5.946839451789855957e-01
3.957490921020507812e-01
3.730811774730682373e-01
2.236762642860412598e-02
3.937523812055587769e-03
2.047235369682312012e-01
2.526113577187061310e-02
3.161853849887847900e-01
2.022321373224258423e-01
2.800209224224090576e-01
2.377759367227554321e-01
6.819451451301574707e-01
2.175519764423370361e-01
3.033212758600711823e-02
2.033581286668777466e-01
6.118966341018676758e-01
4.042907655239105225e-01
1.079089492559432983e-01
2.004272043704986572e-01
6.034673452377319336e-01
2.285839021205902100e-01
3.137162923812866211e-01
4.400708675384521484e-01
5.578802153468132019e-02
3.971010446548461914e-01
5.401096493005752563e-02
4.692374542355537415e-02
3.938960134983062744e-01
6.042866110801696777e-01
2.258357703685760498e-01
1.365389227867126465e-01
2.068406641483306885e-01
2.330275177955627441e-01
3.940559923648834229e-01
7.671597003936767578e-01
7.663689255714416504e-01
2.185612767934799194e-01
4.894341230392456055e-01
3.379964530467987061e-01
3.175257891416549683e-02
2.281462103128433228e-01
2.403809726238250732e-01
2.950412034988403320e-01
3.501182422041893005e-02
1.591864740476012230e-03
4.718011617660522461e-02
2.536601424217224121e-01
6.485598087310791016e-01
9.457106888294219971e-02
4.360906034708023071e-02
5.648913383483886719e-01
3.069084584712982178e-01
1.992303505539894104e-02
2.098720520734786987e-01
1.822489202022552490e-01
3.847132995724678040e-02
7.634428143501281738e-02
3.709478676319122314e-01
1.993172913789749146e-01
3.455629348754882812e-01
4.066825807094573975e-01
5.659033060073852539e-01
1.116250082850456238e-02
4.142669737339019775e-01
2.956844270229339600e-01
1.311451345682144165e-01
2.848810851573944092e-01
4.159627556800842285e-01
1.698357313871383667e-01
3.029464185237884521e-01
2.065040543675422668e-02
2.387855798006057739e-01
2.036367803812026978e-01
1.359015423804521561e-02
3.948962688446044922e-01
6.218179129064083099e-03
4.222623407840728760e-01
2.301809638738632202e-01
4.028156101703643799e-01
3.130816668272018433e-02
5.774957537651062012e-01
2.401672899723052979e-01
1.968047395348548889e-02
1.572532653808593750e-01
2.895205914974212646e-01
4.570612907409667969e-01
5.992083549499511719e-01
2.586221098899841309e-01
3.843292891979217529e-01
4.895250201225280762e-01
4.633431434631347656e-01
5.910215377807617188e-01
7.859507799148559570e-01
5.531024932861328125e-01
2.969409525394439697e-01
2.249166220426559448e-01
3.700477480888366699e-01
4.053401648998260498e-01
4.013935923576354980e-01
5.984539389610290527e-01
3.946799635887145996e-01
1.116821244359016418e-01
2.090976685285568237e-01
3.176386952400207520e-01
4.252051413059234619e-01
7.451189756393432617e-01
2.018429934978485107e-01
4.847730696201324463e-02
3.118552081286907196e-02
3.963904976844787598e-01
2.075984328985214233e-01
4.434020444750785828e-02
1.944360136985778809e-01
5.991321206092834473e-01
3.128816783428192139e-01
3.182170093059539795e-01
4.595522582530975342e-01
2.081095725297927856e-01
2.158357650041580200e-01
6.050807833671569824e-01
5.919449329376220703e-01
3.291033906862139702e-03
5.739024877548217773e-01
5.695724487304687500e-01
3.126668632030487061e-01
4.111413955688476562e-01
1.946884542703628540e-01
1.995234787464141846e-01
4.059234261512756348e-01
2.188338637351989746e-01
2.888137698173522949e-01
2.080998718738555908e-01
5.192335247993469238e-01
9.019015729427337646e-02
2.269518077373504639e-01
2.689270675182342529e-01
7.482448816299438477e-01
6.083979010581970215e-01
2.033477425575256348e-01
6.104679703712463379e-01
1.138804014772176743e-02
5.873592495918273926e-01
5.185525417327880859e-01
3.994675874710083008e-01
3.166667520999908447e-01
1.512704044580459595e-01
6.183913946151733398e-01
1.024670600891113281e-01
5.582729820162057877e-03
6.021170020103454590e-01
3.634051680564880371e-01
7.937339544296264648e-01
3.946015238761901855e-01
1.998704224824905396e-01
3.906935155391693115e-01
5.387421846389770508e-01
2.706776857376098633e-01
3.881824612617492676e-01
4.031627774238586426e-01
7.060529589653015137e-01
4.584934711456298828e-01
6.104682385921478271e-02
4.630922079086303711e-01
5.821133777499198914e-02
5.965362787246704102e-01
6.108405590057373047e-01
7.779968902468681335e-03
5.972389578819274902e-01
4.134642183780670166e-01
4.146086871623992920e-01
2.595024108886718750e-01
1.477389335632324219e-01
6.417413949966430664e-01
1.256928443908691406e-01
2.893790602684020996e-01
5.715486407279968262e-01
4.535117745399475098e-01
2.058726698160171509e-01
7.815716266632080078e-01
1.964510530233383179e-01
7.923712730407714844e-01
2.626208588480949402e-02
5.781686305999755859e-01
2.802986502647399902e-01
9.091435074806213379e-01
8.773595839738845825e-02
9.837636351585388184e-02
2.171636223793029785e-01
4.228868782520294189e-01
6.266773343086242676e-01
7.100249528884887695e-01
1.977987438440322876e-01
1.021203547716140747e-01
4.044774472713470459e-01
6.287736296653747559e-01
1.976979672908782959e-01
6.303157210350036621e-01
5.646275877952575684e-01
5.282120034098625183e-02
1.025077886879444122e-02
1.410214900970458984e-01
1.049617230892181396e-01
1.486883610486984253e-01
4.068416059017181396e-01
5.901119709014892578e-01
5.639357566833496094e-01
7.382621169090270996e-01
5.481073856353759766e-01
3.932516574859619141e-01
4.056947827339172363e-01
5.881275050342082977e-03
6.936876177787780762e-01
1.636168360710144043e-01
6.666916888207197189e-03
2.156545221805572510e-01
8.040243387222290039e-02
2.102180421352386475e-01
2.127001732587814331e-01
1.941844448447227478e-02
5.205494165420532227e-01
2.610504925251007080e-01
6.069779396057128906e-01
3.542903661727905273e-01
5.754751339554786682e-02
3.440326452255249023e-02
2.609070837497711182e-01
2.152225524187088013e-01
4.120436906814575195e-01
6.542297005653381348e-01
3.396483659744262695e-01
3.770096302032470703e-01
7.335649430751800537e-02
6.423537135124206543e-01
3.331390321254730225e-01
1.985200792551040649e-01
6.018393635749816895e-01
1.068280488252639771e-01
7.939580678939819336e-01
4.091952145099639893e-01
1.841062307357788086e-02
3.963962662965059280e-03
3.668309450149536133e-01
7.886717319488525391e-01
2.464290559291839600e-01
3.488625288009643555e-01
2.222655713558197021e-01
5.674237012863159180e-02
4.004450440406799316e-01
3.859296441078186035e-01
3.283482789993286133e-01
4.023937582969665527e-01
6.165156364440917969e-01
2.945760823786258698e-02
2.791638970375061035e-01
2.148053646087646484e-01
7.015783786773681641e-01
4.986041784286499023e-01
4.762582480907440186e-03
5.099914669990539551e-01
5.446836352348327637e-02
3.963257372379302979e-01
2.388780117034912109e-01
3.464853763580322266e-01
4.089482426643371582e-01
5.238957405090332031e-01
2.119864523410797119e-01
5.581195354461669922e-01
7.818055748939514160e-01
7.913853526115417480e-01
2.242066115140914917e-01
3.426942825317382812e-01
7.971978783607482910e-01
2.632893621921539307e-01
4.038041532039642334e-01
2.077773585915565491e-02
3.426944895181804895e-04
6.836763620376586914e-01
1.080077048391103745e-02
7.809615135192871094e-02
7.692438960075378418e-01
3.240615725517272949e-01
3.431571125984191895e-01
3.327493965625762939e-01
2.451398409903049469e-02
6.088511347770690918e-01
1.526075601577758789e-01
4.093096256256103516e-01
2.139877825975418091e-01
7.773489952087402344e-01
2.440822720527648926e-01
2.639017403125762939e-01
1.892704665660858154e-01
3.327358663082122803e-01
4.164320230484008789e-01
2.000194340944290161e-01
2.515484988689422607e-01
1.215849965810775757e-01
2.335433959960937500e-01
2.649538032710552216e-02
6.614750623703002930e-01
2.342976070940494537e-02
3.934861421585083008e-01
2.578010559082031250e-01
1.906181275844573975e-01
5.718752145767211914e-01
2.080792039632797241e-01
1.768974959850311279e-01
3.942294120788574219e-01
3.938155472278594971e-01
1.477976739406585693e-01
2.639869749546051025e-01
5.507236719131469727e-01
3.135076761245727539e-01
5.958507061004638672e-01
3.932513296604156494e-01
3.737052083015441895e-01
4.966005384922027588e-01
4.373535215854644775e-01
3.749659061431884766e-01
7.744686305522918701e-02
6.256689429283142090e-01
4.611766338348388672e-01
5.062755346298217773e-01
6.099642515182495117e-01
2.277511507272720337e-01
2.142129391431808472e-01
3.969608843326568604e-01
3.663552403450012207e-01
4.146299064159393311e-01
3.640246987342834473e-01
1.998866498470306396e-01
4.067467898130416870e-02
6.313078105449676514e-02
7.857567071914672852e-01
3.740510046482086182e-01
2.919311821460723877e-01
6.193136572837829590e-01
1.217525303363800049e-01
3.776036798954010010e-01
9.217976476065814495e-04
1.429359614849090576e-01
8.178471028804779053e-02
3.989601135253906250e-02
1.690910547040402889e-03
3.967991471290588379e-02
1.838175812736153603e-03
4.243373274803161621e-01
3.091568946838378906e-01
2.366403043270111084e-01
7.932115793228149414e-01
4.023730754852294922e-01
1.879747658967971802e-01
2.868701517581939697e-01
2.005606144666671753e-01
2.444577813148498535e-01
2.036214321851730347e-01
3.164106011390686035e-01
3.717499673366546631e-01
2.799001038074493408e-01
7.929395437240600586e-01
6.040218472480773926e-01
1.919539831578731537e-02
5.990802049636840820e-01
2.168145030736923218e-01
5.888947248458862305e-01
5.431721806526184082e-01
1.880591362714767456e-01
4.026494622230529785e-01
4.110201001167297363e-01
1.306897997856140137e-01
7.675249129533767700e-02
1.956281363964080811e-01
2.059339582920074463e-01
5.053281188011169434e-01
1.578174158930778503e-02
6.898984909057617188e-01
4.351174533367156982e-01
3.951252698898315430e-01
1.507676094770431519e-01
3.940050005912780762e-01
1.199389621615409851e-01
2.456908822059631348e-01
6.879495340399444103e-04
6.972399353981018066e-02
1.268073767423629761e-01
6.185500621795654297e-01
1.077626645565032959e-01
8.828135579824447632e-02
3.956585228443145752e-01
7.755738496780395508e-01
2.090727686882019043e-01
2.256460189819335938e-01
2.026872336864471436e-01
2.562321163713932037e-02
5.906547307968139648e-01
1.121517196297645569e-01
6.031640768051147461e-01
2.881707549095153809e-01
1.846969276666641235e-01
5.926817655563354492e-01
1.610706931387539953e-05
7.366658449172973633e-01
4.335258603096008301e-01
2.542772293090820312e-01
5.732500553131103516e-01
3.828033506870269775e-01
4.157226085662841797e-01
2.202382236719131470e-01
1.160598173737525940e-01
5.540772080421447754e-01
2.940841615200042725e-01
2.038006037473678589e-01
5.701737403869628906e-01
1.955877542495727539e-01
8.193043470382690430e-01
2.898269295692443848e-01
3.420361876487731934e-01
1.719011366367340088e-01
1.072817668318748474e-02
3.670418262481689453e-01
6.273649334907531738e-01
3.997696563601493835e-03
2.447670847177505493e-01
1.372117251157760620e-01
7.821081876754760742e-01
4.423188865184783936e-01
1.730523705482482910e-01
6.004562377929687500e-01
2.618763446807861328e-01
6.174422502517700195e-01
5.065370798110961914e-01
3.931159079074859619e-01
7.842743396759033203e-01
4.357630908489227295e-01
2.464717477560043335e-01
6.880675554275512695e-01
5.449769496917724609e-01
3.965540826320648193e-01
5.935762524604797363e-01
9.859374910593032837e-02
7.874149084091186523e-01
2.058628648519515991e-01
2.982336878776550293e-01
2.419445216655731201e-01
5.687448382377624512e-01
2.268547266721725464e-01
7.825494408607482910e-01
8.021146655082702637e-01
7.711330056190490723e-01
6.021926403045654297e-01
2.105347067117691040e-01
3.931213021278381348e-01
1.608269661664962769e-01
5.338276028633117676e-01
4.214491546154022217e-01
9.433699846267700195e-01
2.206372283399105072e-02
1.812585741281509399e-01
4.834634065628051758e-01
4.884651899337768555e-01
3.770278692245483398e-01
1.136182248592376709e-01
3.737158775329589844e-01
4.096174538135528564e-01
3.373460471630096436e-02
2.012304365634918213e-01
6.574040055274963379e-01
1.074837222695350647e-01
2.129832208156585693e-01
4.235433638095855713e-01
4.451607465744018555e-01
2.200369685888290405e-01
6.998445987701416016e-01
4.389247298240661621e-01
4.595089554786682129e-01
2.293763905763626099e-01
7.802800536155700684e-01
5.891755223274230957e-01
1.369063975289463997e-04
2.229105383157730103e-01
1.819372326135635376e-01
1.820921450853347778e-01
2.470413744449615479e-01
6.128310561180114746e-01
4.278442263603210449e-01
5.389119386672973633e-01
6.318386197090148926e-01
5.839912686496973038e-03
5.999974012374877930e-01
5.892647504806518555e-01
3.953144252300262451e-01
3.495669066905975342e-01
6.003040671348571777e-01
2.819163203239440918e-01
7.652286887168884277e-01
2.097626924514770508e-01
4.122411608695983887e-01
8.970907330513000488e-02
2.675535380840301514e-01
1.009743101894855499e-02
2.077986747026443481e-01
4.120006859302520752e-01
5.090840458869934082e-01
3.285802304744720459e-01
2.339187860488891602e-01
1.707875579595565796e-01
4.037741720676422119e-01
2.213121950626373291e-01
2.108534723520278931e-01
5.668629407882690430e-01
2.069295048713684082e-01
3.999416828155517578e-01
2.729260027408599854e-01
2.676947712898254395e-01
3.013241291046142578e-01
