9.850917458534240723e-01
9.855363965034484863e-01
9.860551357269287109e-01
9.809337258338928223e-01
9.860498309135437012e-01
9.901152849197387695e-01
9.945356249809265137e-01
9.555069208145141602e-01
9.804214835166931152e-01
9.883630275726318359e-01
9.923856258392333984e-01
9.310933351516723633e-01
9.810472726821899414e-01
9.960495829582214355e-01
9.989043474197387695e-01
6.525327563285827637e-01
8.911368846893310547e-01
9.996567368507385254e-01
8.195129036903381348e-01
9.311859011650085449e-01
9.885177016258239746e-01
9.814618229866027832e-01
9.851220250129699707e-01
9.883073568344116211e-01
9.498706459999084473e-01
9.749954938888549805e-01
9.983111023902893066e-01
9.978037476539611816e-01
9.969148635864257812e-01
9.524801373481750488e-01
9.007373452186584473e-01
9.897015690803527832e-01
9.211462736129760742e-01
9.790251255035400391e-01
9.903483390808105469e-01
9.707059264183044434e-01
9.900600910186767578e-01
9.856167435646057129e-01
9.918795824050903320e-01
9.512202739715576172e-01
9.903036952018737793e-01
9.968470931053161621e-01
9.990766048431396484e-01
9.850687384605407715e-01
9.771433472633361816e-01
9.768500924110412598e-01
9.785113930702209473e-01
9.931972026824951172e-01
9.903178215026855469e-01
9.119307398796081543e-01
9.553467035293579102e-01
9.898613095283508301e-01
9.906868934631347656e-01
8.754519224166870117e-01
9.755664467811584473e-01
9.967905879020690918e-01
9.988392591476440430e-01
9.920094013214111328e-01
9.918475151062011719e-01
9.677489995956420898e-01
8.560559749603271484e-01
9.976256489753723145e-01
9.833768010139465332e-01
8.749949932098388672e-01
8.651195764541625977e-01
9.936924576759338379e-01
9.403365850448608398e-01
9.433566927909851074e-01
9.538925886154174805e-01
9.264822006225585938e-01
9.683074951171875000e-01
9.955269098281860352e-01
9.957127571105957031e-01
9.905212521553039551e-01
9.772388339042663574e-01
9.814971685409545898e-01
9.914385676383972168e-01
9.856930971145629883e-01
9.587239027023315430e-01
9.716180562973022461e-01
9.684458971023559570e-01
9.676570296287536621e-01
9.798033237457275391e-01
9.881635904312133789e-01
9.862853288650512695e-01
9.587015509605407715e-01
9.806795120239257812e-01
9.873809218406677246e-01
9.913491606712341309e-01
9.750491976737976074e-01
9.576430320739746094e-01
9.754952192306518555e-01
9.903715252876281738e-01
9.872413277626037598e-01
9.853053092956542969e-01
9.586482644081115723e-01
9.928773045539855957e-01
9.982713460922241211e-01
9.990558028221130371e-01
9.900760054588317871e-01
9.820297956466674805e-01
9.483640789985656738e-01
9.666783809661865234e-01
9.754037261009216309e-01
9.954316020011901855e-01
9.100995659828186035e-01
9.016368389129638672e-01
9.972857236862182617e-01
9.895741343498229980e-01
8.909361958503723145e-01
9.789821505546569824e-01
9.971849918365478516e-01
9.984128475189208984e-01
9.833768606185913086e-01
9.720804095268249512e-01
9.455909729003906250e-01
7.986462116241455078e-01
9.643518924713134766e-01
9.965792298316955566e-01
9.780408740043640137e-01
9.827448129653930664e-01
9.970598816871643066e-01
9.637392163276672363e-01
9.652913808822631836e-01
9.639253616333007812e-01
9.698920249938964844e-01
9.631930589675903320e-01
9.950502514839172363e-01
9.922093152999877930e-01
9.896007180213928223e-01
9.729629158973693848e-01
8.234156966209411621e-01
9.820877909660339355e-01
9.954003691673278809e-01
9.505043029785156250e-01
9.811275601387023926e-01
9.948422908782958984e-01
9.577676653861999512e-01
9.603962898254394531e-01
9.779961705207824707e-01
9.891814589500427246e-01
9.383764266967773438e-01
9.864650964736938477e-01
9.976341128349304199e-01
9.848767518997192383e-01
9.710754156112670898e-01
9.895685315132141113e-01
9.933204650878906250e-01
9.658995270729064941e-01
9.745192527770996094e-01
9.816679358482360840e-01
9.515761733055114746e-01
9.979010224342346191e-01
9.978542327880859375e-01
9.973700642585754395e-01
9.928744435310363770e-01
9.866352081298828125e-01
9.689854383468627930e-01
9.638808965682983398e-01
9.360935091972351074e-01
9.929625391960144043e-01
9.984622001647949219e-01
8.459119796752929688e-01
9.404768347740173340e-01
9.962692856788635254e-01
8.485513329505920410e-01
9.671333432197570801e-01
9.993996024131774902e-01
9.982662200927734375e-01
9.912371039390563965e-01
9.860168695449829102e-01
9.770988225936889648e-01
9.112777113914489746e-01
9.615887999534606934e-01
9.919123649597167969e-01
9.915698170661926270e-01
8.232857584953308105e-01
9.351817369461059570e-01
9.922010898590087891e-01
9.904832243919372559e-01
9.954773783683776855e-01
9.967778325080871582e-01
9.986293315887451172e-01
9.851020574569702148e-01
9.873199462890625000e-01
9.885895848274230957e-01
9.721790552139282227e-01
9.858283400535583496e-01
9.890736937522888184e-01
9.948462843894958496e-01
9.183987379074096680e-01
9.548113942146301270e-01
9.838122129440307617e-01
9.880112409591674805e-01
9.315466880798339844e-01
9.887250065803527832e-01
9.949325919151306152e-01
9.853106141090393066e-01
9.877631664276123047e-01
9.941254258155822754e-01
9.821882247924804688e-01
9.894852638244628906e-01
9.882054328918457031e-01
9.938802123069763184e-01
9.638010263442993164e-01
9.877450466156005859e-01
8.845185041427612305e-01
9.804179668426513672e-01
9.483681917190551758e-01
9.903557300567626953e-01
9.471958279609680176e-01
9.806679487228393555e-01
9.838212132453918457e-01
9.832431077957153320e-01
9.819210171699523926e-01
9.860972762107849121e-01
9.908329844474792480e-01
9.935390353202819824e-01
9.437227249145507812e-01
9.673981070518493652e-01
9.884618520736694336e-01
9.896811246871948242e-01
9.101378321647644043e-01
9.913009405136108398e-01
9.968210458755493164e-01
