7.708302736282348633e-01
1.684732618741691113e-03
1.019474677741527557e-02
7.130289077758789062e-01
4.924984574317932129e-01
2.151280492544174194e-01
2.116069644689559937e-01
3.207778930664062500e-01
4.655064046382904053e-01
4.176552891731262207e-01
4.847273528575897217e-01
1.752220988273620605e-01
4.055157005786895752e-01
5.854618549346923828e-01
8.133475780487060547e-01
1.318229734897613525e-01
8.260611444711685181e-03
8.033329844474792480e-01
1.426001340150833130e-01
1.555857658386230469e-01
4.101092219352722168e-01
6.865037977695465088e-02
2.323826700448989868e-01
5.038253217935562134e-02
9.753845632076263428e-02
1.858850754797458649e-02
1.978154852986335754e-02
4.952307641506195068e-01
5.883952379226684570e-01
3.845460414886474609e-01
2.033739909529685974e-02
6.272742748260498047e-01
5.214407444000244141e-01
1.863414645195007324e-01
1.867664232850074768e-02
2.027086913585662842e-01
6.237490773200988770e-01
4.726205766201019287e-01
3.325395286083221436e-01
1.808742433786392212e-01
2.085863500833511353e-01
3.975138962268829346e-01
7.916935682296752930e-01
2.131906598806381226e-01
1.869369447231292725e-01
4.439437985420227051e-01
1.886977404356002808e-01
3.908697366714477539e-01
2.178067862987518311e-01
4.008946120738983154e-01
4.481080174446105957e-01
2.419804483652114868e-01
7.495993971824645996e-01
1.116664847359061241e-03
3.816120624542236328e-01
6.898063421249389648e-01
7.986516356468200684e-01
2.163305580615997314e-01
6.149937510490417480e-01
2.254021354019641876e-02
3.056662529706954956e-02
4.190840423107147217e-01
4.223367869853973389e-01
1.640698174014687538e-04
2.388390451669692993e-01
5.068738386034965515e-02
2.324616760015487671e-01
9.412333020009100437e-04
5.749135161750018597e-04
7.612557709217071533e-02
3.061350882053375244e-01
4.223043918609619141e-01
3.950203359127044678e-01
2.596826292574405670e-03
4.832580387592315674e-01
5.689773559570312500e-01
2.512154579162597656e-01
3.937153816223144531e-01
1.201911866664886475e-01
3.270070254802703857e-01
3.310488462448120117e-01
1.168546602129936218e-01
1.995864957571029663e-01
7.093730568885803223e-01
3.687210977077484131e-01
7.945926189422607422e-01
5.892060995101928711e-01
8.367050439119338989e-03
2.488859295845031738e-01
4.175640940666198730e-01
4.624211415648460388e-02
4.571109265089035034e-02
6.536297798156738281e-01
1.591596603393554688e-01
2.729979753494262695e-01
9.690438397228717804e-03
5.122656468302011490e-03
2.265433669090270996e-01
3.324545919895172119e-01
4.103156924247741699e-01
6.732629537582397461e-01
2.107405215501785278e-01
4.374683499336242676e-01
7.161164283752441406e-01
3.745696246623992920e-01
2.075298726558685303e-01
7.297304868698120117e-01
3.731936812400817871e-01
9.204804152250289917e-02
1.659090630710124969e-02
1.990146040916442871e-01
8.164994120597839355e-01
7.703511714935302734e-01
5.713195204734802246e-01
4.734582304954528809e-01
2.332536317408084869e-02
5.187011957168579102e-01
2.864456176757812500e-01
4.180894494056701660e-01
5.399371031671762466e-03
3.405782580375671387e-01
2.534231543540954590e-01
3.721225559711456299e-01
1.585194375365972519e-03
5.775689706206321716e-02
9.647542238235473633e-02
8.924250602722167969e-01
6.215695142745971680e-01
4.504136443138122559e-01
8.130223490297794342e-03
3.604939281940460205e-01
1.819314360618591309e-01
4.190192818641662598e-01
3.988856971263885498e-01
5.276423096656799316e-01
6.022450700402259827e-02
6.478862762451171875e-01
1.087654847651720047e-03
2.057192474603652954e-02
2.541152536869049072e-01
8.272545337677001953e-01
5.270178318023681641e-01
4.164979755878448486e-01
6.044199690222740173e-02
7.868140935897827148e-01
3.863305449485778809e-01
5.379660129547119141e-01
3.933301568031311035e-01
3.649269640445709229e-01
1.348978281021118164e-01
4.846283495426177979e-01
9.523572027683258057e-02
2.075274884700775146e-01
4.020892083644866943e-01
6.722185611724853516e-01
6.048189997673034668e-01
7.827872633934020996e-01
1.670573255978524685e-04
7.896736860275268555e-01
3.105351924896240234e-01
3.738670647144317627e-01
4.052647352218627930e-01
5.548992156982421875e-01
7.803062200546264648e-01
4.210363030433654785e-01
2.535248640924692154e-03
4.009767770767211914e-01
7.920690774917602539e-01
5.994207262992858887e-01
3.006329834461212158e-01
5.913391113281250000e-01
4.453989118337631226e-02
5.913218855857849121e-01
1.573231816291809082e-01
4.182156026363372803e-01
7.203631401062011719e-01
2.617783844470977783e-02
7.643043398857116699e-01
5.204981565475463867e-01
6.809779405593872070e-01
8.785720914602279663e-03
4.353638887405395508e-01
7.272027134895324707e-01
1.930801011621952057e-02
1.405980139970779419e-01
3.313883766531944275e-02
4.402252435684204102e-01
4.228001534938812256e-01
6.170648336410522461e-01
4.031730890274047852e-01
7.307823300361633301e-01
6.043120026588439941e-01
6.585195064544677734e-01
1.233697682619094849e-01
3.413928449153900146e-01
5.097598433494567871e-01
9.919418096542358398e-01
6.018198728561401367e-01
4.120955467224121094e-01
2.019162923097610474e-01
5.317078232765197754e-01
5.564220547676086426e-01
2.043079733848571777e-01
1.188184618949890137e-01
1.864155083894729614e-01
4.122192859649658203e-01
7.536319494247436523e-01
7.593209743499755859e-01
2.276788931339979172e-03
4.169083833694458008e-01
6.374099254608154297e-01
9.332019686698913574e-01
3.995627760887145996e-01
1.841047853231430054e-01
5.840533971786499023e-01
2.938343882560729980e-01
2.287507504224777222e-01
7.261271774768829346e-02
1.874508708715438843e-01
3.789900541305541992e-01
6.715312004089355469e-01
5.733374357223510742e-01
3.724857419729232788e-02
3.194407820701599121e-01
2.161658704280853271e-01
