9.664127826690673828e-01
9.434865713119506836e-01
9.817721843719482422e-01
9.857239723205566406e-01
9.824250936508178711e-01
9.774774312973022461e-01
9.893885254859924316e-01
9.757862687110900879e-01
9.762220978736877441e-01
9.721532464027404785e-01
9.916871190071105957e-01
9.734081625938415527e-01
9.884226918220520020e-01
9.878674149513244629e-01
9.975992441177368164e-01
8.683182597160339355e-01
9.936862587928771973e-01
9.975551366806030273e-01
9.455860257148742676e-01
9.527094960212707520e-01
9.834518432617187500e-01
9.837653040885925293e-01
9.778587222099304199e-01
9.672778248786926270e-01
9.871137738227844238e-01
9.724938869476318359e-01
9.943609237670898438e-01
9.951968789100646973e-01
9.958540797233581543e-01
8.511770367622375488e-01
9.885128140449523926e-01
9.872215390205383301e-01
9.804126620292663574e-01
9.758915901184082031e-01
9.905791282653808594e-01
9.747644066810607910e-01
9.796909689903259277e-01
9.752551317214965820e-01
9.904360771179199219e-01
9.617992639541625977e-01
9.804227948188781738e-01
9.892640709877014160e-01
9.978130459785461426e-01
9.761145114898681641e-01
9.336656332015991211e-01
9.808033704757690430e-01
9.787475466728210449e-01
9.788008928298950195e-01
9.923179745674133301e-01
9.743770360946655273e-01
9.807903170585632324e-01
9.683117270469665527e-01
9.919428229331970215e-01
9.794649481773376465e-01
9.871950745582580566e-01
9.859510064125061035e-01
9.986148476600646973e-01
9.989684820175170898e-01
9.894219636917114258e-01
9.792956709861755371e-01
9.778023362159729004e-01
9.899898171424865723e-01
9.789836406707763672e-01
8.955104351043701172e-01
9.725546836853027344e-01
9.710516929626464844e-01
9.835336208343505859e-01
9.966041445732116699e-01
9.877529144287109375e-01
9.863125085830688477e-01
9.936192631721496582e-01
9.904904365539550781e-01
9.912652373313903809e-01
9.826497435569763184e-01
9.488384127616882324e-01
9.224371314048767090e-01
9.908277988433837891e-01
9.943476915359497070e-01
8.529678583145141602e-01
9.117363095283508301e-01
9.823626875877380371e-01
9.931182861328125000e-01
9.957983493804931641e-01
9.766066074371337891e-01
9.836489558219909668e-01
9.167864918708801270e-01
9.480937719345092773e-01
9.779225587844848633e-01
9.909933805465698242e-01
9.350259304046630859e-01
9.531074762344360352e-01
9.818180203437805176e-01
9.815440177917480469e-01
9.670491218566894531e-01
9.809866547584533691e-01
9.669079184532165527e-01
9.975165128707885742e-01
9.977082014083862305e-01
9.995826482772827148e-01
9.906206727027893066e-01
9.826390743255615234e-01
9.791542887687683105e-01
9.323200583457946777e-01
9.524568915367126465e-01
9.876514673233032227e-01
8.921867012977600098e-01
9.638701081275939941e-01
9.897539615631103516e-01
9.824088215827941895e-01
9.873772859573364258e-01
9.918143153190612793e-01
9.804784059524536133e-01
9.881533980369567871e-01
9.920871257781982422e-01
9.832963943481445312e-01
9.757612943649291992e-01
8.866156935691833496e-01
9.796726107597351074e-01
9.921717643737792969e-01
9.792677164077758789e-01
9.723432064056396484e-01
9.879796504974365234e-01
9.891567826271057129e-01
9.963839054107666016e-01
9.935929179191589355e-01
9.872564673423767090e-01
9.963956475257873535e-01
9.828124046325683594e-01
9.789950251579284668e-01
9.717145562171936035e-01
9.891721010208129883e-01
9.824264049530029297e-01
9.903981089591979980e-01
9.853336811065673828e-01
9.838370084762573242e-01
9.834533333778381348e-01
9.978495836257934570e-01
9.893983006477355957e-01
9.917740225791931152e-01
9.417288303375244141e-01
9.878035187721252441e-01
9.772906899452209473e-01
9.775450229644775391e-01
9.773190021514892578e-01
9.908708930015563965e-01
9.338165521621704102e-01
9.755895137786865234e-01
9.995187520980834961e-01
9.864879846572875977e-01
9.764887094497680664e-01
9.991156458854675293e-01
9.828281402587890625e-01
9.996041059494018555e-01
9.990549087524414062e-01
9.986799359321594238e-01
9.876409173011779785e-01
9.821531176567077637e-01
9.776894450187683105e-01
9.842810034751892090e-01
9.753581285476684570e-01
9.841645359992980957e-01
9.885035753250122070e-01
9.768102765083312988e-01
9.816948175430297852e-01
9.835929274559020996e-01
9.897131919860839844e-01
9.959527254104614258e-01
9.876942634582519531e-01
9.841998219490051270e-01
9.879788160324096680e-01
9.691234827041625977e-01
9.799076914787292480e-01
9.804933071136474609e-01
9.782107472419738770e-01
9.736050963401794434e-01
9.888830780982971191e-01
9.721835255622863770e-01
9.924764037132263184e-01
9.683662652969360352e-01
9.904356598854064941e-01
9.932530522346496582e-01
9.886817932128906250e-01
9.982225298881530762e-01
9.085428118705749512e-01
9.501706957817077637e-01
9.781442880630493164e-01
9.900409579277038574e-01
9.750013947486877441e-01
9.749478101730346680e-01
9.923980236053466797e-01
9.799929857254028320e-01
9.798401594161987305e-01
9.924386143684387207e-01
9.911802411079406738e-01
9.579921364784240723e-01
9.760841131210327148e-01
9.969874620437622070e-01
8.537574410438537598e-01
9.050652384757995605e-01
9.864872097969055176e-01
9.909823536872863770e-01
9.648212790489196777e-01
9.740957021713256836e-01
9.930240511894226074e-01
9.802856445312500000e-01
9.783150553703308105e-01
9.723716974258422852e-01
9.853120446205139160e-01
9.662827849388122559e-01
9.805693626403808594e-01
9.677457809448242188e-01
9.428222775459289551e-01
8.775786161422729492e-01
9.817822575569152832e-01
9.881381392478942871e-01
9.763674736022949219e-01
9.735598564147949219e-01
9.928765892982482910e-01
9.758815169334411621e-01
9.781544804573059082e-01
9.724906682968139648e-01
9.751830101013183594e-01
9.594779014587402344e-01
9.795466065406799316e-01
9.728748798370361328e-01
