2.363273799419403076e-01
5.900456905364990234e-01
4.950594622641801834e-03
6.476187705993652344e-01
2.554303109645843506e-01
6.331385970115661621e-01
1.894633024930953979e-01
5.051202774047851562e-01
3.688328266143798828e-01
4.524132609367370605e-01
5.494290590286254883e-01
1.279634609818458557e-02
1.798566132783889771e-01
4.600297510623931885e-01
6.278241276741027832e-01
5.021715909242630005e-02
1.700286939740180969e-02
4.073841571807861328e-01
2.108474820852279663e-01
6.141893938183784485e-02
4.519943892955780029e-02
3.863764405250549316e-01
4.159989058971405029e-01
2.034390270709991455e-01
1.660606861114501953e-01
8.231630921363830566e-02
2.061121612787246704e-01
6.790010929107666016e-01
3.039922714233398438e-01
5.610303878784179688e-01
1.113863363862037659e-01
2.155986279249191284e-01
2.668693661689758301e-01
2.780317068099975586e-01
4.157032072544097900e-02
4.240897297859191895e-01
4.552791714668273926e-01
1.790610551834106445e-01
1.169475913047790527e-01
1.018671467900276184e-01
2.654922902584075928e-01
5.231798887252807617e-01
7.003835439682006836e-01
5.702689886093139648e-01
5.796837806701660156e-01
4.131199419498443604e-01
4.523771703243255615e-01
2.075642198324203491e-01
4.995285272598266602e-01
2.800555527210235596e-01
3.042629957199096680e-01
4.355023503303527832e-01
3.244704008102416992e-01
5.899189785122871399e-02
2.239401638507843018e-01
5.160557031631469727e-01
8.782359361648559570e-01
4.605308473110198975e-01
1.746179163455963135e-01
2.534181112423539162e-03
1.330472677946090698e-01
5.814436078071594238e-01
8.209693431854248047e-01
1.124949892982840538e-03
4.389987885951995850e-02
1.226159408688545227e-01
6.555946469306945801e-01
1.613641902804374695e-02
1.908287219703197479e-02
2.309427857398986816e-01
4.307737946510314941e-01
2.080076783895492554e-01
3.980341255664825439e-01
5.908777117729187012e-01
2.070463895797729492e-01
1.619803905487060547e-01
1.146292500197887421e-02
2.758606970310211182e-01
2.165010571479797363e-01
2.168501168489456177e-01
4.363522529602050781e-01
8.637381345033645630e-02
2.849021255970001221e-01
2.289284020662307739e-01
4.223988354206085205e-01
4.204199910163879395e-01
4.040054678916931152e-01
3.532288670539855957e-01
2.140754312276840210e-01
6.059350967407226562e-01
3.188538178801536560e-02
6.461765766143798828e-01
4.340037107467651367e-01
2.494349628686904907e-01
3.369862437248229980e-01
1.537425350397825241e-02
5.789182782173156738e-01
5.547555685043334961e-01
3.102096021175384521e-01
5.710280537605285645e-01
3.291339799761772156e-02
2.408658526837825775e-02
5.931005477905273438e-01
6.508795619010925293e-01
5.858556032180786133e-01
5.836350917816162109e-01
4.193775653839111328e-01
6.352640390396118164e-01
3.049066066741943359e-01
2.617756128311157227e-01
8.093133568763732910e-02
5.507656335830688477e-01
7.485895156860351562e-01
3.879220783710479736e-01
2.180475294589996338e-01
1.864099651575088501e-01
7.622116208076477051e-01
1.680725216865539551e-01
2.121887505054473877e-01
2.413000464439392090e-01
5.327132940292358398e-01
6.127225160598754883e-01
5.010345578193664551e-01
1.715253666043281555e-02
4.553937539458274841e-02
4.610589146614074707e-01
6.286073923110961914e-01
6.564549207687377930e-01
2.065584063529968262e-01
4.623248577117919922e-01
5.861102938652038574e-01
4.066879451274871826e-01
2.992208003997802734e-01
2.414479851722717285e-01
3.979477286338806152e-01
2.790531814098358154e-01
3.085429072380065918e-01
3.892801329493522644e-02
2.528194189071655273e-01
3.971536755561828613e-01
5.601092576980590820e-01
2.069537937641143799e-01
5.643336176872253418e-01
2.064614295959472656e-01
5.824744105339050293e-01
4.037067592144012451e-01
5.576518177986145020e-01
2.220456749200820923e-01
3.411448001861572266e-01
5.866466760635375977e-01
6.029697507619857788e-02
9.724343568086624146e-02
1.278030425310134888e-01
2.641980350017547607e-01
6.084764003753662109e-01
7.901289463043212891e-01
2.387949824333190918e-01
5.537341348826885223e-04
4.041211903095245361e-01
7.713302969932556152e-02
1.179134175181388855e-01
5.871728658676147461e-01
5.456056594848632812e-01
9.583970308303833008e-01
7.563689947128295898e-01
1.383380126208066940e-02
7.924439311027526855e-01
5.193856358528137207e-01
3.742894530296325684e-01
4.041109979152679443e-01
2.734783887863159180e-01
2.219913294538855553e-03
4.687994718551635742e-02
4.042794108390808105e-01
3.875207901000976562e-01
6.297513246536254883e-01
2.081908583641052246e-01
3.683274984359741211e-02
2.382781803607940674e-01
4.311378598213195801e-01
4.251157939434051514e-01
7.454724907875061035e-01
7.455706596374511719e-01
9.747992269694805145e-03
5.459088087081909180e-02
2.647585868835449219e-01
4.191811382770538330e-01
1.704920381307601929e-01
1.886159479618072510e-01
8.024748563766479492e-01
5.937622189521789551e-01
4.830605089664459229e-01
6.286049485206604004e-01
1.328843384981155396e-01
1.564788445830345154e-02
4.812039136886596680e-01
6.940383315086364746e-01
4.061433076858520508e-01
3.471890091896057129e-01
2.004980444908142090e-01
3.545830845832824707e-01
2.612600922584533691e-01
2.621717453002929688e-01
1.205689013004302979e-01
3.503278493881225586e-01
5.688877105712890625e-01
2.157519012689590454e-01
3.441842496395111084e-01
2.679139077663421631e-01
3.993884325027465820e-01
4.161000847816467285e-01
5.930954217910766602e-01
3.129549622535705566e-01
1.598172783851623535e-01
4.907515048980712891e-01
4.031943976879119873e-01
5.743127465248107910e-01
2.674205601215362549e-01
8.407235145568847656e-01
2.207328677177429199e-01
2.886953055858612061e-01
3.468440771102905273e-01
2.415260225534439087e-01
2.069035470485687256e-01
2.480119764804840088e-01
