8.715890645980834961e-01
9.977546334266662598e-01
4.585678130388259888e-02
2.087871432304382324e-01
9.544664025306701660e-01
9.681574702262878418e-01
5.020077824592590332e-01
9.659317135810852051e-01
9.942111372947692871e-01
9.239181876182556152e-01
9.993298649787902832e-01
9.963980317115783691e-01
7.680318951606750488e-01
5.168876647949218750e-01
9.986887574195861816e-01
9.488311409950256348e-01
9.819329977035522461e-01
9.225008487701416016e-01
9.845936894416809082e-01
9.627469778060913086e-01
9.542933106422424316e-01
8.148290514945983887e-01
9.468341469764709473e-01
9.861279726028442383e-01
8.639013767242431641e-01
8.126617670059204102e-01
1.794675517885480076e-05
7.242699950893438654e-08
9.998376965522766113e-01
1.475988392485305667e-05
5.333287390385521576e-06
9.999529123306274414e-01
5.619982481002807617e-01
1.654062978923320770e-02
5.428243428468704224e-03
9.787518382072448730e-01
9.488683938980102539e-01
9.967768192291259766e-01
2.627134695649147034e-02
1.463202759623527527e-03
6.310607306659221649e-03
9.943988323211669922e-01
2.582691051065921783e-02
6.958563625812530518e-02
9.535700082778930664e-01
1.815522909164428711e-01
9.363921880722045898e-01
9.874762296676635742e-01
8.613850474357604980e-01
9.979281425476074219e-01
9.649053812026977539e-01
8.177741765975952148e-01
4.641683399677276611e-01
1.912045851349830627e-02
9.983218312263488770e-01
2.232029885053634644e-01
7.337564229965209961e-01
9.720311760902404785e-01
7.725862860679626465e-01
9.907441139221191406e-01
9.951084852218627930e-01
9.228885769844055176e-01
9.990937709808349609e-01
9.948363304138183594e-01
9.971705079078674316e-01
1.921500712633132935e-01
1.993932947516441345e-02
9.998666644096374512e-01
9.992400407791137695e-01
9.953472614288330078e-01
3.048084676265716553e-01
8.994349241256713867e-01
9.965596199035644531e-01
7.802226543426513672e-01
4.654708206653594971e-01
2.093525826930999756e-01
9.920858740806579590e-01
9.106413125991821289e-01
1.594899892807006836e-01
4.994033649563789368e-02
9.996317028999328613e-01
8.275067061185836792e-02
9.609256982803344727e-01
9.915877580642700195e-01
9.807938337326049805e-01
8.483896255493164062e-01
8.505929112434387207e-01
9.512924551963806152e-01
9.703944325447082520e-01
9.766877293586730957e-01
2.084205597639083862e-01
8.850964158773422241e-02
2.104677259922027588e-01
9.992946386337280273e-01
3.303571343421936035e-01
7.137900590896606445e-01
7.776024341583251953e-01
9.660394191741943359e-01
8.216615915298461914e-01
2.631040215492248535e-01
8.952037692070007324e-01
9.980027079582214355e-01
9.988927245140075684e-01
4.690802842378616333e-02
5.588218569755554199e-01
9.856071472167968750e-01
9.988958239555358887e-01
2.975088357925415039e-01
6.995627284049987793e-01
9.754504561424255371e-01
9.685992598533630371e-01
5.144587159156799316e-01
9.684775471687316895e-01
9.100512266159057617e-01
9.869489669799804688e-01
9.938147664070129395e-01
9.751129150390625000e-01
5.775826573371887207e-01
8.940507173538208008e-01
9.992215633392333984e-01
8.905208110809326172e-01
9.202663302421569824e-01
9.093772768974304199e-01
9.837037324905395508e-01
9.997750520706176758e-01
9.932142496109008789e-01
9.615302085876464844e-01
4.158921539783477783e-01
9.775227308273315430e-01
9.010258913040161133e-01
3.218521177768707275e-01
8.358635902404785156e-01
9.983248710632324219e-01
1.746787130832672119e-01
1.901949197053909302e-01
8.951622247695922852e-01
9.564496278762817383e-01
4.540397524833679199e-01
9.682746529579162598e-01
9.920268058776855469e-01
8.602387905120849609e-01
6.492546200752258301e-01
9.128667116165161133e-01
4.946351349353790283e-01
9.023323655128479004e-01
9.976509213447570801e-01
3.172675073146820068e-01
4.985021799802780151e-02
7.600400447845458984e-01
9.623603820800781250e-01
8.940438628196716309e-01
9.789271950721740723e-01
9.740020036697387695e-01
9.022883176803588867e-01
9.753623008728027344e-01
7.552869319915771484e-01
6.273487210273742676e-01
9.460601806640625000e-01
9.993193745613098145e-01
6.394225955009460449e-01
6.840111017227172852e-01
8.889785408973693848e-01
9.722801446914672852e-01
8.333490490913391113e-01
9.916567206382751465e-01
9.828292131423950195e-01
9.211902022361755371e-01
9.957935810089111328e-01
7.767201066017150879e-01
8.280063867568969727e-01
9.910579919815063477e-01
9.595865607261657715e-01
8.571089506149291992e-01
9.930109977722167969e-02
9.737566709518432617e-01
9.505179524421691895e-01
9.896553754806518555e-01
7.224862575531005859e-01
9.643685221672058105e-01
9.986622929573059082e-01
9.899415969848632812e-01
7.857206463813781738e-01
9.999653697013854980e-01
1.607030746527016163e-03
9.121019840240478516e-01
4.331650584936141968e-02
1.343179773539304733e-02
5.230187773704528809e-01
4.241317212581634521e-01
7.936286926269531250e-01
1.472528725862503052e-01
7.611993551254272461e-01
2.453836500644683838e-01
6.547880768775939941e-01
1.985016614198684692e-01
9.834525585174560547e-01
3.083086994593031704e-07
9.968981146812438965e-01
1.140169697464443743e-04
5.495360255736159161e-06
9.961245656013488770e-01
9.604822993278503418e-01
4.121094569563865662e-02
1.418593805283308029e-02
9.707983136177062988e-01
9.912533760070800781e-01
9.917008876800537109e-01
7.263214141130447388e-02
8.737927675247192383e-01
3.371731564402580261e-02
9.925207495689392090e-01
9.909454584121704102e-01
1.678180997259914875e-04
9.783414602279663086e-01
9.865113496780395508e-01
9.876345396041870117e-01
9.494817256927490234e-01
9.192950129508972168e-01
8.827033638954162598e-01
6.738311648368835449e-01
9.616011977195739746e-01
9.947165250778198242e-01
1.074776332825422287e-02
9.965534806251525879e-01
9.912902712821960449e-01
4.142227470874786377e-01
5.610410124063491821e-02
9.813753366470336914e-01
9.885506033897399902e-01
5.799400806427001953e-01
7.622091174125671387e-01
5.433285236358642578e-01
9.952913522720336914e-01
8.508610129356384277e-01
7.402945160865783691e-01
1.477310806512832642e-01
9.903292059898376465e-01
2.243885099887847900e-01
9.913139343261718750e-01
9.948343038558959961e-01
9.771984219551086426e-01
1.871144026517868042e-01
4.758993089199066162e-01
9.363051652908325195e-01
9.552975296974182129e-01
9.624956250190734863e-01
3.401486575603485107e-01
9.429078698158264160e-01
1.375204771757125854e-01
9.912049174308776855e-01
6.158553957939147949e-01
8.572032451629638672e-01
7.767544984817504883e-01
9.600924849510192871e-01
9.632006287574768066e-01
7.213936448097229004e-01
8.733988404273986816e-01
9.963331818580627441e-01
9.910880327224731445e-01
1.488516032695770264e-01
9.633527994155883789e-01
9.515437483787536621e-01
9.921537041664123535e-01
8.753275275230407715e-01
9.476442933082580566e-01
9.921815991401672363e-01
9.672096371650695801e-01
9.190990924835205078e-01
9.839668273925781250e-01
9.237200021743774414e-01
9.989938139915466309e-01
9.369062781333923340e-01
8.620852828025817871e-01
9.763001799583435059e-01
8.716245293617248535e-01
9.918985962867736816e-01
9.586747288703918457e-01
9.940420985221862793e-01
9.802212119102478027e-01
9.762586951255798340e-01
9.954819083213806152e-01
9.923382401466369629e-01
9.901462793350219727e-01
9.359713196754455566e-01
9.919079542160034180e-01
9.237105846405029297e-01
6.144334077835083008e-01
8.217688202857971191e-01
9.876202940940856934e-01
2.094927430152893066e-01
4.333503842353820801e-01
9.879463911056518555e-01
9.502733349800109863e-01
4.492700994014739990e-01
9.942765831947326660e-01
9.902184009552001953e-01
8.482878208160400391e-01
7.854906916618347168e-01
9.351250529289245605e-01
1.075921058654785156e-01
9.036422967910766602e-01
9.834145307540893555e-01
1.674688160419464111e-01
4.924437701702117920e-01
7.839591503143310547e-01
9.451119899749755859e-01
9.378138184547424316e-01
9.784046411514282227e-01
9.724976420402526855e-01
8.759527206420898438e-01
9.564578533172607422e-01
4.906541109085083008e-01
9.643505215644836426e-01
8.863219022750854492e-01
9.901286363601684570e-01
7.612731456756591797e-01
9.583654403686523438e-01
9.982324838638305664e-01
9.667388200759887695e-01
3.606176972389221191e-01
9.934293031692504883e-01
9.875113964080810547e-01
9.155489802360534668e-01
9.942910671234130859e-01
8.595802187919616699e-01
9.999314546585083008e-01
9.986279010772705078e-01
9.184677004814147949e-01
9.998009204864501953e-01
9.893004894256591797e-01
7.240040898323059082e-01
9.434697031974792480e-01
9.972519874572753906e-01
9.958380460739135742e-01
9.689813256263732910e-01
8.892747759819030762e-01
9.965978264808654785e-01
9.995199441909790039e-01
9.935574531555175781e-01
9.983387589454650879e-01
9.973741769790649414e-01
9.929011464118957520e-01
9.652494192123413086e-01
9.972493052482604980e-01
3.818913400173187256e-01
4.532433450222015381e-01
9.405397772789001465e-01
9.793950319290161133e-01
9.927870035171508789e-01
4.414943158626556396e-01
6.737726330757141113e-01
9.577488303184509277e-01
9.091528058052062988e-01
9.963763952255249023e-01
9.642047882080078125e-01
1.918637462949845940e-05
9.842041730880737305e-01
7.145612835884094238e-01
1.382567435503005981e-01
1.204353198409080505e-02
9.535852670669555664e-01
3.855686485767364502e-01
5.045921206474304199e-01
4.089346528053283691e-01
9.558424353599548340e-01
9.928442835807800293e-01
9.972273111343383789e-01
9.874987006187438965e-01
9.962151646614074707e-01
9.880172610282897949e-01
9.904333949089050293e-01
9.981464147567749023e-01
9.971453547477722168e-01
9.686250090599060059e-01
9.886209368705749512e-01
9.930257201194763184e-01
9.988522529602050781e-01
9.950706958770751953e-01
9.968978166580200195e-01
9.976152181625366211e-01
9.208664894104003906e-01
9.997913837432861328e-01
9.810302257537841797e-01
9.952220320701599121e-01
9.977980852127075195e-01
9.950036406517028809e-01
9.728444814682006836e-01
9.809492826461791992e-01
9.975440502166748047e-01
9.994942545890808105e-01
9.536153674125671387e-01
9.907814264297485352e-01
9.972084760665893555e-01
9.213039278984069824e-01
9.977063536643981934e-01
9.956606626510620117e-01
9.764195084571838379e-01
9.868471026420593262e-01
9.882882237434387207e-01
9.591236114501953125e-01
9.735015630722045898e-01
9.784982800483703613e-01
9.320113062858581543e-01
9.222826361656188965e-01
9.909928441047668457e-01
9.946619272232055664e-01
9.544425010681152344e-01
9.872435927391052246e-01
9.938350915908813477e-01
9.756399989128112793e-01
5.460813641548156738e-01
9.937295317649841309e-01
9.132620096206665039e-01
9.644898772239685059e-01
8.961482644081115723e-01
8.658555746078491211e-01
8.230665326118469238e-01
9.894718527793884277e-01
9.950106739997863770e-01
5.388212800025939941e-01
9.874498844146728516e-01
9.915618896484375000e-01
9.737448692321777344e-01
8.273989558219909668e-01
9.901615977287292480e-01
9.609336256980895996e-01
9.985412955284118652e-01
9.930089712142944336e-01
9.814415574073791504e-01
8.781048059463500977e-01
9.925327301025390625e-01
9.962415099143981934e-01
9.540628790855407715e-01
9.961177706718444824e-01
9.849417209625244141e-01
9.871551990509033203e-01
9.339914321899414062e-01
9.800996780395507812e-01
9.944707751274108887e-01
9.143048524856567383e-01
9.957154989242553711e-01
9.773530364036560059e-01
6.541391015052795410e-01
9.753059148788452148e-01
9.940057396888732910e-01
9.080846905708312988e-01
9.967450499534606934e-01
9.940475225448608398e-01
9.700429439544677734e-01
9.366223812103271484e-01
9.831247925758361816e-01
9.472910761833190918e-01
8.945546150207519531e-01
9.679827094078063965e-01
9.895998239517211914e-01
1.925854831933975220e-01
8.797030448913574219e-01
9.914247393608093262e-01
9.155234694480895996e-01
9.572874903678894043e-01
9.954819679260253906e-01
9.666212797164916992e-01
9.518963694572448730e-01
9.881368875503540039e-01
8.985325098037719727e-01
9.135494828224182129e-01
9.633793830871582031e-01
9.837807416915893555e-01
8.472317457199096680e-01
9.886233806610107422e-01
9.951825737953186035e-01
9.810276627540588379e-01
9.955960512161254883e-01
9.936334490776062012e-01
9.814617037773132324e-01
3.224169313907623291e-01
9.853722453117370605e-01
9.588719606399536133e-01
9.487743973731994629e-01
9.963721036911010742e-01
9.546810388565063477e-01
9.999150037765502930e-01
9.993642568588256836e-01
9.963750243186950684e-01
9.798766970634460449e-01
9.992206692695617676e-01
3.632726520299911499e-02
1.514886021614074707e-01
6.830750703811645508e-01
9.995332360267639160e-01
3.661779453977942467e-03
2.847618758678436279e-01
9.898685812950134277e-01
9.999716281890869141e-01
9.999740719795227051e-01
9.988312721252441406e-01
9.990536570549011230e-01
8.141860365867614746e-03
9.990921020507812500e-01
3.987754229456186295e-03
2.169168146792799234e-04
4.215489316266030073e-04
3.993232920765876770e-02
2.945174574851989746e-01
1.223808452486991882e-01
2.893895097076892853e-02
5.482153594493865967e-02
9.998900294303894043e-01
9.974437952041625977e-01
9.582563638687133789e-01
9.840359091758728027e-01
9.974946975708007812e-01
6.833341717720031738e-01
9.939951896667480469e-01
9.966561794281005859e-01
1.256228145211935043e-02
9.833057522773742676e-01
9.908013939857482910e-01
9.880359172821044922e-01
9.175406098365783691e-01
9.999610781669616699e-01
9.984309673309326172e-01
9.115919470787048340e-01
8.897647857666015625e-01
9.984388351440429688e-01
8.749739527702331543e-01
9.932317137718200684e-01
9.963113069534301758e-01
9.692429900169372559e-01
9.927098155021667480e-01
9.943532347679138184e-01
9.933533668518066406e-01
9.983130693435668945e-01
9.999280571937561035e-01
9.980307817459106445e-01
9.940010905265808105e-01
1.245080865919589996e-02
8.426994681358337402e-01
9.952758550643920898e-01
2.278739772737026215e-02
9.974558949470520020e-01
9.974435567855834961e-01
1.322255842387676239e-02
3.228137195110321045e-01
3.441789448261260986e-01
9.472078680992126465e-01
9.999734163284301758e-01
9.988060593605041504e-01
9.923969507217407227e-01
3.603826165199279785e-01
9.982057809829711914e-01
9.994968771934509277e-01
5.093163847923278809e-01
1.898503005504608154e-01
9.999231100082397461e-01
9.452465176582336426e-01
1.126079540699720383e-02
2.797514498233795166e-01
9.999638795852661133e-01
9.999048709869384766e-01
9.984356164932250977e-01
9.914902448654174805e-01
9.950765371322631836e-01
9.982955455780029297e-01
9.878014326095581055e-01
6.628044247627258301e-01
9.724107980728149414e-01
9.706620573997497559e-01
9.781816601753234863e-01
9.832446575164794922e-01
9.936185479164123535e-01
3.461436927318572998e-01
9.999559521675109863e-01
9.981870055198669434e-01
8.939897418022155762e-01
9.906253814697265625e-01
9.977379441261291504e-01
8.605589866638183594e-01
6.838958263397216797e-01
9.720880985260009766e-01
9.957897663116455078e-01
9.847920536994934082e-01
9.723916053771972656e-01
9.976999163627624512e-01
9.992205500602722168e-01
9.999657869338989258e-01
9.983786344528198242e-01
9.347047209739685059e-01
8.637483716011047363e-01
9.983417987823486328e-01
9.926303625106811523e-01
6.536162495613098145e-01
9.258347749710083008e-01
9.960323572158813477e-01
9.888125658035278320e-01
7.276424672454595566e-03
9.390500187873840332e-01
9.997957944869995117e-01
9.999600052833557129e-01
9.986279606819152832e-01
9.967350363731384277e-01
7.471977174282073975e-02
9.968535900115966797e-01
9.894816875457763672e-01
4.307504743337631226e-03
5.961679667234420776e-02
5.337561666965484619e-02
9.946374893188476562e-01
2.972013652324676514e-01
2.186425216495990753e-02
9.980632066726684570e-01
9.999638795852661133e-01
9.988301992416381836e-01
9.933781027793884277e-01
4.385985136032104492e-01
9.980146288871765137e-01
9.907511472702026367e-01
5.110345482826232910e-01
6.337027549743652344e-01
9.954306483268737793e-01
9.321963191032409668e-01
8.937458395957946777e-01
9.171404242515563965e-01
9.895323514938354492e-01
9.884661436080932617e-01
9.959465861320495605e-01
9.986792206764221191e-01
9.963051676750183105e-01
9.979765415191650391e-01
9.954584836959838867e-01
7.466190308332443237e-02
2.483173906803131104e-01
1.282390654087066650e-01
9.403482079505920410e-01
9.882353544235229492e-01
9.920207858085632324e-01
3.854514956474304199e-01
9.969987273216247559e-01
9.977710843086242676e-01
9.876098036766052246e-01
9.961498379707336426e-01
9.938151836395263672e-01
9.971894621849060059e-01
1.847629845142364502e-01
9.817119836807250977e-01
9.803660511970520020e-01
9.770866036415100098e-01
9.938544034957885742e-01
9.813028573989868164e-01
8.675908446311950684e-01
9.979632496833801270e-01
9.984250664710998535e-01
9.719832539558410645e-01
8.550983667373657227e-01
9.968947768211364746e-01
9.909255504608154297e-01
3.396729379892349243e-02
9.342758655548095703e-01
9.983317852020263672e-01
4.344871640205383301e-02
1.043249443173408508e-01
9.342383742332458496e-01
9.987299442291259766e-01
9.902473688125610352e-01
9.917763471603393555e-01
9.128695130348205566e-01
9.971716403961181641e-01
9.927770495414733887e-01
9.874164462089538574e-01
9.970367550849914551e-01
9.707114100456237793e-01
9.749146103858947754e-01
9.930210709571838379e-01
9.940137267112731934e-01
9.900290369987487793e-01
2.192409932613372803e-01
9.862241744995117188e-01
9.940990209579467773e-01
8.956071138381958008e-01
9.958811998367309570e-01
9.831906557083129883e-01
9.525310397148132324e-01
9.949038028717041016e-01
1.096768155694007874e-01
8.790927529335021973e-01
8.995008468627929688e-01
9.892705082893371582e-01
9.869112372398376465e-01
2.693969570100307465e-02
9.969475865364074707e-01
9.981210827827453613e-01
9.945341348648071289e-01
9.648078083992004395e-01
9.948887228965759277e-01
9.961766004562377930e-01
9.939228892326354980e-01
9.284451007843017578e-01
9.380407333374023438e-01
9.760757684707641602e-01
9.942322969436645508e-01
9.887300729751586914e-01
8.871165513992309570e-01
9.963745474815368652e-01
9.972861409187316895e-01
9.870989322662353516e-01
9.855497479438781738e-01
9.921424984931945801e-01
9.903821349143981934e-01
9.971145391464233398e-01
9.555898308753967285e-01
9.280340075492858887e-01
9.643954634666442871e-01
9.212778210639953613e-01
9.855647087097167969e-01
3.480997085571289062e-01
9.735604524612426758e-01
9.965087771415710449e-01
9.833235144615173340e-01
9.967182278633117676e-01
9.875299930572509766e-01
9.899889826774597168e-01
9.960883855819702148e-01
8.664147853851318359e-01
3.951975703239440918e-01
8.663756847381591797e-01
9.330878853797912598e-01
3.361533284187316895e-01
7.619401812553405762e-01
9.843369722366333008e-01
9.961766600608825684e-01
9.951035380363464355e-01
9.963431954383850098e-01
9.060802459716796875e-01
9.604940414428710938e-01
9.962555170059204102e-01
9.438638091087341309e-01
1.659315265715122223e-02
5.272422432899475098e-01
9.405073523521423340e-01
9.757611155509948730e-01
8.991640806198120117e-01
9.941249489784240723e-01
9.976520538330078125e-01
9.934560656547546387e-01
9.972100257873535156e-01
9.878004789352416992e-01
9.868318438529968262e-01
9.969145655632019043e-01
9.698543548583984375e-01
8.064999580383300781e-01
6.052724719047546387e-01
9.648210406303405762e-01
9.918721914291381836e-01
9.877061247825622559e-01
4.110927879810333252e-01
2.852151691913604736e-01
9.129154086112976074e-01
9.929652214050292969e-01
8.901810646057128906e-01
9.673975110054016113e-01
1.417740732431411743e-01
9.520311355590820312e-01
2.228706181049346924e-01
9.066609740257263184e-01
9.982690811157226562e-01
9.982085824012756348e-01
9.988783597946166992e-01
9.984389543533325195e-01
9.976392388343811035e-01
9.979369044303894043e-01
9.635965228080749512e-01
1.759049296379089355e-02
9.981462359428405762e-01
2.738349139690399170e-04
2.610208175610750914e-04
6.145316362380981445e-01
4.543070495128631592e-01
2.507389485836029053e-01
3.016243502497673035e-02
2.855860590934753418e-01
9.848184585571289062e-01
9.930838346481323242e-01
9.956517815589904785e-01
9.949166774749755859e-01
6.292824149131774902e-01
9.934560060501098633e-01
9.783336520195007324e-01
1.078095636330544949e-03
2.253233641386032104e-02
9.367606043815612793e-01
9.376751780509948730e-01
9.547739028930664062e-01
2.783859670162200928e-01
9.714362621307373047e-01
9.584785103797912598e-01
9.919565320014953613e-01
9.952535629272460938e-01
2.857838273048400879e-01
9.934937357902526855e-01
9.730721712112426758e-01
6.128219366073608398e-01
4.192956548649817705e-04
8.742845058441162109e-01
9.995514154434204102e-01
9.991983175277709961e-01
4.789062961935997009e-02
9.859677553176879883e-01
9.901740550994873047e-01
9.972254633903503418e-01
9.959419369697570801e-01
9.432322382926940918e-01
9.966364502906799316e-01
9.783445000648498535e-01
9.673678874969482422e-01
9.184652566909790039e-01
9.206974506378173828e-01
9.458639025688171387e-01
7.644280791282653809e-01
7.049446105957031250e-01
9.719837903976440430e-01
9.913789033889770508e-01
9.975227713584899902e-01
9.947831034660339355e-01
3.182633519172668457e-01
9.929690361022949219e-01
9.754130840301513672e-01
9.991937279701232910e-01
9.974354505538940430e-01
5.536786317825317383e-01
1.237316057085990906e-01
7.541193366050720215e-01
9.700672030448913574e-01
8.221342563629150391e-01
9.580690860748291016e-01
9.930762648582458496e-01
9.926189780235290527e-01
9.019119143486022949e-01
9.502132534980773926e-01
9.653039574623107910e-01
3.703979253768920898e-01
9.466223716735839844e-01
9.751235842704772949e-01
8.895318508148193359e-01
9.094198793172836304e-02
9.885447025299072266e-01
1.061461046338081360e-01
1.339710503816604614e-02
3.420371115207672119e-01
9.869063496589660645e-01
3.030085563659667969e-02
2.953003859147429466e-03
9.455844759941101074e-01
2.362096160650253296e-01
6.896085739135742188e-01
1.057710647583007812e-01
8.310321569442749023e-01
9.953143596649169922e-01
9.007367491722106934e-01
9.603639245033264160e-01
9.702678322792053223e-01
9.946217536926269531e-01
9.943315982818603516e-01
9.540687799453735352e-01
9.755703806877136230e-01
9.757744669914245605e-01
9.667700529098510742e-01
9.923418164253234863e-01
9.940207004547119141e-01
9.048858880996704102e-01
9.637597799301147461e-01
2.031559646129608154e-01
9.975464940071105957e-01
9.953937530517578125e-01
8.968359231948852539e-01
9.288969635963439941e-01
9.802764058113098145e-01
9.979591965675354004e-01
9.954333305358886719e-01
9.982919692993164062e-01
7.323008179664611816e-01
9.880126714706420898e-01
9.923105835914611816e-01
9.621655344963073730e-01
8.930330872535705566e-01
9.931694865226745605e-01
9.925770163536071777e-01
9.616101384162902832e-01
9.935563206672668457e-01
9.181649684906005859e-01
9.978409409523010254e-01
9.848776459693908691e-01
9.874184131622314453e-01
6.234341859817504883e-01
9.647783041000366211e-01
9.749799966812133789e-01
9.745851755142211914e-01
8.575887680053710938e-01
9.970086812973022461e-01
9.969863295555114746e-01
9.853199720382690430e-01
9.744146466255187988e-01
3.596869111061096191e-02
9.970463514328002930e-01
9.870054721832275391e-01
1.982218623161315918e-01
8.793986125965602696e-06
9.607474207878112793e-01
6.723079681396484375e-01
5.414569377899169922e-01
6.353762582875788212e-04
9.882300496101379395e-01
9.908686876296997070e-01
9.945885539054870605e-01
9.967073202133178711e-01
8.068847656250000000e-01
9.969521760940551758e-01
9.807037115097045898e-01
9.451321363449096680e-01
9.921011328697204590e-01
9.718509316444396973e-01
9.987363219261169434e-01
9.822367429733276367e-01
8.732679486274719238e-01
9.902264475822448730e-01
9.924151897430419922e-01
8.290855884552001953e-01
9.969804286956787109e-01
9.886341691017150879e-01
9.965073466300964355e-01
9.502875208854675293e-01
9.974376559257507324e-01
9.989944100379943848e-01
9.933716654777526855e-01
9.959120154380798340e-01
9.980128407478332520e-01
9.982912540435791016e-01
9.730575680732727051e-01
9.869029521942138672e-01
9.387938976287841797e-01
9.962875843048095703e-01
8.603895306587219238e-01
9.929209351539611816e-01
9.751122593879699707e-01
9.461889266967773438e-01
9.989770650863647461e-01
9.906086325645446777e-01
8.929224014282226562e-01
9.836975932121276855e-01
9.995862841606140137e-01
9.119687676429748535e-01
9.670588374137878418e-01
9.887927770614624023e-01
9.944426417350769043e-01
7.150203585624694824e-01
9.908456206321716309e-01
9.736632704734802246e-01
9.686444997787475586e-01
9.944006204605102539e-01
7.261438369750976562e-01
9.177520275115966797e-01
9.833140969276428223e-01
5.608804896473884583e-02
9.870653152465820312e-01
9.907688498497009277e-01
9.923448562622070312e-01
9.946516156196594238e-01
9.640256166458129883e-01
9.942398071289062500e-01
9.716610312461853027e-01
9.805940985679626465e-01
9.989483356475830078e-01
9.910892248153686523e-01
9.605039358139038086e-01
9.970685243606567383e-01
9.947709441184997559e-01
9.981083869934082031e-01
9.971925616264343262e-01
9.774116873741149902e-01
7.736024856567382812e-01
7.885554432868957520e-01
9.954989552497863770e-01
9.551721215248107910e-01
9.902941584587097168e-01
9.977347850799560547e-01
1.057555712759494781e-02
6.226909812539815903e-03
3.295309543609619141e-01
9.998429417610168457e-01
9.974343180656433105e-01
9.974743127822875977e-01
9.930799603462219238e-01
9.260794520378112793e-01
8.934252709150314331e-02
9.938828349113464355e-01
9.998117685317993164e-01
1.182151958346366882e-01
9.999161958694458008e-01
7.457082867622375488e-01
1.069356575608253479e-01
1.213007718324661255e-01
9.999325871467590332e-01
9.973622560501098633e-01
9.964947700500488281e-01
9.786000847816467285e-01
9.399027228355407715e-01
8.941065073013305664e-01
9.981613755226135254e-01
9.522120952606201172e-01
9.940798878669738770e-01
9.953418970108032227e-01
9.731155037879943848e-01
7.918315529823303223e-01
9.938841462135314941e-01
2.740694582462310791e-01
9.972131252288818359e-01
9.966614246368408203e-01
9.944682121276855469e-01
9.264168143272399902e-01
1.285453736782073975e-01
9.979550242424011230e-01
9.920126795768737793e-01
3.586398810148239136e-02
9.951829910278320312e-01
9.944121837615966797e-01
7.047443985939025879e-01
9.742159843444824219e-01
9.955503940582275391e-01
9.933929443359375000e-01
9.952910542488098145e-01
9.943211674690246582e-01
9.951143860816955566e-01
6.040870547294616699e-01
9.889364838600158691e-01
9.956908226013183594e-01
1.072470545768737793e-01
8.393566012382507324e-01
9.980068206787109375e-01
9.749859571456909180e-02
4.035669192671775818e-02
9.994124770164489746e-01
9.971149563789367676e-01
9.968374371528625488e-01
9.656320810317993164e-01
9.510748982429504395e-01
5.340759754180908203e-01
9.987389445304870605e-01
9.884930253028869629e-01
9.844153523445129395e-01
9.959015250205993652e-01
9.904847741127014160e-01
9.207194447517395020e-01
8.946351408958435059e-01
9.936537146568298340e-01
9.971054196357727051e-01
9.967054128646850586e-01
9.869992136955261230e-01
9.540074467658996582e-01
7.039868086576461792e-02
9.981883168220520020e-01
9.977191686630249023e-01
9.482129216194152832e-01
9.860306978225708008e-01
9.717413187026977539e-01
9.718380570411682129e-01
9.534377455711364746e-01
9.138965010643005371e-01
9.919468164443969727e-01
9.933439493179321289e-01
9.948005676269531250e-01
9.939159750938415527e-01
7.967649698257446289e-01
9.972390532493591309e-01
9.930953383445739746e-01
9.833213090896606445e-01
8.785911202430725098e-01
9.569026231765747070e-01
9.185808897018432617e-01
9.765546917915344238e-01
7.899430990219116211e-01
9.974306821823120117e-01
9.973199963569641113e-01
9.963514804840087891e-01
3.231061398983001709e-01
1.569636017084121704e-01
9.978287220001220703e-01
9.965695738792419434e-01
1.581200025975704193e-02
1.467519104480743408e-01
9.973714947700500488e-01
7.261775732040405273e-01
5.382418036460876465e-01
9.982454776763916016e-01
9.846609234809875488e-01
9.907491803169250488e-01
9.905328154563903809e-01
9.883626103401184082e-01
8.804890513420104980e-01
9.967385530471801758e-01
9.940027594566345215e-01
9.884532690048217773e-01
8.419823050498962402e-01
9.958569407463073730e-01
9.617196917533874512e-01
7.927001118659973145e-01
9.959641695022583008e-01
9.449690580368041992e-01
9.873226881027221680e-01
9.923465847969055176e-01
9.960607886314392090e-01
5.550819039344787598e-01
9.945926070213317871e-01
9.971333146095275879e-01
9.792881011962890625e-01
6.542155519127845764e-03
9.915555715560913086e-01
9.385102391242980957e-01
2.092498242855072021e-01
9.966849684715270996e-01
9.736462235450744629e-01
9.846703410148620605e-01
9.386957883834838867e-01
9.973905086517333984e-01
8.111311197280883789e-01
9.887696504592895508e-01
9.820967912673950195e-01
9.758223295211791992e-01
8.894671797752380371e-01
7.275578975677490234e-01
9.615146517753601074e-01
9.594637155532836914e-01
9.759132862091064453e-01
9.922738671302795410e-01
9.921343326568603516e-01
9.779610037803649902e-01
9.956415295600891113e-01
7.458080649375915527e-01
9.579308032989501953e-01
9.952310919761657715e-01
9.817071557044982910e-01
4.437299072742462158e-01
9.589928984642028809e-01
9.994305372238159180e-01
9.888224005699157715e-01
4.574801027774810791e-01
9.842556715011596680e-01
9.927668571472167969e-01
9.545480012893676758e-01
9.965962171554565430e-01
2.743993699550628662e-01
9.950205087661743164e-01
4.924014806747436523e-01
9.812638163566589355e-01
8.840758204460144043e-01
9.933972954750061035e-01
7.963203787803649902e-01
3.545359149575233459e-02
9.678669571876525879e-01
9.656329154968261719e-01
9.852355718612670898e-01
8.427575230598449707e-01
9.969146847724914551e-01
8.575358986854553223e-01
9.815160036087036133e-01
9.987149238586425781e-01
9.628242850303649902e-01
9.402165412902832031e-01
9.949553012847900391e-01
8.874431252479553223e-01
8.575999177992343903e-03
9.929804205894470215e-01
2.852970361709594727e-01
3.704645335674285889e-01
8.142507672309875488e-01
9.909862279891967773e-01
1.036358252167701721e-01
2.515257298946380615e-01
9.130092859268188477e-01
9.603328704833984375e-01
3.702219724655151367e-01
7.908303141593933105e-01
8.825428485870361328e-01
9.985482096672058105e-01
9.701797366142272949e-01
9.525623917579650879e-01
9.558780193328857422e-01
9.689439535140991211e-01
9.950115680694580078e-01
5.235643386840820312e-01
8.276131749153137207e-01
9.928718805313110352e-01
9.709934592247009277e-01
1.077794209122657776e-01
9.833397269248962402e-01
8.705983161926269531e-01
9.987587332725524902e-01
9.970607757568359375e-01
9.875224232673645020e-01
9.911315441131591797e-01
9.501045346260070801e-01
9.960516691207885742e-01
9.612674117088317871e-01
9.894806742668151855e-01
9.542953968048095703e-01
9.846819043159484863e-01
9.983059167861938477e-01
9.928159117698669434e-01
9.878234863281250000e-01
9.995136857032775879e-01
9.890401363372802734e-01
9.441037178039550781e-01
9.754984974861145020e-01
9.537147879600524902e-01
9.956477880477905273e-01
3.705018460750579834e-01
9.427497982978820801e-01
9.851676225662231445e-01
9.640362262725830078e-01
5.314045548439025879e-01
9.092568159103393555e-01
8.663551807403564453e-01
9.435600638389587402e-01
8.980774879455566406e-01
9.914548397064208984e-01
9.923074841499328613e-01
9.943265914916992188e-01
9.942180514335632324e-01
8.821631073951721191e-01
9.934515953063964844e-01
9.494854211807250977e-01
9.851946234703063965e-01
9.736273288726806641e-01
9.947293996810913086e-01
9.654768705368041992e-01
9.932005405426025391e-01
9.971104264259338379e-01
9.925108551979064941e-01
9.925830364227294922e-01
9.763723611831665039e-01
9.791933894157409668e-01
4.421906769275665283e-01
9.966722130775451660e-01
9.937579035758972168e-01
8.794322609901428223e-01
1.897334754467010498e-01
9.967898726463317871e-01
9.396255016326904297e-01
9.577242136001586914e-01
9.541035294532775879e-01
9.503144025802612305e-01
9.840900897979736328e-01
9.565812945365905762e-01
9.965202808380126953e-01
7.507324218750000000e-01
9.956967234611511230e-01
9.919340014457702637e-01
9.823159575462341309e-01
4.970390796661376953e-01
7.890020608901977539e-01
7.627194523811340332e-01
1.000498700886964798e-02
9.608670473098754883e-01
9.493848681449890137e-01
9.825198650360107422e-01
8.404591679573059082e-01
9.968183636665344238e-01
9.841590523719787598e-01
9.934363365173339844e-01
9.626812338829040527e-01
9.859908223152160645e-01
9.995805621147155762e-01
9.930783510208129883e-01
9.892272353172302246e-01
9.586696028709411621e-01
9.711213111877441406e-01
5.177702307701110840e-01
8.725625276565551758e-01
6.843497753143310547e-01
9.938229322433471680e-01
3.773688971996307373e-01
9.392839670181274414e-01
9.496055245399475098e-01
9.645597338676452637e-01
9.653461575508117676e-01
9.906176924705505371e-01
9.870311021804809570e-01
8.724437952041625977e-01
9.322419762611389160e-01
8.732821941375732422e-01
9.908258318901062012e-01
9.279258847236633301e-01
9.956986308097839355e-01
8.562574386596679688e-01
9.787932038307189941e-01
9.937714934349060059e-01
9.707320928573608398e-01
4.883980154991149902e-01
9.958965182304382324e-01
9.736790060997009277e-01
8.913851976394653320e-01
1.650482714176177979e-01
8.215081095695495605e-01
9.496782422065734863e-01
9.834957122802734375e-01
9.947561025619506836e-01
5.273609757423400879e-01
9.741431474685668945e-01
9.850139617919921875e-01
9.712977409362792969e-01
3.410336673259735107e-01
9.527539610862731934e-01
8.518288135528564453e-01
9.126957654953002930e-01
9.905582666397094727e-01
