3.337556519069879157e-01
2.883992251456500289e-01
2.314751505283101640e-01
2.722176086927692307e-01
2.667112943644707190e-01
2.215803006950479159e-01
3.312939942339793165e-01
2.277438929662681522e-01
1.937195019205459057e-01
2.567607380288581265e-01
1.937568617554811246e-01
2.355897993995593187e-01
2.070714314107205412e-01
3.588104878480617987e-01
1.377096931123210632e-01
3.094369803541737185e-01
2.819006291818088594e-01
2.309252537178018982e-01
2.741675087255806553e-01
3.022711515569916352e-01
3.554791560253271476e-01
3.673334176150652164e-01
3.589227021886752245e-01
3.572084390773223039e-01
3.480491927609993819e-01
1.643795381085230711e-01
3.770620235904621476e-01
3.626438167291500814e-01
3.534143784871467964e-01
3.728632227732585069e-01
3.746704755780788654e-01
3.627770852584105143e-01
3.610702657069151389e-01
4.787970676731604924e-01
4.413106665015220642e-01
3.947805825692529691e-01
3.937402636959002611e-01
1.660056443562587802e-01
1.021659398796215951e-01
1.841534686044234703e-01
2.525699965727443708e-01
2.776187084259268412e-01
1.555737066530407664e-01
1.803668510670272118e-01
2.208567825101244442e-01
1.796402044533002007e-01
2.145494968863204122e-01
1.662822135258466005e-01
3.078155910166410214e-01
2.462529078161773688e-01
2.952099037356674671e-01
2.907785794769341958e-01
3.354773647510088663e-01
4.381160564147509318e-01
3.522969644803267131e-01
3.976260626402038922e-01
2.804939660888451924e-01
2.321800080020553769e-01
2.875807202206208113e-01
1.834276431920723316e-01
2.563641051976726648e-01
3.375120654012649934e-01
3.176364855697521583e-01
3.085137427999423143e-01
3.106539484400015483e-01
2.937140636002787963e-01
2.987590770308787835e-01
2.704045602306275886e-01
4.196151885508487833e-01
2.863073131391921655e-01
3.197126118376708015e-01
3.954503183933691379e-01
3.484879500666955843e-01
3.064170667516569191e-01
3.960196249760113973e-01
2.378527301435287289e-01
2.912880336292661410e-01
2.500972139577453124e-01
2.640117474903280748e-01
3.942053332351721506e-01
3.148537555982609537e-01
2.632987486341825112e-01
2.724026345576231467e-01
3.828036899750049127e-01
3.269813806176758986e-01
2.549031619340754728e-01
3.933680791121262899e-01
3.647903143786467295e-01
3.359550052823928601e-01
3.014822848714314718e-01
3.071687016098831879e-01
2.740889477471892821e-01
3.724536669368927466e-01
3.964120724166815268e-01
3.854065377650280899e-01
4.334431474025433051e-01
3.886388958646700975e-01
3.499699697041740998e-01
4.370556369853707546e-01
4.241560611587304463e-01
3.968662629620386961e-01
