7.843415467784955464e-01
8.996022847982553250e-01
4.257280185265578942e-01
5.998898964518537547e-01
7.756176375998899974e-01
6.742399710302169336e-01
6.946844386939818872e-01
6.238333766277019965e-01
8.333315574205838461e-01
8.787448750092432537e-01
7.084021075413777790e-01
7.664651681597416388e-01
8.660738101372351672e-01
8.546284849827106012e-01
4.398713457989148479e-01
5.399122277870167519e-01
7.869649172196380160e-01
7.050146858136241423e-01
6.864115893840789795e-01
7.673696015889828193e-01
9.472449696980990153e-01
9.675827943361722250e-01
7.698118480352255100e-01
7.381087266481839437e-01
8.951068933193500055e-01
9.554666280746459961e-01
8.313687466658078451e-01
6.099421867107034378e-01
9.886534030620868219e-01
9.869328966507544543e-01
9.731512161401602024e-01
9.229742471988384711e-01
9.269702296990615098e-01
9.680839914541977675e-01
9.393497201112600559e-01
8.921463730243536228e-01
9.191727110972771619e-01
7.018030530665643196e-01
3.500238694161033615e-01
8.848732531500550502e-01
9.700520818050091254e-01
6.528843078189171534e-01
7.141980106870715606e-01
9.136976989415975803e-01
9.497640637251046902e-01
8.690913739041067343e-01
5.758034063932987445e-01
8.686399505688593425e-01
7.484697189468604295e-01
9.181699867431933892e-01
7.583543990667049872e-01
9.239404591230245822e-01
8.226022203094683904e-01
9.732337960830101942e-01
9.268392370297358074e-01
8.525298283650324382e-01
8.567632249055000537e-01
9.446166249421926731e-01
7.444969220803334675e-01
5.084007179628735607e-01
7.462114545856960435e-01
7.464339001878845803e-01
9.314838143495413059e-01
8.185030766404591818e-01
8.341915487096860371e-01
4.758459636046049601e-01
9.115333029857048963e-01
9.506505177571222820e-01
9.403524123705350179e-01
6.420868079631663061e-01
9.629431137671837782e-01
9.789351179049565754e-01
9.642650485038757324e-01
8.606258003184428240e-01
9.859793965633099067e-01
7.553651498702282918e-01
6.991626052902295552e-01
9.060894044545980686e-01
8.256340456696656949e-01
7.422086272675257890e-01
9.393674822954031223e-01
9.035600693180010357e-01
9.434615694559537191e-01
6.837054197318278570e-01
9.540163370279165500e-01
8.145644465604653384e-01
9.358568833424494304e-01
8.836264381041893934e-01
7.960281512485101185e-01
8.781002456895433683e-01
6.693711813825827806e-01
8.573058276222302876e-01
9.832334380883437364e-01
8.676980298299056260e-01
9.774420215533330403e-01
8.685145607361426379e-01
8.175244461028621235e-01
9.697789824925936442e-01
8.497695624828338623e-01
8.539764445561629502e-01
8.658557282044336834e-01
