7.487690541893243790e-03
8.523734807968139648e-01
2.599623799324035645e-01
3.580272197723388672e-01
2.041816264390945435e-01
5.861413478851318359e-01
1.066027060151100159e-01
5.163104534149169922e-01
2.343711704015731812e-01
6.603574001928791404e-05
5.690521001815795898e-01
2.043044865131378174e-01
4.399427771568298340e-01
2.328255586326122284e-02
7.999427318572998047e-01
2.631349861621856689e-01
1.669036746025085449e-01
6.387719511985778809e-02
5.729698538780212402e-01
8.557759225368499756e-02
2.966941297054290771e-01
1.221537739038467407e-01
1.534030423499643803e-03
3.540989756584167480e-01
5.977181792259216309e-01
4.013022482395172119e-01
1.780769554898142815e-03
1.873395289294421673e-03
6.119341254234313965e-01
2.710657566785812378e-02
2.275712613482028246e-04
1.151500269770622253e-02
2.674012780189514160e-01
4.660654366016387939e-01
2.156648486852645874e-01
3.912965059280395508e-01
4.680210947990417480e-01
4.057095944881439209e-01
1.405807584524154663e-01
1.476982724852859974e-03
2.518560290336608887e-01
6.052397489547729492e-01
1.659415364265441895e-01
1.745010912418365479e-01
4.680500924587249756e-01
1.223736479878425598e-01
4.226646423339843750e-01
2.333124866709113121e-03
3.820973038673400879e-01
1.896301805973052979e-01
7.136473655700683594e-01
3.901716694235801697e-02
8.972881361842155457e-03
1.503214240074157715e-02
7.090476155281066895e-01
1.779241412878036499e-01
1.758277416229248047e-02
5.718138217926025391e-01
2.304987013339996338e-01
1.708818376064300537e-01
2.159284949302673340e-01
2.321044504642486572e-01
1.592252962291240692e-02
7.910659313201904297e-01
3.104715049266815186e-01
9.723136201500892639e-03
6.320201791822910309e-03
6.021161079406738281e-01
7.527991533279418945e-01
2.432215660810470581e-01
2.052343934774398804e-01
1.623942553997039795e-01
7.163461297750473022e-02
1.607179343700408936e-01
2.140355855226516724e-02
5.268369242548942566e-02
9.008032828569412231e-02
5.022149682044982910e-01
4.884881153702735901e-02
6.361319101415574551e-04
7.902356982231140137e-01
5.734424591064453125e-01
2.092860341072082520e-01
3.021255433559417725e-01
7.337183356285095215e-01
1.140430122613906860e-01
8.977434784173965454e-02
2.234298437833786011e-01
2.426159381866455078e-01
6.616272926330566406e-01
3.170384764671325684e-01
1.081326007843017578e-01
1.562281232327222824e-02
6.031664609909057617e-01
4.107151627540588379e-01
1.791239082813262939e-01
1.470994353294372559e-01
4.170948266983032227e-01
2.578585743904113770e-01
1.470315903425216675e-01
2.343100607395172119e-01
3.490811288356781006e-01
5.457550752907991409e-03
8.597649633884429932e-02
4.037554562091827393e-02
1.110517792403697968e-02
7.703924775123596191e-01
4.297524094581604004e-01
2.667441964149475098e-03
1.495359838008880615e-02
1.221133209764957428e-02
1.308517456054687500e-01
4.041069746017456055e-01
1.312050386331975460e-03
3.758088946342468262e-01
2.177114784717559814e-01
1.071043983101844788e-01
8.143528830260038376e-04
1.510669589042663574e-01
4.142100811004638672e-01
2.109014689922332764e-01
2.957560420036315918e-01
1.891265274025499821e-03
1.862356625497341156e-02
2.556217610836029053e-01
1.901405304670333862e-02
2.868006527423858643e-01
2.513711452484130859e-01
7.441139221191406250e-01
6.877043247222900391e-01
5.967191234230995178e-02
5.358264595270156860e-02
4.077969789505004883e-01
3.869341909885406494e-01
3.401596471667289734e-02
4.892600327730178833e-02
3.618181943893432617e-01
2.270943671464920044e-01
4.057352244853973389e-01
6.452058255672454834e-02
1.899915635585784912e-01
1.945767700672149658e-01
8.417480438947677612e-02
9.318817406892776489e-03
1.746182516217231750e-02
5.858123302459716797e-01
8.754732459783554077e-02
3.624207675457000732e-01
6.971765309572219849e-02
4.612962901592254639e-01
9.672455489635467529e-02
4.393426477909088135e-01
1.579751521348953247e-01
2.150141298770904541e-01
2.486910074949264526e-01
3.113448917865753174e-01
4.256793111562728882e-02
2.435966962366364896e-05
4.123173654079437256e-01
3.661020696163177490e-01
1.985470205545425415e-01
2.658004164695739746e-01
6.854922324419021606e-02
4.064935445785522461e-01
2.428462542593479156e-02
1.478939503431320190e-02
5.646303296089172363e-02
6.321723461151123047e-01
2.038172781467437744e-01
9.934706687927246094e-01
4.238945245742797852e-01
3.385277390480041504e-01
1.827595829963684082e-01
1.065970957279205322e-01
2.375417798757553101e-01
1.260905116796493530e-01
2.259969860315322876e-01
3.497371375560760498e-01
4.963229894638061523e-01
5.179849267005920410e-01
2.745888233184814453e-01
3.910235762596130371e-01
5.967438220977783203e-01
1.521678268909454346e-02
2.179903835058212280e-01
1.931799948215484619e-01
6.712200492620468140e-02
3.645285032689571381e-04
8.678857237100601196e-03
2.458748668432235718e-01
5.305723100900650024e-02
3.496225399430841208e-04
1.256914287805557251e-01
2.713247761130332947e-02
2.388240098953247070e-01
7.560856938362121582e-01
1.105555384128820151e-06
8.060477375984191895e-01
2.232362329959869385e-02
9.063757024705410004e-03
7.890197038650512695e-01
4.436231851577758789e-01
4.531630277633666992e-01
5.465631186962127686e-02
1.123987231403589249e-02
3.970971703529357910e-01
2.677490711212158203e-01
1.261048484593629837e-02
2.598546147346496582e-01
2.968878834508359432e-04
8.012828230857849121e-01
5.658021569252014160e-01
4.674560204148292542e-02
1.673663705587387085e-01
6.801364421844482422e-01
9.685318171977996826e-02
2.205114960670471191e-01
2.864301800727844238e-01
2.941255867481231689e-01
2.327712178230285645e-01
1.253161951899528503e-02
2.245733141899108887e-01
1.793025759980082512e-03
4.306877255439758301e-01
6.126840114593505859e-01
2.103674858808517456e-01
4.891060292720794678e-02
2.611306495964527130e-02
6.413619220256805420e-02
1.433306932449340820e-01
4.755487665534019470e-02
2.602895796298980713e-01
6.444174647331237793e-01
2.871702611446380615e-01
7.304055690765380859e-01
1.726091466844081879e-02
4.305043816566467285e-01
2.654172182083129883e-01
4.266552925109863281e-01
4.344878718256950378e-03
1.717847883701324463e-01
4.026572704315185547e-01
2.406429052352905273e-01
5.058171882410533726e-05
1.912877410650253296e-01
1.798741072416305542e-01
5.032919645309448242e-01
6.409356594085693359e-01
4.673861898481845856e-03
2.138431221246719360e-01
4.501949250698089600e-01
6.361521780490875244e-02
2.162868678569793701e-01
9.368200302124023438e-01
4.066730737686157227e-01
1.124517768621444702e-01
1.412933766841888428e-01
5.675356984138488770e-01
4.742244258522987366e-02
1.277789175510406494e-01
5.320780277252197266e-01
1.869848072528839111e-01
8.483330607414245605e-01
3.467580080032348633e-01
1.433985978364944458e-01
2.005841396749019623e-02
2.323876619338989258e-01
6.174699068069458008e-01
4.400087893009185791e-02
2.382301986217498779e-01
4.047550857067108154e-01
8.041057586669921875e-01
2.026686221361160278e-01
4.255273938179016113e-01
2.976807579398155212e-02
6.475775837898254395e-01
4.861181378364562988e-01
5.169201493263244629e-01
4.563669860363006592e-02
3.612546920776367188e-01
2.546570301055908203e-01
6.861786842346191406e-01
3.582920134067535400e-01
2.058920264244079590e-01
3.527086675167083740e-01
4.048032760620117188e-01
7.465343475341796875e-01
7.422903925180435181e-02
3.543650805950164795e-01
3.078046143054962158e-01
2.149959206581115723e-01
2.196317017078399658e-01
2.805847525596618652e-01
4.589152038097381592e-01
4.378542304039001465e-01
4.848015308380126953e-01
3.622404932975769043e-01
3.244594633579254150e-01
3.995787501335144043e-01
9.850451946258544922e-01
1.480895429849624634e-01
5.891470909118652344e-01
2.145622819662094116e-01
1.997116655111312866e-01
4.127446562051773071e-03
3.855531513690948486e-01
2.469780147075653076e-01
4.612134099006652832e-01
2.046142667531967163e-01
1.933216601610183716e-01
2.564678192138671875e-01
7.548781633377075195e-01
3.156343996524810791e-01
2.662842534482479095e-02
6.466189622879028320e-01
5.220079421997070312e-01
5.524166822433471680e-01
1.062568575143814087e-01
5.806775689125061035e-01
5.506823062896728516e-01
2.889413945376873016e-02
4.250911474227905273e-01
3.585484623908996582e-01
1.973646432161331177e-01
2.138179689645767212e-01
2.089444398880004883e-01
3.722017109394073486e-01
1.311600208282470703e-01
1.986450999975204468e-01
4.533818922936916351e-03
1.450059860944747925e-01
6.465054117143154144e-03
1.959462910890579224e-01
4.977373778820037842e-02
1.034545600414276123e-01
2.173414081335067749e-01
2.656897306442260742e-01
2.377721369266510010e-01
6.033532619476318359e-01
7.803413867950439453e-01
5.718730688095092773e-01
3.515497148036956787e-01
5.200961604714393616e-02
6.575208306312561035e-01
2.326807565987110138e-02
8.932720869779586792e-02
2.479609698057174683e-01
1.311479718424379826e-03
3.901894092559814453e-01
6.512652039527893066e-01
4.818360805511474609e-01
7.175534963607788086e-01
3.874460160732269287e-01
5.913286209106445312e-01
2.740811407566070557e-01
8.717255695955827832e-06
4.212901294231414795e-01
3.425508439540863037e-01
3.509364724159240723e-01
3.289742022752761841e-02
2.964040637016296387e-01
3.188123106956481934e-01
4.995025694370269775e-01
4.815578162670135498e-01
3.979380726814270020e-01
1.906093508005142212e-01
2.850523889064788818e-01
1.611395478248596191e-01
5.107099413871765137e-01
2.038271874189376831e-01
2.428765594959259033e-01
4.661269187927246094e-01
5.666732788085937500e-01
2.410669177770614624e-01
2.651101052761077881e-01
4.716436564922332764e-01
5.916129946708679199e-01
1.825521141290664673e-01
5.557044148445129395e-01
5.096944570541381836e-01
3.046644330024719238e-01
5.598524212837219238e-01
1.972049325704574585e-01
2.477650642395019531e-01
5.632128119468688965e-01
6.134923696517944336e-01
1.311572641134262085e-01
2.174781560897827148e-01
3.189519345760345459e-01
4.454915225505828857e-01
4.763505160808563232e-01
5.962672233581542969e-01
6.640529632568359375e-01
9.838166832923889160e-02
5.749262571334838867e-01
3.895387649536132812e-01
2.164786010980606079e-01
2.101334631443023682e-01
3.460021317005157471e-01
1.468054763972759247e-02
3.257891833782196045e-01
6.653363704681396484e-01
2.927784919738769531e-01
2.271974831819534302e-01
3.078696131706237793e-01
3.952508270740509033e-01
2.960943877696990967e-01
5.982492566108703613e-01
5.904335379600524902e-01
3.922796249389648438e-01
3.479233384132385254e-01
1.453134268522262573e-01
5.235255956649780273e-01
4.170451462268829346e-01
2.482860386371612549e-01
2.266338318586349487e-01
2.075290828943252563e-01
2.369639463722705841e-02
5.364999175071716309e-01
3.680171966552734375e-01
4.033307433128356934e-01
1.924530267715454102e-01
5.756826996803283691e-01
4.315140098333358765e-02
8.316963911056518555e-01
1.555912047624588013e-01
4.621096253395080566e-01
5.206207036972045898e-01
3.735350668430328369e-01
4.165374040603637695e-01
2.143055014312267303e-02
4.424805045127868652e-01
4.830533564090728760e-01
5.987855792045593262e-01
1.988509744405746460e-01
2.565339207649230957e-01
7.988036274909973145e-01
9.225959777832031250e-01
2.448249757289886475e-01
5.208798646926879883e-01
5.694851279258728027e-01
7.501000165939331055e-01
3.478676378726959229e-01
1.127397790551185608e-01
7.156988382339477539e-01
2.657238841056823730e-01
7.414086461067199707e-01
5.811466574668884277e-01
2.023513615131378174e-01
4.466769397258758545e-01
3.616780936717987061e-01
7.929194569587707520e-01
1.768501549959182739e-01
5.001519918441772461e-01
4.918252229690551758e-01
2.052346318960189819e-01
3.874447345733642578e-01
6.933900117874145508e-01
5.377380847930908203e-01
5.614864826202392578e-01
1.036426946520805359e-01
7.979596853256225586e-01
4.115289449691772461e-01
3.556708693504333496e-01
6.155102849006652832e-01
2.565819621086120605e-01
1.975670922547578812e-03
2.039835155010223389e-01
4.142620265483856201e-01
3.995340764522552490e-01
6.498912572860717773e-01
2.022043317556381226e-01
5.765137672424316406e-01
4.619163870811462402e-01
2.925199270248413086e-01
4.633527994155883789e-01
6.012856960296630859e-01
8.340147882699966431e-02
2.666043341159820557e-01
5.111831426620483398e-01
1.959542036056518555e-01
2.162414342164993286e-01
2.552643716335296631e-01
4.335361346602439880e-02
1.864711940288543701e-01
4.129589200019836426e-01
9.300520177930593491e-04
2.143574319779872894e-02
3.144255280494689941e-01
2.001661807298660278e-01
2.672661654651165009e-02
4.947149753570556641e-02
2.996416389942169189e-01
1.309865862131118774e-01
2.092911899089813232e-01
2.976457178592681885e-01
1.264528254978358746e-04
2.000221759080886841e-01
5.962865892797708511e-03
1.727962808217853308e-04
4.026671871542930603e-02
4.205664992332458496e-02
1.444951631128787994e-02
5.082661285996437073e-03
2.665500622242689133e-03
3.250187039375305176e-01
1.853962689638137817e-01
4.755003452301025391e-01
3.998165428638458252e-01
1.658653636695817113e-04
2.750414907932281494e-01
2.063359618186950684e-01
1.065683737397193909e-01
2.024756371974945068e-02
2.133390903472900391e-01
2.669689357280731201e-01
4.945938475430011749e-03
5.037832073867321014e-03
1.367300599813461304e-01
2.832970917224884033e-01
2.195927351713180542e-01
4.143806397914886475e-01
1.988385468721389771e-01
1.337668150663375854e-01
2.154790982604026794e-02
2.070696353912353516e-01
7.667666766792535782e-03
6.878362894058227539e-01
1.278740465641021729e-01
1.439443081617355347e-01
2.444160282611846924e-01
4.665528833866119385e-01
4.099224507808685303e-01
6.563560962677001953e-01
3.968704938888549805e-01
1.627247966825962067e-02
2.569263242185115814e-02
5.952073931694030762e-01
1.650092564523220062e-02
1.611902407603338361e-04
3.595527112483978271e-01
8.191679120063781738e-01
2.264555990695953369e-01
1.843601837754249573e-02
2.562417387962341309e-01
2.221280187368392944e-01
2.226779758930206299e-01
1.949283778667449951e-01
2.216155454516410828e-02
2.325706742703914642e-02
3.828050494194030762e-01
8.055312931537628174e-02
7.426197407767176628e-04
1.283821417018771172e-03
4.001557826995849609e-01
1.183896791189908981e-02
3.951630089432001114e-03
7.072211802005767822e-02
6.073800921440124512e-01
3.827357590198516846e-01
1.498648077249526978e-01
2.320509254932403564e-01
1.726158559322357178e-01
3.630098700523376465e-01
1.227413639426231384e-01
7.445393130183219910e-04
1.734843477606773376e-02
4.055732488632202148e-01
3.964801877737045288e-02
2.043234556913375854e-01
2.515183389186859131e-01
2.594445366412401199e-03
4.289002716541290283e-01
2.015682011842727661e-01
2.049441486597061157e-01
2.724872529506683350e-02
5.799548625946044922e-01
9.497632086277008057e-02
6.860182038508355618e-04
2.010975033044815063e-01
4.402030631899833679e-02
1.504534333944320679e-01
2.009011954069137573e-01
2.805935591459274292e-02
7.083278298377990723e-01
2.152852565050125122e-01
2.023391872644424438e-01
1.166930608451366425e-02
8.756794780492782593e-02
3.672443628311157227e-01
2.309103906154632568e-01
2.424529702693689615e-05
2.585607394576072693e-02
8.844717592000961304e-02
4.564222097396850586e-01
1.853107591159641743e-03
5.150333642959594727e-01
1.326700299978256226e-01
6.031392812728881836e-01
4.017644524574279785e-01
1.898710266686975956e-03
1.788604557514190674e-01
3.954675793647766113e-01
4.327705800533294678e-01
5.881041288375854492e-04
8.244050294160842896e-02
2.086493670940399170e-01
2.075534909963607788e-01
5.238072015345096588e-03
5.533403530716896057e-02
2.154388278722763062e-01
4.121733307838439941e-01
4.035073816776275635e-01
2.439395990222692490e-03
1.794034391641616821e-01
6.575503945350646973e-01
1.441559642553329468e-01
1.852213637903332710e-03
1.171017438173294067e-02
2.064225822687149048e-02
3.027545511722564697e-01
4.754447378218173981e-03
1.478689443320035934e-02
5.938330199569463730e-03
2.481863051652908325e-01
3.907631039619445801e-01
8.485160768032073975e-02
7.891758680343627930e-01
3.354384750127792358e-02
7.827420234680175781e-01
3.889683485031127930e-01
1.389709115028381348e-01
1.741249486804008484e-02
1.996431350708007812e-01
1.863134205341339111e-01
4.034928679466247559e-01
3.375387489795684814e-01
4.071997702121734619e-01
3.929191827774047852e-01
2.260167384520173073e-03
4.260745644569396973e-01
2.043015211820602417e-01
1.980861723423004150e-01
1.139337848871946335e-02
2.535194158554077148e-01
3.812032938003540039e-01
1.984902769327163696e-01
5.188339576125144958e-02
4.046593904495239258e-01
2.692972719669342041e-01
4.006234705448150635e-01
8.521074056625366211e-01
1.349332975223660469e-03
4.783887267112731934e-01
4.723243117332458496e-01
1.977207809686660767e-01
2.071541035547852516e-03
3.109944164752960205e-01
5.877704024314880371e-01
3.328674435615539551e-01
6.726718507707118988e-03
1.908050030469894409e-01
3.979194909334182739e-03
5.976498126983642578e-01
6.863622665405273438e-01
1.951646953821182251e-01
6.023918986320495605e-01
1.879086904227733612e-02
4.003440737724304199e-01
1.859786212444305420e-01
4.683921486139297485e-02
2.003367096185684204e-01
1.001201421022415161e-01
2.363337278366088867e-01
4.492428898811340332e-01
6.056661158800125122e-02
2.047348022460937500e-01
7.981892228126525879e-01
5.121238902211189270e-02
4.425607323646545410e-01
6.210033968091011047e-02
5.345209836959838867e-01
3.961378931999206543e-01
4.668113589286804199e-01
5.615620613098144531e-01
9.096948802471160889e-02
2.531086206436157227e-01
4.057560265064239502e-01
9.354182332754135132e-02
6.393384933471679688e-01
1.992399245500564575e-01
3.208265304565429688e-01
9.904766082763671875e-01
2.147274017333984375e-01
2.050592452287673950e-01
5.231553316116333008e-01
7.384901046752929688e-01
2.695707678794860840e-01
3.663369715213775635e-01
4.824303984642028809e-01
5.939162969589233398e-01
1.519406586885452271e-01
2.029728740453720093e-01
6.017720699310302734e-01
3.783348202705383301e-02
5.963155031204223633e-01
6.428655982017517090e-02
3.476390838623046875e-01
5.937417149543762207e-01
1.418703198432922363e-01
2.818969190120697021e-01
7.875403165817260742e-01
4.615576565265655518e-02
2.742294073104858398e-01
6.036065220832824707e-01
5.993635058403015137e-01
4.408461153507232666e-01
1.502856146544218063e-02
4.405701160430908203e-01
5.467466115951538086e-01
6.107838749885559082e-01
5.951991081237792969e-01
1.777771860361099243e-01
3.891500830650329590e-01
2.978168725967407227e-01
4.103680253028869629e-01
5.007835030555725098e-01
1.447052508592605591e-01
2.674482464790344238e-01
2.352115064859390259e-01
3.011378049850463867e-01
4.005628228187561035e-01
3.027436733245849609e-01
2.645341306924819946e-02
7.460372447967529297e-01
3.002789020538330078e-01
1.820433512330055237e-02
7.835129499435424805e-01
2.042918354272842407e-01
5.064494907855987549e-04
6.003237515687942505e-02
2.248007953166961670e-01
1.324418783187866211e-01
3.184205666184425354e-02
3.266815245151519775e-01
3.576022982597351074e-01
3.762572407722473145e-01
2.440538555383682251e-01
1.107567250728607178e-01
5.136691331863403320e-01
5.499592795968055725e-02
1.499251229688525200e-03
2.087206393480300903e-01
4.350187778472900391e-01
5.317899584770202637e-01
2.229703590273857117e-02
1.983373165130615234e-01
6.690717935562133789e-01
5.251021981239318848e-01
4.053495228290557861e-01
2.212064713239669800e-01
9.187038242816925049e-02
2.612850964069366455e-01
2.577957510948181152e-01
2.127898335456848145e-01
1.327736079692840576e-01
2.088803946971893311e-01
3.140136301517486572e-01
2.365404218435287476e-01
1.938638510182499886e-03
7.703270912170410156e-01
3.604145944118499756e-01
4.847545176744461060e-02
1.544823944568634033e-01
1.351041533052921295e-02
1.207674294710159302e-01
8.012531697750091553e-02
9.859851561486721039e-03
2.032200545072555542e-01
7.088407129049301147e-02
3.970241844654083252e-01
5.926194190979003906e-01
2.020347863435745239e-01
3.824325799942016602e-01
4.004121720790863037e-01
1.626481413841247559e-01
3.587310016155242920e-01
2.307770214974880219e-02
3.975553512573242188e-01
1.338230725377798080e-02
2.019379585981369019e-01
1.574254482984542847e-01
4.345231503248214722e-02
6.789267063140869141e-01
5.942144989967346191e-01
1.698578591458499432e-03
6.915164589881896973e-01
3.752270042896270752e-01
1.870231353677809238e-04
7.455890178680419922e-01
2.116822004318237305e-01
1.600798591971397400e-02
2.096911966800689697e-01
4.143014550209045410e-01
3.434671461582183838e-01
1.051475778222084045e-01
2.047782540321350098e-01
2.366371154785156250e-01
3.516226410865783691e-01
7.350131273269653320e-01
4.182377755641937256e-01
1.056764721870422363e-01
4.117620587348937988e-01
1.105934083461761475e-01
6.037766113877296448e-02
5.629668235778808594e-01
5.708750486373901367e-01
3.593716323375701904e-01
1.362293958663940430e-03
3.950838148593902588e-01
2.111876010894775391e-01
1.247665956616401672e-01
5.001730322837829590e-01
3.123775720596313477e-01
1.922102123498916626e-01
6.500869989395141602e-02
7.164773941040039062e-01
3.947488665580749512e-01
4.928938150405883789e-01
2.223948389291763306e-01
1.669263243675231934e-01
2.164298892021179199e-01
5.317673087120056152e-01
6.879450082778930664e-01
2.031355500221252441e-01
3.652510643005371094e-01
2.488669455051422119e-01
2.043484002351760864e-01
1.377284526824951172e-01
1.654933393001556396e-01
4.860860109329223633e-01
3.798586130142211914e-01
3.630475699901580811e-01
1.811455786228179932e-01
8.382748812437057495e-02
4.915143251419067383e-01
2.495961189270019531e-01
5.427337251603603363e-03
9.885667562484741211e-01
3.619118034839630127e-01
1.420866400003433228e-01
1.856970489025115967e-01
2.312474697828292847e-01
1.947937309741973877e-01
4.215784966945648193e-01
2.641153931617736816e-01
2.034505605697631836e-01
7.829714566469192505e-02
2.109234780073165894e-01
5.693178176879882812e-01
3.703835420310497284e-03
5.935903191566467285e-01
4.183644056320190430e-01
6.809643469750881195e-03
2.371411323547363281e-01
2.102349400520324707e-01
2.599047422409057617e-01
2.207821048796176910e-02
2.913372591137886047e-02
7.426280379295349121e-01
5.800377130508422852e-01
4.704971611499786377e-01
5.602672696113586426e-01
2.165384212275967002e-04
4.155581891536712646e-01
3.374334871768951416e-01
2.379904985427856445e-01
2.154235541820526123e-01
5.498342514038085938e-01
1.838921606540679932e-01
1.935503631830215454e-02
1.980040669441223145e-01
1.109790951013565063e-01
2.158079743385314941e-01
4.929095208644866943e-01
6.543474737554788589e-03
1.910476596094667912e-03
5.988719463348388672e-01
2.304441481828689575e-01
5.183181762695312500e-01
6.259840726852416992e-01
4.662897884845733643e-01
3.965872824192047119e-01
4.430822134017944336e-01
5.568040609359741211e-01
5.230278372764587402e-01
5.942244529724121094e-01
3.715639412403106689e-01
5.958911180496215820e-01
1.924419775605201721e-03
5.486418008804321289e-01
1.073868274688720703e-01
5.968956947326660156e-01
2.810378670692443848e-01
1.646204888820648193e-01
3.355017164722084999e-03
5.143032073974609375e-01
2.172726541757583618e-01
1.494580656290054321e-01
1.696439683437347412e-01
2.123233973979949951e-01
3.080903291702270508e-01
3.631506487727165222e-02
6.296971440315246582e-01
2.262231260538101196e-01
5.998282432556152344e-01
7.502686930820345879e-04
3.782703280448913574e-01
5.258487462997436523e-01
2.960157394409179688e-01
4.777235984802246094e-01
3.372381329536437988e-01
1.279398351907730103e-01
2.691180408000946045e-01
3.951461911201477051e-01
2.222098642960190773e-03
9.904743432998657227e-01
3.446444571018218994e-01
3.830049335956573486e-01
3.932568430900573730e-01
4.716447591781616211e-01
5.026575326919555664e-01
2.460726648569107056e-01
4.556429013609886169e-02
6.854200959205627441e-01
4.116278886795043945e-01
6.028714179992675781e-01
5.969431400299072266e-01
4.008385837078094482e-01
2.733104526996612549e-01
1.446513086557388306e-01
7.524963617324829102e-01
1.992318630218505859e-01
3.763432800769805908e-02
4.792349338531494141e-01
4.820998907089233398e-01
4.464359080884605646e-04
2.451879680156707764e-01
3.153966665267944336e-01
3.891150057315826416e-01
4.316241741180419922e-01
3.162490203976631165e-02
4.715283513069152832e-01
2.238987833261489868e-01
2.937505841255187988e-01
2.041620314121246338e-01
1.281445175409317017e-01
3.768263459205627441e-01
4.983985126018524170e-01
2.332199946977198124e-04
3.762622773647308350e-01
5.578531622886657715e-01
2.088772803544998169e-01
3.557717502117156982e-01
4.082603454589843750e-01
5.981355905532836914e-01
2.376805394887924194e-01
7.488059997558593750e-01
2.036070674657821655e-01
3.585345447063446045e-01
2.895576655864715576e-01
2.238436341285705566e-01
3.582949936389923096e-01
7.637392282485961914e-01
3.931464850902557373e-01
6.338230967521667480e-01
4.618102908134460449e-01
1.814482659101486206e-01
2.681928277015686035e-01
8.668039739131927490e-02
2.043651640415191650e-01
7.711973786354064941e-02
2.092349380254745483e-01
4.136600196361541748e-01
4.914377257227897644e-02
1.969625949859619141e-01
2.049407362937927246e-01
1.047036498785018921e-01
5.832663178443908691e-01
6.487938165664672852e-01
1.111276224255561829e-01
3.954549431800842285e-01
1.633325219154357910e-01
7.969095706939697266e-01
5.208974480628967285e-01
2.006811797618865967e-01
6.732954829931259155e-02
9.418156929314136505e-03
2.192748151719570160e-02
1.763700321316719055e-02
2.499688267707824707e-01
4.011082053184509277e-01
5.807774066925048828e-01
2.000991851091384888e-01
2.005851715803146362e-01
1.952261477708816528e-01
5.952960252761840820e-01
2.977362275123596191e-01
1.105448380112648010e-01
3.842592239379882812e-01
5.349210463464260101e-03
9.778569638729095459e-02
1.100361198186874390e-01
7.246032357215881348e-02
4.656536281108856201e-01
2.843725979328155518e-01
1.153080817312002182e-02
5.992127656936645508e-01
2.593290209770202637e-01
4.719122052192687988e-01
1.317494083195924759e-02
1.008922830224037170e-01
3.349544852972030640e-02
2.373680919408798218e-01
1.179826539009809494e-02
3.857457637786865234e-01
5.576668977737426758e-01
6.021331548690795898e-01
3.948733806610107422e-01
1.944338232278823853e-01
3.994700908660888672e-01
4.293820858001708984e-01
4.008512496948242188e-01
5.555605292320251465e-01
5.826935172080993652e-02
4.084327518939971924e-01
8.827030658721923828e-01
9.524341672658920288e-03
1.513577252626419067e-02
7.738997340202331543e-01
5.499891638755798340e-01
5.924034714698791504e-01
5.116642452776432037e-03
7.907232046127319336e-01
5.771317481994628906e-01
5.186990499496459961e-01
9.881402552127838135e-02
2.427025288343429565e-01
2.878396213054656982e-01
3.461186587810516357e-01
2.592585806269198656e-04
6.022873520851135254e-02
2.307271398603916168e-02
1.081696525216102600e-02
4.012301266193389893e-01
9.293805807828903198e-03
5.964739322662353516e-01
3.210535943508148193e-01
2.434872239828109741e-01
1.090650074183940887e-02
2.255698740482330322e-01
5.447057485580444336e-01
1.865895688533782959e-01
2.007998526096343994e-01
3.836801052093505859e-01
2.882764339447021484e-01
5.719421505928039551e-01
2.971463203430175781e-01
2.951313257217407227e-01
7.718010544776916504e-01
1.620613187551498413e-01
3.989275693893432617e-01
2.051835209131240845e-01
8.540762588381767273e-03
1.843417882919311523e-01
1.109422743320465088e-01
3.984341621398925781e-01
1.008345261216163635e-01
3.594747558236122131e-02
4.406683146953582764e-01
4.000992178916931152e-01
2.341765910387039185e-01
6.008465886116027832e-01
4.802128672599792480e-01
5.834265947341918945e-01
3.980213701725006104e-01
1.945250779390335083e-01
5.209797620773315430e-01
3.941342830657958984e-01
1.363420486450195312e-01
3.782248497009277344e-01
2.147904038429260254e-01
4.206722080707550049e-01
1.653665155172348022e-01
4.903644789010286331e-03
3.700216114521026611e-01
2.267217487096786499e-01
9.729374051094055176e-01
5.199264287948608398e-01
3.838669359683990479e-01
1.086907684803009033e-01
8.153067529201507568e-02
3.089172244071960449e-01
1.430411636829376221e-01
5.441616177558898926e-01
6.119644641876220703e-01
8.043443411588668823e-02
3.357448801398277283e-02
5.877258777618408203e-01
4.424558579921722412e-02
2.607191801071166992e-01
3.971283137798309326e-01
3.925155997276306152e-01
2.598993182182312012e-01
3.587971627712249756e-01
5.720735061913728714e-03
1.575814001262187958e-02
2.652578055858612061e-01
6.991366147994995117e-01
3.881763517856597900e-01
1.906659752130508423e-01
3.621274232864379883e-01
3.959404528141021729e-01
7.770245671272277832e-01
2.061855494976043701e-01
2.096322327852249146e-01
4.828096926212310791e-01
6.293685436248779297e-01
1.958506405353546143e-01
2.381854057312011719e-01
3.386815786361694336e-01
9.136224538087844849e-02
5.823349952697753906e-01
7.939243689179420471e-03
7.211002111434936523e-01
1.299280673265457153e-01
7.481927275657653809e-01
3.991630673408508301e-01
3.810683190822601318e-01
4.105296730995178223e-01
2.762368917465209961e-01
5.990161895751953125e-01
3.671674132347106934e-01
2.823504246771335602e-02
2.828291058540344238e-01
3.227812647819519043e-01
2.524970099329948425e-03
3.919188976287841797e-01
4.070254266262054443e-01
7.679274082183837891e-01
5.510373115539550781e-01
3.675905466079711914e-01
6.358287930488586426e-01
1.987829506397247314e-01
1.125016584992408752e-01
9.499897807836532593e-02
2.316677570343017578e-01
3.917851150035858154e-01
4.305880665779113770e-01
2.018865793943405151e-01
3.975808620452880859e-01
5.878725051879882812e-01
3.120951950550079346e-01
3.776372596621513367e-02
1.938903182744979858e-01
4.362332820892333984e-01
3.998411297798156738e-01
1.010665223002433777e-01
4.246363937854766846e-01
4.030007869005203247e-03
3.060806393623352051e-01
7.968606352806091309e-01
1.572612226009368896e-01
6.904866695404052734e-01
1.628904640674591064e-01
2.729964852333068848e-01
4.338530451059341431e-02
2.573670148849487305e-01
2.743701217696070671e-03
7.714391350746154785e-01
3.242468833923339844e-01
2.000485658645629883e-01
7.386399898678064346e-03
3.742852807044982910e-01
4.369680285453796387e-01
5.101191811263561249e-03
4.440724849700927734e-01
4.084598124027252197e-01
2.873002588748931885e-01
3.998651504516601562e-01
3.852471709251403809e-01
2.072400003671646118e-01
2.185864746570587158e-01
1.896810829639434814e-01
9.136792272329330444e-03
1.972125917673110962e-01
2.481938898563385010e-02
4.179298579692840576e-01
2.149632200598716736e-02
4.277431666851043701e-01
3.536586761474609375e-01
4.174526035785675049e-01
5.246074199676513672e-01
6.160129308700561523e-01
5.790444016456604004e-01
4.049330055713653564e-01
8.078210800886154175e-02
7.927812933921813965e-01
1.806364953517913818e-01
5.133683085441589355e-01
7.966605424880981445e-01
2.574825473129749298e-02
6.329452395439147949e-01
4.191247224807739258e-01
5.902506709098815918e-01
3.851424455642700195e-01
4.281733036041259766e-01
1.897190809249877930e-01
4.041730761528015137e-01
1.883445978164672852e-01
3.412817716598510742e-01
2.384249269962310791e-01
5.823907256126403809e-01
4.092487394809722900e-01
8.588274358771741390e-04
5.974019169807434082e-01
5.229102373123168945e-01
7.978963255882263184e-01
1.591918058693408966e-02
5.146533250808715820e-01
5.590032935142517090e-01
4.036292433738708496e-01
1.711296886205673218e-01
1.068539619445800781e-01
3.283895254135131836e-01
2.133997231721878052e-01
4.388830363750457764e-01
9.637200087308883667e-02
7.968519330024719238e-01
4.168472439050674438e-02
8.072829246520996094e-01
2.120793014764785767e-01
5.818288326263427734e-01
4.031825065612792969e-01
4.550754129886627197e-01
3.517990112304687500e-01
2.697675824165344238e-01
9.665539264678955078e-01
3.809120059013366699e-01
4.012144804000854492e-01
1.605999171733856201e-01
7.344647645950317383e-01
1.519448757171630859e-01
5.674569010734558105e-01
5.911188125610351562e-01
6.236793100833892822e-02
2.426932603120803833e-01
7.260774374008178711e-01
5.034388303756713867e-01
1.232749298214912415e-01
4.067414999008178711e-01
4.508490860462188721e-01
1.821532994508743286e-01
2.248273231089115143e-03
3.018631041049957275e-01
2.131288647651672363e-01
4.214485287666320801e-01
5.878102183341979980e-01
3.888457417488098145e-01
2.682575881481170654e-01
5.942766666412353516e-01
8.751665949821472168e-01
2.454146742820739746e-01
1.814696565270423889e-02
4.998296499252319336e-01
1.990764439105987549e-01
6.963177584111690521e-03
7.633666992187500000e-01
1.377624273300170898e-01
6.027585268020629883e-01
4.037716090679168701e-01
5.960313677787780762e-01
3.394054770469665527e-01
9.775427579879760742e-01
4.063495993614196777e-01
2.241175174713134766e-01
5.247480273246765137e-01
3.561367392539978027e-01
5.939611196517944336e-01
1.509919315576553345e-01
9.945782423019409180e-01
2.246315628290176392e-01
5.809973478317260742e-01
4.875645339488983154e-01
1.949639469385147095e-01
4.451687335968017578e-01
4.623608589172363281e-01
7.501891851425170898e-01
1.699643880128860474e-01
1.025202050805091858e-01
4.078249633312225342e-01
5.918291211128234863e-01
5.304661989212036133e-01
5.249578952789306641e-01
3.611255586147308350e-01
3.274950683116912842e-01
3.820778131484985352e-01
3.797746896743774414e-01
5.194209814071655273e-01
5.338084101676940918e-01
4.376381933689117432e-01
1.537502259016036987e-01
9.092299267649650574e-03
