2.718611955642700195e-01
2.059243321418762207e-01
2.205558270215988159e-01
5.427098274230957031e-01
3.540036380290985107e-01
7.488937377929687500e-01
2.747346162796020508e-01
2.275559157133102417e-01
4.255959987640380859e-01
2.453983575105667114e-01
3.984678387641906738e-01
2.255572527647018433e-01
7.145386338233947754e-01
5.100903511047363281e-01
4.592482149600982666e-01
9.457549080252647400e-03
1.293575678573688492e-05
6.256154775619506836e-01
4.178049564361572266e-01
1.821176707744598389e-01
8.769746869802474976e-02
2.080820053815841675e-01
4.249176084995269775e-01
6.902312636375427246e-01
1.122907698154449463e-01
6.208009645342826843e-02
4.352822434157133102e-03
4.111743569374084473e-01
3.172434866428375244e-01
7.570487260818481445e-01
2.284938236698508263e-04
5.245678424835205078e-01
4.642855226993560791e-01
2.526465952396392822e-01
2.073247544467449188e-02
2.317139692604541779e-02
7.656215429306030273e-01
9.995764493942260742e-02
5.607209634035825729e-03
1.996106207370758057e-01
2.041533589363098145e-01
6.015189886093139648e-01
2.171499431133270264e-01
4.253363013267517090e-01
5.808069109916687012e-01
6.004077196121215820e-01
2.928933799266815186e-01
7.882531881332397461e-01
8.986298739910125732e-02
2.254834026098251343e-01
5.382211208343505859e-01
5.872860550880432129e-01
4.266827106475830078e-01
2.293723374605178833e-01
3.598799407482147217e-01
7.535808086395263672e-01
3.327280879020690918e-01
8.479268550872802734e-01
3.978959918022155762e-01
5.820941925048828125e-02
3.461017832159996033e-02
4.072114229202270508e-01
2.115558832883834839e-01
5.679988302290439606e-03
2.781525254249572754e-02
1.998740732669830322e-01
5.994798541069030762e-01
1.433691941201686859e-03
4.482303932309150696e-02
1.608757078647613525e-01
2.919646203517913818e-01
3.307850658893585205e-01
3.939140439033508301e-01
1.974618136882781982e-01
8.109424710273742676e-01
1.661801189184188843e-01
1.895604133605957031e-01
4.197799861431121826e-01
2.272175848484039307e-01
2.308138757944107056e-01
2.255036234855651855e-01
2.025839388370513916e-01
2.399090379476547241e-01
3.345444798469543457e-01
6.059464216232299805e-01
2.296194285154342651e-01
1.964821070432662964e-01
2.450785599648952484e-03
6.061803102493286133e-01
4.479264616966247559e-01
1.821097359061241150e-02
2.197299897670745850e-01
1.275740098208189011e-02
1.502177715301513672e-01
8.680114895105361938e-02
7.176555693149566650e-02
2.007406800985336304e-01
3.451225161552429199e-01
3.712323904037475586e-01
4.459662437438964844e-01
3.947998881340026855e-01
9.919203585013747215e-04
4.285944402217864990e-01
4.203067421913146973e-01
8.326221704483032227e-01
2.415703982114791870e-01
3.474886417388916016e-01
6.645047664642333984e-01
1.989745944738388062e-01
2.406506333500146866e-03
4.472058117389678955e-01
4.132655560970306396e-01
2.747799456119537354e-01
5.037459135055541992e-01
3.398687839508056641e-01
2.718916162848472595e-02
6.017087101936340332e-01
6.297562122344970703e-01
8.054568767547607422e-01
4.307982623577117920e-01
1.959744691848754883e-01
3.940164446830749512e-01
4.233232140541076660e-01
1.117393374443054199e-01
2.616376578807830811e-01
3.785406947135925293e-01
7.133117914199829102e-01
6.044101119041442871e-01
1.926374137401580811e-01
1.737340837717056274e-01
7.699800729751586914e-01
7.617204636335372925e-02
4.792795181274414062e-01
1.992969810962677002e-01
2.059282809495925903e-01
2.570416033267974854e-01
5.901394486427307129e-01
2.687334418296813965e-01
3.669167757034301758e-01
4.852100014686584473e-01
9.507620334625244141e-01
3.408662080764770508e-01
1.931893527507781982e-01
5.398190617561340332e-01
4.239352345466613770e-01
2.718816101551055908e-01
5.555741786956787109e-01
2.130783647298812866e-01
4.921799898147583008e-01
3.881509304046630859e-01
7.614213824272155762e-01
2.219872325658798218e-01
4.604972302913665771e-01
1.530857086181640625e-01
2.425822764635086060e-01
2.771519869565963745e-02
1.379936933517456055e-01
2.069239318370819092e-01
5.229662060737609863e-01
2.610219120979309082e-01
6.491721421480178833e-02
5.970205068588256836e-01
6.153494119644165039e-01
8.690742254257202148e-01
4.768956303596496582e-01
8.975756913423538208e-02
1.856688968837261200e-02
2.614822685718536377e-01
4.316463693976402283e-02
4.024270176887512207e-01
2.028445303440093994e-01
5.938114598393440247e-02
4.400430917739868164e-01
5.807604789733886719e-01
4.217008948326110840e-01
1.593181192874908447e-01
2.232737839221954346e-01
2.577495276927947998e-01
5.077831149101257324e-01
9.940456151962280273e-01
3.430901765823364258e-01
6.441177129745483398e-01
4.490042924880981445e-01
7.813155055046081543e-01
1.983006596565246582e-01
6.491164863109588623e-02
7.527898550033569336e-01
2.320844531059265137e-01
4.060603678226470947e-01
2.046658545732498169e-01
5.775711536407470703e-01
5.036418437957763672e-01
4.255951642990112305e-01
7.852052450180053711e-01
3.714933525770902634e-03
6.952320337295532227e-01
7.951237559318542480e-01
2.060480415821075439e-01
2.012751549482345581e-01
1.331095583736896515e-02
4.536395967006683350e-01
5.345858335494995117e-01
4.474631547927856445e-01
3.580014109611511230e-01
5.262873172760009766e-01
2.996907234191894531e-01
2.448762208223342896e-01
3.997537791728973389e-01
2.417839132249355316e-03
2.361224889755249023e-01
6.110420227050781250e-01
2.012950628995895386e-01
7.770391702651977539e-01
8.357243495993316174e-04
7.475097179412841797e-01
2.554976344108581543e-01
4.056605100631713867e-01
1.917089819908142090e-01
4.887690767645835876e-03
5.454873442649841309e-01
2.846077382564544678e-01
4.717249870300292969e-01
6.708788569085299969e-04
7.618294954299926758e-01
1.377360969781875610e-01
