9.733116626739501953e-01
9.673453569412231445e-01
9.671053886413574219e-01
9.944761395454406738e-01
9.705004692077636719e-01
9.871490597724914551e-01
9.963068962097167969e-01
9.279935359954833984e-01
9.888881444931030273e-01
9.935545921325683594e-01
9.950353503227233887e-01
9.944788217544555664e-01
9.944226145744323730e-01
9.900507926940917969e-01
9.907282590866088867e-01
3.088398575782775879e-01
9.017480015754699707e-01
9.999989271163940430e-01
8.023792505264282227e-01
9.442455172538757324e-01
9.843629002571105957e-01
9.988753199577331543e-01
9.771034717559814453e-01
9.851850867271423340e-01
9.958291053771972656e-01
9.832051992416381836e-01
9.973445534706115723e-01
9.930510520935058594e-01
9.959885478019714355e-01
8.623811602592468262e-01
9.083635210990905762e-01
9.990834593772888184e-01
8.826842308044433594e-01
9.268139600753784180e-01
9.789913892745971680e-01
9.984716773033142090e-01
9.808214902877807617e-01
9.576935172080993652e-01
9.976804256439208984e-01
9.872764945030212402e-01
9.918110966682434082e-01
9.845870137214660645e-01
9.990078806877136230e-01
7.593581676483154297e-01
9.022108912467956543e-01
9.989303350448608398e-01
9.727398157119750977e-01
9.826861619949340820e-01
9.561526775360107422e-01
9.927562475204467773e-01
9.827234148979187012e-01
9.933537840843200684e-01
9.819467663764953613e-01
9.811618924140930176e-01
9.925743341445922852e-01
9.920111894607543945e-01
9.974672198295593262e-01
9.993027448654174805e-01
9.948340058326721191e-01
9.912782907485961914e-01
9.882953763008117676e-01
9.964810609817504883e-01
9.967143535614013672e-01
7.821230292320251465e-01
9.746339917182922363e-01
9.867755770683288574e-01
9.985055327415466309e-01
9.479843378067016602e-01
9.669656157493591309e-01
9.760496020317077637e-01
9.997478127479553223e-01
9.719326496124267578e-01
9.652666449546813965e-01
9.677379727363586426e-01
9.993613958358764648e-01
9.029655456542968750e-01
9.659399390220642090e-01
9.994513988494873047e-01
9.874888062477111816e-01
8.690794706344604492e-01
9.697697758674621582e-01
9.938021302223205566e-01
9.967659711837768555e-01
9.976022243499755859e-01
9.543861746788024902e-01
9.293853640556335449e-01
9.647599458694458008e-01
9.580089449882507324e-01
9.988102316856384277e-01
9.790797233581542969e-01
9.617308974266052246e-01
9.912837147712707520e-01
9.888350963592529297e-01
9.803562164306640625e-01
9.514856934547424316e-01
9.794274568557739258e-01
9.914874434471130371e-01
9.925451874732971191e-01
9.970622658729553223e-01
9.738012552261352539e-01
9.679758548736572266e-01
9.675543904304504395e-01
9.895186424255371094e-01
9.621394276618957520e-01
9.957785606384277344e-01
8.948860764503479004e-01
9.808009266853332520e-01
9.995771646499633789e-01
9.669741988182067871e-01
9.878050088882446289e-01
9.941360354423522949e-01
9.916267991065979004e-01
9.965937733650207520e-01
9.710555672645568848e-01
9.691181778907775879e-01
9.683973789215087891e-01
8.725270628929138184e-01
9.946963787078857422e-01
9.983172416687011719e-01
9.932532310485839844e-01
9.898059964179992676e-01
9.940581917762756348e-01
9.976603984832763672e-01
9.555773138999938965e-01
9.858589172363281250e-01
9.767996072769165039e-01
9.975099563598632812e-01
9.709876775741577148e-01
9.675111174583435059e-01
9.685766696929931641e-01
9.657059311866760254e-01
9.661260843276977539e-01
9.974165558815002441e-01
9.979722499847412109e-01
9.982545971870422363e-01
9.888709187507629395e-01
9.990399479866027832e-01
9.995276927947998047e-01
9.988090395927429199e-01
9.575230479240417480e-01
9.986174702644348145e-01
9.731189012527465820e-01
9.634429216384887695e-01
9.678541421890258789e-01
9.926187396049499512e-01
9.765017628669738770e-01
9.941373467445373535e-01
9.972399473190307617e-01
9.842165708541870117e-01
9.949047565460205078e-01
9.991239905357360840e-01
9.971191287040710449e-01
9.997715950012207031e-01
9.962228536605834961e-01
9.991254806518554688e-01
9.767832756042480469e-01
9.675300121307373047e-01
9.676181077957153320e-01
9.915670156478881836e-01
9.794020056724548340e-01
9.964425563812255859e-01
9.961374402046203613e-01
9.876504540443420410e-01
9.937747716903686523e-01
9.960286021232604980e-01
9.967709779739379883e-01
9.955055713653564453e-01
9.987650513648986816e-01
9.908319711685180664e-01
9.761777520179748535e-01
9.705302119255065918e-01
9.675045013427734375e-01
9.882647395133972168e-01
9.580795168876647949e-01
9.950202107429504395e-01
9.960805177688598633e-01
8.874393105506896973e-01
9.627476930618286133e-01
9.945859909057617188e-01
9.925144314765930176e-01
9.902964234352111816e-01
9.766044616699218750e-01
9.961166977882385254e-01
9.517011046409606934e-01
9.728324413299560547e-01
9.682342410087585449e-01
9.969795942306518555e-01
9.676857590675354004e-01
9.905560612678527832e-01
9.976519942283630371e-01
9.274512529373168945e-01
9.693562388420104980e-01
9.912769198417663574e-01
9.989013075828552246e-01
9.940012693405151367e-01
9.754565358161926270e-01
9.992815852165222168e-01
9.148010015487670898e-01
9.713061451911926270e-01
9.680679440498352051e-01
9.983846545219421387e-01
9.712956547737121582e-01
9.876403212547302246e-01
9.988214373588562012e-01
9.760859012603759766e-01
9.889643788337707520e-01
9.859776496887207031e-01
9.973056316375732422e-01
9.770767688751220703e-01
9.904844760894775391e-01
9.987791180610656738e-01
9.735423922538757324e-01
9.697665572166442871e-01
9.669122695922851562e-01
9.760484695434570312e-01
9.848137497901916504e-01
9.975715279579162598e-01
9.874666929244995117e-01
9.849457144737243652e-01
9.938192367553710938e-01
9.952306747436523438e-01
9.917860031127929688e-01
9.979866147041320801e-01
9.965786337852478027e-01
9.844399690628051758e-01
