6.622957587242126465e-01
9.999945163726806641e-01
1.272071301937103271e-01
4.133316278457641602e-01
8.578881621360778809e-01
9.979522228240966797e-01
6.552062034606933594e-01
8.220382332801818848e-01
9.432789087295532227e-01
9.628412723541259766e-01
9.997903108596801758e-01
9.978699684143066406e-01
9.912853240966796875e-01
1.263016313314437866e-01
9.999946951866149902e-01
2.722467780113220215e-01
5.123986005783081055e-01
8.469045758247375488e-01
9.931436181068420410e-01
8.624663949012756348e-01
9.218984842300415039e-01
9.571838378906250000e-01
9.582242369651794434e-01
9.958549141883850098e-01
9.990874528884887695e-01
9.876217246055603027e-01
2.343237167224287987e-03
1.881467876955866814e-03
9.849674105644226074e-01
4.615772515535354614e-03
2.241287380456924438e-03
9.997630119323730469e-01
9.414763450622558594e-01
1.820383816957473755e-01
5.909946188330650330e-02
7.550061345100402832e-01
9.834429621696472168e-01
9.996321797370910645e-01
5.383378863334655762e-01
1.957167842192575336e-05
2.242026478052139282e-02
9.998507499694824219e-01
8.999863266944885254e-01
2.181994915008544922e-02
9.383001923561096191e-01
9.783864021301269531e-01
9.719327688217163086e-01
9.463544487953186035e-01
6.636553406715393066e-01
7.309293746948242188e-01
9.674296975135803223e-01
9.980796575546264648e-01
3.506377637386322021e-01
1.019019484519958496e-01
9.999657869338989258e-01
6.119344830513000488e-01
7.205168604850769043e-01
9.885037541389465332e-01
9.307082891464233398e-01
9.657574295997619629e-01
9.351638555526733398e-01
9.052835702896118164e-01
9.859426617622375488e-01
9.979878664016723633e-01
9.939785003662109375e-01
9.140983223915100098e-03
2.799649350345134735e-02
9.904301166534423828e-01
5.000296831130981445e-01
4.716781526803970337e-02
4.013536870479583740e-02
7.079559564590454102e-01
2.715959250926971436e-01
1.414137184619903564e-01
5.823188424110412598e-01
8.273473381996154785e-01
7.711586356163024902e-01
5.209651589393615723e-01
7.443258911371231079e-02
3.411460220813751221e-01
9.998269081115722656e-01
3.881006836891174316e-01
7.534462213516235352e-01
6.178732514381408691e-01
9.958706498146057129e-01
6.985310912132263184e-01
7.808959484100341797e-01
9.995958209037780762e-01
9.974455833435058594e-01
1.407077610492706299e-01
2.349707186222076416e-01
1.280286908149719238e-01
5.867326855659484863e-01
9.999709129333496094e-01
6.634116768836975098e-01
3.956620991230010986e-01
8.398148417472839355e-01
9.968364238739013672e-01
8.694720864295959473e-01
7.476793527603149414e-01
9.759188294410705566e-01
9.999948740005493164e-01
9.997375607490539551e-01
7.767202258110046387e-01
7.051444798707962036e-02
4.722535014152526855e-01
9.997093677520751953e-01
3.479847013950347900e-01
4.934619367122650146e-01
2.433855533599853516e-01
9.918169379234313965e-01
8.380264639854431152e-01
9.058609008789062500e-01
9.501429796218872070e-01
9.130616784095764160e-01
9.995386600494384766e-01
9.744517803192138672e-01
1.595492959022521973e-01
6.850467324256896973e-01
9.996024370193481445e-01
5.498269200325012207e-01
7.120140790939331055e-01
8.886902332305908203e-01
9.891427159309387207e-01
9.990392327308654785e-01
9.761970043182373047e-01
9.760479927062988281e-01
9.687475562095642090e-01
9.920312166213989258e-01
9.921885132789611816e-01
1.235935389995574951e-01
6.087623238563537598e-01
9.999278783798217773e-01
6.932398080825805664e-01
6.467158198356628418e-01
9.055979251861572266e-01
9.943691492080688477e-01
9.204468131065368652e-01
9.920735359191894531e-01
9.797078371047973633e-01
9.230740070343017578e-01
8.929083943367004395e-01
9.799497127532958984e-01
7.404134422540664673e-02
7.712685465812683105e-01
9.999084472656250000e-01
6.130428910255432129e-01
2.648245692253112793e-01
9.538952708244323730e-01
9.744650125503540039e-01
9.528203606605529785e-01
9.781674146652221680e-01
9.883090257644653320e-01
9.156447649002075195e-01
9.466655254364013672e-01
9.235673546791076660e-01
1.107935011386871338e-01
6.006547808647155762e-01
9.965544939041137695e-01
6.389195322990417480e-01
7.556172609329223633e-01
9.294745922088623047e-01
9.881768226623535156e-01
9.465103745460510254e-01
9.784147739410400391e-01
9.555848240852355957e-01
9.226294755935668945e-01
9.906817674636840820e-01
9.956798553466796875e-01
2.509062550961971283e-02
9.993903040885925293e-01
4.559869691729545593e-02
1.499155014753341675e-01
8.143799304962158203e-01
9.979614019393920898e-01
6.924734115600585938e-01
4.725865125656127930e-01
7.924261093139648438e-01
9.890911579132080078e-01
9.990119338035583496e-01
9.936563372611999512e-01
9.177713394165039062e-01
9.995625019073486328e-01
2.523214817047119141e-01
9.732411503791809082e-01
6.656120419502258301e-01
4.990158975124359131e-01
1.533295959234237671e-01
8.689656257629394531e-01
2.487082183361053467e-01
8.373533487319946289e-01
4.212818741798400879e-01
8.437150716781616211e-01
8.226361274719238281e-01
9.110527038574218750e-01
9.589401483535766602e-01
1.843707752414047718e-03
8.742440342903137207e-01
3.643269417807459831e-03
2.095019910484552383e-03
9.838047027587890625e-01
8.929479718208312988e-01
1.171054542064666748e-01
1.018341854214668274e-01
7.278373241424560547e-01
9.776829481124877930e-01
9.965634346008300781e-01
7.178858518600463867e-01
9.678064584732055664e-01
9.295985847711563110e-02
9.740468263626098633e-01
9.680659770965576172e-01
7.191072683781385422e-03
8.577818274497985840e-01
7.979450821876525879e-01
9.268603324890136719e-01
8.324087262153625488e-01
3.931664824485778809e-01
2.295223176479339600e-01
7.971046566963195801e-01
9.863041043281555176e-01
9.959113597869873047e-01
1.041759476065635681e-01
9.064029455184936523e-01
9.963122606277465820e-01
6.724962592124938965e-01
1.512261331081390381e-01
9.913880825042724609e-01
9.516795277595520020e-01
6.980898976325988770e-01
6.546455621719360352e-01
9.255896210670471191e-01
9.912415742874145508e-01
9.791890978813171387e-01
9.241730570793151855e-01
3.088315725326538086e-01
9.856850504875183105e-01
7.943151593208312988e-01
9.259898066520690918e-01
8.112869262695312500e-01
9.848904013633728027e-01
5.329290032386779785e-01
9.528223872184753418e-01
9.995525479316711426e-01
9.994153976440429688e-01
1.363699734210968018e-01
3.495406806468963623e-01
9.691846370697021484e-01
7.119185924530029297e-01
9.840883016586303711e-01
9.384861588478088379e-01
7.774236202239990234e-01
9.594963192939758301e-01
9.805023670196533203e-01
7.985570430755615234e-01
9.200734496116638184e-01
8.687692284584045410e-01
9.444127678871154785e-01
7.892398834228515625e-01
8.527094125747680664e-01
8.536256551742553711e-01
7.490004301071166992e-01
9.760158658027648926e-01
7.809300422668457031e-01
7.483569383621215820e-01
3.927631080150604248e-01
9.791421890258789062e-01
9.571130871772766113e-01
9.173200130462646484e-01
8.531061410903930664e-01
9.625440239906311035e-01
9.994013309478759766e-01
9.904070496559143066e-01
9.153555035591125488e-01
7.389467954635620117e-01
9.743240475654602051e-01
8.584577441215515137e-01
8.682631850242614746e-01
9.469766616821289062e-01
9.808597564697265625e-01
9.866197109222412109e-01
9.863410592079162598e-01
9.827238321304321289e-01
8.969984650611877441e-01
9.864374995231628418e-01
9.923466444015502930e-01
8.000159263610839844e-01
5.986348986625671387e-01
9.890455603599548340e-01
6.499537229537963867e-01
7.586889863014221191e-01
9.284369349479675293e-01
9.892990589141845703e-01
9.694054722785949707e-01
9.939216971397399902e-01
9.806244969367980957e-01
8.720254898071289062e-01
8.916619420051574707e-01
9.734343886375427246e-01
8.448097705841064453e-01
7.752968668937683105e-01
9.905140399932861328e-01
8.823952674865722656e-01
8.611863255500793457e-01
9.576309919357299805e-01
9.878850579261779785e-01
8.714726567268371582e-01
9.792920351028442383e-01
9.906736612319946289e-01
8.664734959602355957e-01
5.824677944183349609e-01
9.046574831008911133e-01
9.131144285202026367e-01
7.902781963348388672e-01
9.836656451225280762e-01
8.896843791007995605e-01
8.472136259078979492e-01
9.623141884803771973e-01
9.757922291755676270e-01
9.679672718048095703e-01
9.874129295349121094e-01
9.564428329467773438e-01
8.115153312683105469e-01
8.325249552726745605e-01
9.854099154472351074e-01
9.999486804008483887e-01
9.925055503845214844e-01
8.937552571296691895e-01
9.589890837669372559e-01
3.177908658981323242e-01
2.742546498775482178e-01
9.460721611976623535e-01
9.003812074661254883e-01
6.318715810775756836e-01
6.873457431793212891e-01
9.571853280067443848e-01
9.870055913925170898e-01
9.612894058227539062e-01
9.829055070877075195e-01
9.952998161315917969e-01
7.274109721183776855e-01
9.537575244903564453e-01
7.673960328102111816e-01
9.488805532455444336e-01
7.387290596961975098e-01
7.798032760620117188e-01
8.854378461837768555e-01
9.442837834358215332e-01
9.881522655487060547e-01
9.119890332221984863e-01
7.038989067077636719e-01
9.330341815948486328e-01
8.205649256706237793e-01
9.185501337051391602e-01
7.441427707672119141e-01
1.869104104116559029e-03
9.472289085388183594e-01
9.524133205413818359e-01
9.587507843971252441e-01
8.891875743865966797e-01
5.534867048263549805e-01
4.597237706184387207e-01
9.195966720581054688e-01
9.857325553894042969e-01
9.660139083862304688e-01
9.913628697395324707e-01
7.725473046302795410e-01
8.491510152816772461e-01
9.892582893371582031e-01
8.057566881179809570e-01
8.910673260688781738e-01
9.937711954116821289e-01
9.652457833290100098e-01
4.087514877319335938e-01
5.839599967002868652e-01
9.136939048767089844e-01
9.941077828407287598e-01
9.983758330345153809e-01
9.987631440162658691e-01
7.069458365440368652e-01
8.019601702690124512e-01
9.937917590141296387e-01
2.705011069774627686e-01
9.262244105339050293e-01
9.952235817909240723e-01
6.405174136161804199e-01
7.963516712188720703e-01
9.705979824066162109e-01
9.960640072822570801e-01
9.426551461219787598e-01
9.358240962028503418e-01
9.825087785720825195e-01
8.873333334922790527e-01
9.051362276077270508e-01
9.988811612129211426e-01
4.950511753559112549e-01
9.792653918266296387e-01
9.637880921363830566e-01
5.619622468948364258e-01
9.981721043586730957e-01
9.949566125869750977e-01
7.908207774162292480e-01
6.347683668136596680e-01
9.378645420074462891e-01
9.566126465797424316e-01
9.220864772796630859e-01
8.714663386344909668e-01
7.383886575698852539e-01
9.589638710021972656e-01
9.801865220069885254e-01
8.310073018074035645e-01
8.058632016181945801e-01
9.845637083053588867e-01
9.999474287033081055e-01
9.985518455505371094e-01
6.835607290267944336e-01
9.773725271224975586e-01
9.832218289375305176e-01
7.529982328414916992e-01
8.962044715881347656e-01
9.784166216850280762e-01
1.639806777238845825e-01
8.471847176551818848e-01
9.836237430572509766e-01
9.794119596481323242e-01
9.264025688171386719e-01
9.740836024284362793e-01
9.955509305000305176e-01
9.850211143493652344e-01
9.530380964279174805e-01
9.752256274223327637e-01
8.012687563896179199e-01
9.067836999893188477e-01
9.561688899993896484e-01
8.049051165580749512e-01
8.683059811592102051e-01
9.834415912628173828e-01
9.823049306869506836e-01
9.193868041038513184e-01
9.673959612846374512e-01
9.848340749740600586e-01
9.872410297393798828e-01
9.197468757629394531e-01
9.385906457901000977e-01
8.578866124153137207e-01
8.871985673904418945e-01
9.348999261856079102e-01
7.779477834701538086e-01
9.557247161865234375e-01
9.811367988586425781e-01
9.981358647346496582e-01
9.477460980415344238e-01
9.413438439369201660e-01
9.383317232131958008e-01
9.905741214752197266e-01
8.357660174369812012e-01
8.358792662620544434e-01
9.244807362556457520e-01
7.964305877685546875e-01
8.781086802482604980e-01
9.392142295837402344e-01
9.818333387374877930e-01
9.634639024734497070e-01
9.847360253334045410e-01
9.827575683593750000e-01
8.692622780799865723e-01
6.511793732643127441e-01
9.464926719665527344e-01
9.345160722732543945e-01
9.628497958183288574e-01
8.619306683540344238e-01
8.620370030403137207e-01
9.381380081176757812e-01
8.880162239074707031e-01
9.315193295478820801e-01
9.166437983512878418e-01
9.845260977745056152e-01
8.661705851554870605e-01
9.044300317764282227e-01
9.721382856369018555e-01
9.928386211395263672e-01
9.999443292617797852e-01
9.996712207794189453e-01
8.976764082908630371e-01
9.838131666183471680e-01
9.269084930419921875e-01
4.721435718238353729e-03
5.608458071947097778e-03
9.751247167587280273e-01
9.512500762939453125e-01
2.238364517688751221e-02
1.005710810422897339e-01
8.039591461420059204e-02
9.980180263519287109e-01
9.999921321868896484e-01
9.986889362335205078e-01
9.996126890182495117e-01
2.676071822643280029e-01
9.987500905990600586e-01
1.811437904834747314e-01
9.279003739356994629e-01
5.191723108291625977e-01
2.336153388023376465e-01
4.915127456188201904e-01
9.587998986244201660e-01
9.759926199913024902e-01
9.126037955284118652e-01
9.999939799308776855e-01
9.962456822395324707e-01
9.634480476379394531e-01
7.892086505889892578e-01
9.709510803222656250e-01
2.335440665483474731e-01
9.755549430847167969e-01
8.751569986343383789e-01
3.007188141345977783e-01
5.965359210968017578e-01
9.367570877075195312e-01
9.885242581367492676e-01
9.693330526351928711e-01
9.999996423721313477e-01
9.998022913932800293e-01
9.933325052261352539e-01
2.901628017425537109e-01
6.700904965400695801e-01
9.983583092689514160e-01
5.120086073875427246e-01
8.936248421669006348e-01
9.934273958206176758e-01
5.074458122253417969e-01
8.311780691146850586e-01
9.925721883773803711e-01
9.886170625686645508e-01
9.999994039535522461e-01
9.993221759796142578e-01
9.881991744041442871e-01
4.358628094196319580e-01
4.334789812564849854e-01
9.910970926284790039e-01
7.167433977883774787e-06
8.353425264358520508e-01
9.941089153289794922e-01
1.071983575820922852e-01
3.937705233693122864e-02
9.496266841888427734e-01
9.961575865745544434e-01
9.999989867210388184e-01
9.998791217803955078e-01
9.921210408210754395e-01
9.864713996648788452e-02
9.466391205787658691e-01
9.999892115592956543e-01
3.754636049270629883e-01
8.359598517417907715e-01
9.999381899833679199e-01
6.882105469703674316e-01
5.533168315887451172e-01
9.250255227088928223e-01
6.121298670768737793e-01
9.999980926513671875e-01
9.988508820533752441e-01
9.888098239898681641e-01
6.518837213516235352e-01
9.097295403480529785e-01
9.811890125274658203e-01
2.920897006988525391e-01
8.532819151878356934e-01
9.053111672401428223e-01
5.096530318260192871e-01
7.948293089866638184e-01
9.868041872978210449e-01
8.024996519088745117e-01
9.999951720237731934e-01
9.988016486167907715e-01
9.836064577102661133e-01
7.067523598670959473e-01
9.159896373748779297e-01
9.868633747100830078e-01
3.661480844020843506e-01
7.605521678924560547e-01
9.912557601928710938e-01
9.487841129302978516e-01
9.454916119575500488e-01
9.822043180465698242e-01
9.906806349754333496e-01
9.999368190765380859e-01
9.912410378456115723e-01
9.399729967117309570e-01
9.665892720222473145e-01
9.712458252906799316e-01
9.903122186660766602e-01
5.820854306221008301e-01
9.617494344711303711e-01
9.955914616584777832e-01
7.230908274650573730e-01
3.359049558639526367e-02
9.835398197174072266e-01
9.936332106590270996e-01
9.999605417251586914e-01
9.958043694496154785e-01
9.403735995292663574e-01
6.272437572479248047e-01
9.755325317382812500e-01
8.085820674896240234e-01
1.667950153350830078e-01
9.454079866409301758e-01
4.538012146949768066e-01
9.214164614677429199e-01
9.153881669044494629e-01
9.542919397354125977e-01
7.215107679367065430e-01
9.999971389770507812e-01
9.981502890586853027e-01
9.577007889747619629e-01
6.097759604454040527e-01
6.199735999107360840e-01
9.406923055648803711e-01
2.637425661087036133e-01
7.818528413772583008e-01
9.913862943649291992e-01
5.173105001449584961e-01
6.260251998901367188e-01
8.925422430038452148e-01
9.887086749076843262e-01
9.817652106285095215e-01
9.994036555290222168e-01
9.997653365135192871e-01
6.018371582031250000e-01
9.992413520812988281e-01
9.713637232780456543e-01
4.281081259250640869e-01
4.243394136428833008e-01
1.084706038236618042e-01
9.611606001853942871e-01
9.955685138702392578e-01
9.761471152305603027e-01
7.809163928031921387e-01
9.989498257637023926e-01
9.995004534721374512e-01
9.970110654830932617e-01
3.126854300498962402e-01
3.093016743659973145e-01
7.794085144996643066e-01
7.111145853996276855e-01
8.669498562812805176e-01
8.030612468719482422e-01
5.809667706489562988e-01
8.684110045433044434e-01
8.166088461875915527e-01
7.862057089805603027e-01
9.997349381446838379e-01
9.999371170997619629e-01
9.913674592971801758e-01
3.087949007749557495e-02
6.388661861419677734e-01
9.997388720512390137e-01
3.759781271219253540e-02
4.178723394870758057e-01
9.948146343231201172e-01
2.050613760948181152e-01
7.364444732666015625e-01
9.492446780204772949e-01
9.991485476493835449e-01
9.984436631202697754e-01
9.998114109039306641e-01
9.975377917289733887e-01
1.790597736835479736e-01
3.599618673324584961e-01
9.999150633811950684e-01
2.618722915649414062e-01
8.190812468528747559e-01
9.998379349708557129e-01
9.431287050247192383e-01
5.799462199211120605e-01
8.725757598876953125e-01
9.966284036636352539e-01
9.857863187789916992e-01
9.958493113517761230e-01
9.199084043502807617e-01
6.654431223869323730e-01
9.457184076309204102e-01
9.832370281219482422e-01
7.894690036773681641e-01
6.562417149543762207e-01
9.227585792541503906e-01
9.850648641586303711e-01
9.646168947219848633e-01
9.051979780197143555e-01
7.824243307113647461e-01
9.975157380104064941e-01
9.994432926177978516e-01
9.878692030906677246e-01
1.909890025854110718e-01
9.356530904769897461e-01
9.763396978378295898e-01
6.712131500244140625e-01
3.361229002475738525e-01
9.676530361175537109e-01
7.590831518173217773e-01
5.768665075302124023e-01
3.154509365558624268e-01
7.894116044044494629e-01
9.961351752281188965e-01
9.985995888710021973e-01
9.812338352203369141e-01
1.610193401575088501e-01
9.344253540039062500e-01
9.836820960044860840e-01
5.394726395606994629e-01
3.390319347381591797e-01
9.372621774673461914e-01
9.799093604087829590e-01
5.140829086303710938e-01
4.166654348373413086e-01
9.418274164199829102e-01
9.910016059875488281e-01
9.986681938171386719e-01
9.860624074935913086e-01
5.888774991035461426e-01
8.510091900825500488e-01
9.960492253303527832e-01
8.301928043365478516e-01
6.117194890975952148e-01
9.284283518791198730e-01
9.894747138023376465e-01
9.309880137443542480e-01
6.487644910812377930e-01
9.864416718482971191e-01
9.003157615661621094e-01
9.756280779838562012e-01
9.013701677322387695e-01
9.637197852134704590e-01
7.997404336929321289e-01
7.619826197624206543e-01
9.908235669136047363e-01
7.187269330024719238e-01
6.753896474838256836e-01
7.884205579757690430e-01
9.995791316032409668e-01
9.989653229713439941e-01
6.706693172454833984e-01
9.915423989295959473e-01
9.966775178909301758e-01
9.681948423385620117e-01
6.543688178062438965e-01
9.452695250511169434e-01
9.475066661834716797e-01
9.511582851409912109e-01
6.499903798103332520e-01
8.808218240737915039e-01
9.186712503433227539e-01
9.879297018051147461e-01
9.768252968788146973e-01
9.300155639648437500e-01
7.930024266242980957e-01
8.676531910896301270e-01
9.982953667640686035e-01
9.647232294082641602e-01
6.925680041313171387e-01
9.652709960937500000e-01
9.686586856842041016e-01
8.335895538330078125e-01
9.413017630577087402e-01
8.048255443572998047e-01
8.204267024993896484e-01
9.968422651290893555e-01
9.972243905067443848e-01
9.972079396247863770e-01
9.927936792373657227e-01
9.994838833808898926e-01
8.671230077743530273e-01
7.793054580688476562e-01
9.990741014480590820e-01
9.833770990371704102e-01
6.673753857612609863e-01
3.141471445560455322e-01
5.654618144035339355e-01
9.582557678222656250e-01
9.898619055747985840e-01
9.418390393257141113e-01
9.956423044204711914e-01
9.970076680183410645e-01
9.991211891174316406e-01
7.592892050743103027e-01
1.295578330755233765e-01
9.987252354621887207e-01
9.361093044281005859e-01
4.115443676710128784e-03
1.495103687047958374e-01
9.984427094459533691e-01
9.987825155258178711e-01
1.424608379602432251e-01
7.262371480464935303e-02
9.991266131401062012e-01
9.996947050094604492e-01
9.999644160270690918e-01
7.776336669921875000e-01
1.983734518289566040e-01
9.281330108642578125e-01
7.696593999862670898e-01
8.510198593139648438e-01
7.247362732887268066e-01
5.114777684211730957e-01
4.172190725803375244e-01
1.381564885377883911e-01
7.196217030286788940e-02
9.845029711723327637e-01
9.955598115921020508e-01
9.995729923248291016e-01
7.294356822967529297e-01
3.051285147666931152e-01
9.966251850128173828e-01
7.622632980346679688e-01
9.777690172195434570e-01
8.958386182785034180e-01
5.989754796028137207e-01
5.146133899688720703e-01
9.921010732650756836e-01
9.585958719253540039e-01
9.696433544158935547e-01
9.574772119522094727e-01
9.949976801872253418e-01
8.905181884765625000e-01
8.493403196334838867e-01
9.809795618057250977e-01
9.563489556312561035e-01
9.993564486503601074e-01
8.617697954177856445e-01
7.510936856269836426e-01
9.467923641204833984e-01
9.951251149177551270e-01
9.920206069946289062e-01
9.416515231132507324e-01
9.358718395233154297e-01
9.900817871093750000e-01
9.789457917213439941e-01
7.077942490577697754e-01
9.640331864356994629e-01
9.961712360382080078e-01
9.204703569412231445e-01
9.348360300064086914e-01
8.787704110145568848e-01
9.835768938064575195e-01
8.996560573577880859e-01
9.740068912506103516e-01
8.396193385124206543e-01
8.421994447708129883e-01
9.714860320091247559e-01
9.640436172485351562e-01
8.607483506202697754e-01
7.338991761207580566e-01
9.909218549728393555e-01
9.828667640686035156e-01
9.791836142539978027e-01
9.380314946174621582e-01
8.387778401374816895e-01
7.268525958061218262e-01
9.393888711929321289e-01
6.985390186309814453e-01
7.729359865188598633e-01
9.614226222038269043e-01
9.664660096168518066e-01
8.068698048591613770e-01
8.633491396903991699e-01
9.832541346549987793e-01
9.808435440063476562e-01
8.539887070655822754e-01
8.330750465393066406e-01
9.412034749984741211e-01
9.933809638023376465e-01
9.996437430381774902e-01
9.984431862831115723e-01
9.993529319763183594e-01
9.918475151062011719e-01
6.059221625328063965e-01
6.771271228790283203e-01
9.243663549423217773e-01
9.302399754524230957e-01
9.928597807884216309e-01
4.620322585105895996e-01
7.045462727546691895e-01
9.626575112342834473e-01
9.967629909515380859e-01
9.414205551147460938e-01
9.855214953422546387e-01
9.903809428215026855e-01
9.819068312644958496e-01
7.774304151535034180e-01
7.754095196723937988e-01
9.407309293746948242e-01
9.108070731163024902e-01
9.479799270629882812e-01
7.917943000793457031e-01
9.976280927658081055e-01
9.904558658599853516e-01
8.860742449760437012e-01
4.473992884159088135e-01
9.662616848945617676e-01
9.907632470130920410e-01
9.951038956642150879e-01
8.088573813438415527e-01
7.467872500419616699e-01
9.351348876953125000e-01
6.502144336700439453e-01
5.840764045715332031e-01
1.125849507843668107e-06
5.148155689239501953e-01
8.964696526527404785e-01
8.182901144027709961e-01
7.149753570556640625e-01
9.900373220443725586e-01
9.954631328582763672e-01
9.977965950965881348e-01
3.919962942600250244e-01
3.280475139617919922e-01
3.536543548107147217e-01
2.523046731948852539e-01
5.915684700012207031e-01
9.824064970016479492e-01
1.900468915700912476e-01
2.783031165599822998e-01
9.182810187339782715e-01
7.511082887649536133e-01
9.642865061759948730e-01
9.853645563125610352e-01
9.669815897941589355e-01
7.135739922523498535e-01
8.338184356689453125e-01
8.993186950683593750e-01
9.613599777221679688e-01
9.979157447814941406e-01
9.810928106307983398e-01
9.313496351242065430e-01
9.201806783676147461e-01
9.813086986541748047e-01
9.925042986869812012e-01
9.279850721359252930e-01
9.676854014396667480e-01
9.377136826515197754e-01
7.411144971847534180e-01
8.751339316368103027e-01
9.587045311927795410e-01
9.533432722091674805e-01
9.709630608558654785e-01
9.986742138862609863e-01
8.372669816017150879e-01
9.042308330535888672e-01
9.243940114974975586e-01
9.908395409584045410e-01
8.554947972297668457e-01
8.815743327140808105e-01
9.667787551879882812e-01
8.670689463615417480e-01
8.263807296752929688e-01
8.761495947837829590e-01
9.729726314544677734e-01
9.446716308593750000e-01
9.939861893653869629e-01
9.856617450714111328e-01
7.923601269721984863e-01
7.531072497367858887e-01
8.521881103515625000e-01
9.697132706642150879e-01
9.838315248489379883e-01
9.901540875434875488e-01
7.166540026664733887e-01
4.858686029911041260e-01
9.207819104194641113e-01
9.503282904624938965e-01
9.169902801513671875e-01
9.977428913116455078e-01
8.941302895545959473e-01
5.794204473495483398e-01
8.086062669754028320e-01
9.333186149597167969e-01
9.930131435394287109e-01
9.483535289764404297e-01
8.614323139190673828e-01
9.802497029304504395e-01
9.649271368980407715e-01
9.790081977844238281e-01
3.087820708751678467e-01
7.824274301528930664e-01
4.435390532016754150e-01
1.200004816055297852e-01
1.155027234744920861e-06
6.975353956222534180e-01
9.186685681343078613e-01
9.997347593307495117e-01
9.998459815979003906e-01
9.973090291023254395e-01
2.074555903673171997e-01
1.968242228031158447e-01
4.087398350238800049e-01
9.999380707740783691e-01
9.159627556800842285e-01
9.999453425407409668e-01
7.301875352859497070e-01
9.713335037231445312e-01
8.755460381507873535e-01
3.527020812034606934e-01
9.997065067291259766e-01
9.996718168258666992e-01
9.954535365104675293e-01
7.803575396537780762e-01
6.708478331565856934e-01
8.359830379486083984e-01
9.835381507873535156e-01
8.714236617088317871e-01
9.439165592193603516e-01
5.619485974311828613e-01
8.638043999671936035e-01
9.745671153068542480e-01
6.469106078147888184e-01
9.992067813873291016e-01
9.996077418327331543e-01
9.968837499618530273e-01
2.017909288406372070e-01
3.046943247318267822e-01
7.862129211425781250e-01
9.976041316986083984e-01
4.538629949092864990e-01
9.626680016517639160e-01
9.957771897315979004e-01
8.889240026473999023e-01
9.735817313194274902e-01
9.966282844543457031e-01
9.979541897773742676e-01
9.991139173507690430e-01
9.841084480285644531e-01
5.803385376930236816e-01
5.026069879531860352e-01
5.394941568374633789e-01
8.566045761108398438e-01
6.872621774673461914e-01
9.631783962249755859e-01
9.876034259796142578e-01
8.611315488815307617e-01
8.858645558357238770e-01
9.226249456405639648e-01
9.994491934776306152e-01
9.995039105415344238e-01
9.854049086570739746e-01
6.265294551849365234e-01
5.636242032051086426e-01
4.395771324634552002e-01
9.005426764488220215e-01
8.245574831962585449e-01
9.864110946655273438e-01
7.461472749710083008e-01
6.033379435539245605e-01
9.153499603271484375e-01
9.954395890235900879e-01
9.978331923484802246e-01
9.985231757164001465e-01
9.873741269111633301e-01
3.198830485343933105e-01
3.815839290618896484e-01
9.038555026054382324e-01
9.998857378959655762e-01
8.394589424133300781e-01
9.809820055961608887e-01
9.815583825111389160e-01
7.742251753807067871e-01
1.511970013380050659e-01
5.785340908914804459e-03
9.947838187217712402e-01
9.971053600311279297e-01
9.823191165924072266e-01
8.246822953224182129e-01
8.669819831848144531e-01
8.729773759841918945e-01
9.385247230529785156e-01
8.594088554382324219e-01
9.268571138381958008e-01
9.935841560363769531e-01
9.488598704338073730e-01
9.639709591865539551e-01
9.649018049240112305e-01
9.799871444702148438e-01
8.890224695205688477e-01
7.627432346343994141e-01
7.599296569824218750e-01
6.234633326530456543e-01
7.812333106994628906e-01
2.306286841630935669e-01
6.420093178749084473e-01
4.672689437866210938e-01
6.240128874778747559e-01
2.229176621071360387e-09
1.684904396533966064e-01
8.218128681182861328e-01
9.932482838630676270e-01
9.953742623329162598e-01
9.602082371711730957e-01
6.292171478271484375e-01
8.488545417785644531e-01
9.086607098579406738e-01
9.600155949592590332e-01
6.384080052375793457e-01
8.764821887016296387e-01
9.987779855728149414e-01
9.917700290679931641e-01
9.142086505889892578e-01
9.977489709854125977e-01
9.639351367950439453e-01
9.781567454338073730e-01
9.854298830032348633e-01
9.551838040351867676e-01
7.718501091003417969e-01
9.711670875549316406e-01
8.597454428672790527e-01
9.855053424835205078e-01
8.194394111633300781e-01
9.994441270828247070e-01
9.999441504478454590e-01
9.007132053375244141e-01
9.854162335395812988e-01
9.973930120468139648e-01
9.976262450218200684e-01
9.899899959564208984e-01
5.467670559883117676e-01
5.606109499931335449e-01
8.580323457717895508e-01
9.753856658935546875e-01
8.661186099052429199e-01
9.590870738029479980e-01
8.881512284278869629e-01
9.898804426193237305e-01
9.118945598602294922e-01
8.456948995590209961e-01
8.577236533164978027e-01
9.610947966575622559e-01
9.611443877220153809e-01
9.558551311492919922e-01
6.599296331405639648e-01
7.924751639366149902e-01
9.978120326995849609e-01
9.807277321815490723e-01
4.137153327465057373e-01
9.985394477844238281e-01
9.999887347221374512e-01
8.329042792320251465e-01
2.628679871559143066e-01
9.930460453033447266e-01
9.948654174804687500e-01
9.829102754592895508e-01
3.997248411178588867e-01
4.680272340774536133e-01
9.188737273216247559e-01
9.999182224273681641e-01
7.317847609519958496e-01
9.565208554267883301e-01
9.979050755500793457e-01
9.743357896804809570e-01
8.120188713073730469e-01
7.061153054237365723e-01
6.056674122810363770e-01
4.395163357257843018e-01
2.174054086208343506e-01
9.980031251907348633e-01
3.496000170707702637e-01
7.605716120451688766e-03
2.001602202653884888e-02
9.997678995132446289e-01
1.341919451951980591e-01
1.308704813709482551e-04
9.997666478157043457e-01
1.234113877757181399e-08
5.460615071228858142e-09
9.665260910987854004e-01
9.798516035079956055e-01
9.895454049110412598e-01
7.579796314239501953e-01
5.891554951667785645e-01
9.248009324073791504e-01
9.999415278434753418e-01
7.415308952331542969e-01
9.038725495338439941e-01
9.615121483802795410e-01
7.273792028427124023e-01
9.510415196418762207e-01
8.547229766845703125e-01
9.461382627487182617e-01
9.791412949562072754e-01
9.841154813766479492e-01
9.293707609176635742e-01
8.696382045745849609e-01
9.528876543045043945e-01
9.998720884323120117e-01
9.451990127563476562e-01
8.364080786705017090e-01
9.979717135429382324e-01
9.970173835754394531e-01
9.999774098396301270e-01
5.491393804550170898e-01
9.925045967102050781e-01
9.970511794090270996e-01
9.787955880165100098e-01
6.119257807731628418e-01
8.533056974411010742e-01
9.609963297843933105e-01
9.206248521804809570e-01
8.382244110107421875e-01
9.788554906845092773e-01
9.886715412139892578e-01
9.787145853042602539e-01
9.903381466865539551e-01
9.650799036026000977e-01
9.771431684494018555e-01
9.904463291168212891e-01
9.465991258621215820e-01
7.336170673370361328e-01
9.198736548423767090e-01
9.723345041275024414e-01
7.297942638397216797e-01
9.574224352836608887e-01
9.734808802604675293e-01
9.810902476310729980e-01
9.954422116279602051e-01
9.914313554763793945e-01
9.888228178024291992e-01
9.977851510047912598e-01
9.989064335823059082e-01
9.988282322883605957e-01
1.819811463356018066e-01
1.686623692512512207e-01
7.453054785728454590e-01
9.990706443786621094e-01
4.273244738578796387e-01
9.013339877128601074e-01
9.664269685745239258e-01
8.534120321273803711e-01
9.819458127021789551e-01
9.937301874160766602e-01
9.924082159996032715e-01
9.954154491424560547e-01
9.853680729866027832e-01
3.158933520317077637e-01
7.272250056266784668e-01
7.476022243499755859e-01
9.792588949203491211e-01
7.094638943672180176e-01
8.629026412963867188e-01
9.805874824523925781e-01
9.844648838043212891e-01
9.448184370994567871e-01
9.942994713783264160e-01
9.860796332359313965e-01
9.926534295082092285e-01
9.692878127098083496e-01
3.510881662368774414e-01
5.972720384597778320e-01
7.480880022048950195e-01
9.947601556777954102e-01
6.090289950370788574e-01
6.460709571838378906e-01
9.351026415824890137e-01
9.968171119689941406e-01
1.966522186994552612e-01
9.765914678573608398e-01
9.877104759216308594e-01
9.938442707061767578e-01
9.571521878242492676e-01
4.563835263252258301e-01
6.497938632965087891e-01
9.483329653739929199e-01
9.151148200035095215e-01
5.541374087333679199e-01
9.154215455055236816e-01
9.901439547538757324e-01
8.887830376625061035e-01
9.217027425765991211e-01
9.710930585861206055e-01
7.975832819938659668e-01
9.279369115829467773e-01
9.421460032463073730e-01
9.551287889480590820e-01
6.780539155006408691e-01
8.565428853034973145e-01
9.386314749717712402e-01
9.932336807250976562e-01
9.202688336372375488e-01
9.733852148056030273e-01
9.958301782608032227e-01
9.910778999328613281e-01
9.573698043823242188e-01
9.664781093597412109e-01
9.855806231498718262e-01
9.300849437713623047e-01
5.737112164497375488e-01
8.629344701766967773e-01
9.688220620155334473e-01
8.737562298774719238e-01
8.464782834053039551e-01
9.375189542770385742e-01
9.952184557914733887e-01
8.051348328590393066e-01
9.643439650535583496e-01
8.854389190673828125e-01
9.650328159332275391e-01
9.749144315719604492e-01
9.860360622406005859e-01
6.222444176673889160e-01
6.445156931877136230e-01
8.707192540168762207e-01
9.975158572196960449e-01
9.206579923629760742e-01
9.741856455802917480e-01
8.853936791419982910e-01
9.977830648422241211e-01
8.550683259963989258e-01
8.495967388153076172e-01
