1.308251619338989258e-01
6.672886013984680176e-01
3.785759210586547852e-01
1.797236949205398560e-01
6.154314149171113968e-03
7.881642878055572510e-02
2.034915983676910400e-01
1.081932857632637024e-01
3.267540335655212402e-01
1.213816646486520767e-02
7.139319181442260742e-02
7.399777323007583618e-02
3.323484659194946289e-01
7.037758361548185349e-03
2.466164678335189819e-01
2.624636292457580566e-01
1.208181232213973999e-01
6.296605616807937622e-02
2.859904766082763672e-01
1.046676486730575562e-01
5.528354048728942871e-01
3.664990067481994629e-01
2.500301301479339600e-01
2.467003464698791504e-01
2.430024892091751099e-01
5.929456353187561035e-01
1.452959026210010052e-03
3.965559881180524826e-04
5.702044367790222168e-01
1.320136431604623795e-02
2.122982218861579895e-02
3.516437113285064697e-01
3.355208635330200195e-01
2.556202933192253113e-03
7.336177676916122437e-02
6.873454549349844456e-05
1.920725554227828979e-01
2.728310227394104004e-01
2.224329710006713867e-01
5.107797518277834570e-10
7.112529128789901733e-03
4.874196052551269531e-01
2.871174514293670654e-01
2.466103469487279654e-04
3.220821321010589600e-01
2.836412489414215088e-01
3.261128664016723633e-01
1.183828860521316528e-01
7.947524636983871460e-02
4.247432947158813477e-01
5.789909362792968750e-01
3.540590405464172363e-01
4.945800174027681351e-05
2.886433620005846024e-03
6.249755620956420898e-01
1.590221375226974487e-01
4.010964650660753250e-03
1.221300587058067322e-01
3.718457221984863281e-01
2.096298784017562866e-01
1.131390109658241272e-01
8.399844227824360132e-05
6.784781068563461304e-02
4.987564086914062500e-01
1.754670441150665283e-01
4.402998369187116623e-03
1.714965142309665680e-02
6.779173016548156738e-01
3.773676753044128418e-01
2.218733280897140503e-01
2.772321691736578941e-03
2.479479759931564331e-01
2.738558351993560791e-01
6.019521877169609070e-02
2.877733670175075531e-03
1.108461618423461914e-01
1.783183217048645020e-01
2.841352224349975586e-01
1.327684440184384584e-04
2.002345165237784386e-03
6.805350184440612793e-01
1.653215587139129639e-01
1.693424433469772339e-01
1.348741650581359863e-01
8.214219659566879272e-02
3.060499206185340881e-02
3.769756555557250977e-01
4.088271409273147583e-02
5.546327307820320129e-02
4.677287340164184570e-01
1.465841531753540039e-01
2.976395003497600555e-02
1.120122987776994705e-02
2.544020414352416992e-01
4.035333395004272461e-01
2.260873466730117798e-01
2.625506371259689331e-03
3.464136123657226562e-01
2.740869522094726562e-01
1.276518125087022781e-02
2.009827196598052979e-01
3.389956355094909668e-01
5.619759857654571533e-02
2.075966745615005493e-01
1.996008865535259247e-02
1.480690538883209229e-01
5.703608989715576172e-01
4.725142717361450195e-01
4.726029932498931885e-02
3.469272769507369958e-06
3.939900398254394531e-01
3.231419324874877930e-01
2.038682699203491211e-01
5.949521064758300781e-02
1.247374787926673889e-01
4.390567839145660400e-01
1.395108699798583984e-01
7.122705574147403240e-04
5.636896006762981415e-03
2.336004972457885742e-01
1.751036196947097778e-01
1.186675131320953369e-01
2.051260173320770264e-01
2.932112812995910645e-01
2.997633218765258789e-01
2.308102697134017944e-01
2.460066974163055420e-01
4.832306876778602600e-03
3.852472007274627686e-01
3.514219224452972412e-01
7.541331648826599121e-02
1.098018605262041092e-02
8.525559902191162109e-01
9.839327633380889893e-02
4.511450417339801788e-03
1.798745989799499512e-02
2.341252565383911133e-01
1.683390885591506958e-01
2.314394712448120117e-01
3.817380219697952271e-02
2.800795482471585274e-03
1.192229464650154114e-01
5.836483836174011230e-01
4.061311483383178711e-03
2.115241251885890961e-02
5.614326000213623047e-01
4.409535229206085205e-02
1.091123819351196289e-01
1.060120835900306702e-01
4.816218614578247070e-01
2.618741691112518311e-01
3.362804651260375977e-01
2.040875256061553955e-01
8.107087523967493325e-06
1.827874183654785156e-01
1.153469681739807129e-01
8.601422450738027692e-05
1.549535591038875282e-05
3.865713477134704590e-01
2.370545417070388794e-01
6.779820658266544342e-03
1.239393372088670731e-03
2.859506309032440186e-01
5.054343938827514648e-01
4.097166061401367188e-01
2.057465761899948120e-01
5.135937593877315521e-03
4.403625726699829102e-01
1.439941823482513428e-01
7.106623649597167969e-01
5.134080052375793457e-01
7.501029968261718750e-01
1.142154932022094727e-01
2.957135736942291260e-01
5.381910800933837891e-01
2.722710371017456055e-01
5.182995200157165527e-01
3.321389853954315186e-01
6.258707435335963964e-05
5.759809613227844238e-01
6.089270114898681641e-01
5.193594098091125488e-01
6.537173390388488770e-01
1.175081953406333923e-01
2.163233458995819092e-01
2.536224424839019775e-01
1.231675688177347183e-02
9.085739031434059143e-03
4.687962308526039124e-02
3.351105377078056335e-02
2.323523759841918945e-01
1.132126674056053162e-01
2.688704431056976318e-01
1.920424997806549072e-01
3.619944453239440918e-01
6.621230840682983398e-01
1.965399645268917084e-02
3.848159313201904297e-01
2.135389670729637146e-02
6.898816674947738647e-03
3.071956634521484375e-01
1.303837895393371582e-01
1.166916713118553162e-01
1.504350006580352783e-01
4.246494546532630920e-02
4.867984652519226074e-01
4.885596036911010742e-01
2.054014503955841064e-01
5.269263982772827148e-01
3.533756593242287636e-03
7.984966039657592773e-01
2.593421041965484619e-01
1.452409923076629639e-01
5.059444904327392578e-01
6.638901829719543457e-01
3.912881016731262207e-01
2.628548741340637207e-01
2.454712539911270142e-01
4.109498858451843262e-02
5.281426906585693359e-01
3.107079565525054932e-01
4.485668838024139404e-01
7.978595793247222900e-02
5.797829627990722656e-01
5.918663740158081055e-01
2.342963218688964844e-01
1.128690093755722046e-01
3.697548508644104004e-01
1.693187355995178223e-01
4.363850057125091553e-01
1.313006132841110229e-01
1.360599547624588013e-01
5.535094141960144043e-01
2.456797659397125244e-01
6.410819292068481445e-01
1.669017523527145386e-01
5.493077039718627930e-01
5.002557635307312012e-01
5.694457292556762695e-01
2.911642193794250488e-01
5.412577390670776367e-01
1.935147643089294434e-01
9.872949868440628052e-02
1.049590706825256348e-01
2.171983271837234497e-01
1.684878915548324585e-01
2.261784076690673828e-01
7.708809375762939453e-01
4.601648543030023575e-03
6.081192493438720703e-01
2.314406782388687134e-01
2.784305810928344727e-01
1.207247823476791382e-01
3.692338466644287109e-01
6.897467970848083496e-01
3.099892847239971161e-02
3.851932883262634277e-01
4.000965356826782227e-01
1.736387908458709717e-01
1.913730204105377197e-01
2.332791537046432495e-01
8.394304313696920872e-05
4.561502933502197266e-01
2.037152349948883057e-01
5.637522786855697632e-02
2.117018774151802063e-02
1.204502135515213013e-01
3.730435967445373535e-01
6.325247883796691895e-01
1.998327374458312988e-01
6.432635784149169922e-01
6.698564291000366211e-01
2.208843976259231567e-01
7.782039046287536621e-01
1.609175279736518860e-02
2.906737029552459717e-01
5.844283103942871094e-01
4.842827469110488892e-02
9.901200234889984131e-02
1.840779334306716919e-01
5.897790193557739258e-01
5.004985332489013672e-01
2.176517546176910400e-01
3.770435927435755730e-03
3.988048732280731201e-01
7.723393440246582031e-01
2.818842232227325439e-01
4.773371294140815735e-02
2.490359693765640259e-01
3.998074233531951904e-01
7.004599273204803467e-02
4.181562457233667374e-03
4.118472337722778320e-01
3.557222485542297363e-01
9.351141452789306641e-01
4.348386824131011963e-01
2.105353132719756104e-06
6.013435125350952148e-01
4.521025717258453369e-01
7.872041463851928711e-01
2.738665789365768433e-04
3.721125796437263489e-02
6.189356446266174316e-01
1.416457891464233398e-01
1.268609166145324707e-01
4.677416682243347168e-01
3.673061430454254150e-01
2.726528644561767578e-01
2.365366965532302856e-01
4.751378670334815979e-02
4.795750379562377930e-01
5.756731033325195312e-01
4.038565158843994141e-01
3.352806088514626026e-04
4.610063731670379639e-01
3.672472834587097168e-01
3.163123130798339844e-01
9.913701564073562622e-03
3.857661485671997070e-01
5.494536161422729492e-01
4.046846628189086914e-01
3.379433751106262207e-01
1.763262599706649780e-01
1.911093592643737793e-01
3.132339715957641602e-01
7.418012022972106934e-01
3.761409521102905273e-01
1.712158322334289551e-01
1.481646001338958740e-01
6.695427466183900833e-03
2.582225017249584198e-02
3.846523165702819824e-01
2.052516788244247437e-01
3.512276709079742432e-01
9.479416534304618835e-03
1.420988142490386963e-01
5.443172454833984375e-01
5.893861055374145508e-01
8.366326093673706055e-01
3.381015360355377197e-02
8.541768193244934082e-01
5.710216760635375977e-01
2.281028181314468384e-01
4.153801202774047852e-01
2.056303918361663818e-01
3.720752000808715820e-01
3.263618946075439453e-01
2.868787385523319244e-02
3.026557266712188721e-01
6.627249121665954590e-01
5.613228082656860352e-01
3.720797300338745117e-01
1.998949348926544189e-01
4.589331746101379395e-01
4.554316401481628418e-01
5.282129719853401184e-02
3.578847646713256836e-01
5.219855904579162598e-01
5.084387063980102539e-01
3.555130064487457275e-01
1.411850452423095703e-01
1.947191059589385986e-01
3.989659547805786133e-01
2.129529565572738647e-01
6.114511489868164062e-01
5.198819041252136230e-01
1.547832489013671875e-01
7.943913936614990234e-01
3.965135514736175537e-01
3.776090145111083984e-01
2.990131378173828125e-01
2.950699329376220703e-01
2.956525385379791260e-01
2.090484201908111572e-01
4.429660141468048096e-01
6.945048570632934570e-01
4.671889543533325195e-01
2.721672058105468750e-01
3.537122905254364014e-01
4.812172055244445801e-01
6.152047514915466309e-01
3.643334507942199707e-01
2.190641313791275024e-02
2.098316252231597900e-01
5.803451538085937500e-01
4.010322988033294678e-01
8.985358872450888157e-04
3.866724073886871338e-01
4.217350184917449951e-01
5.438326597213745117e-01
2.212494760751724243e-01
2.428582608699798584e-01
5.154841542243957520e-01
2.885602414608001709e-01
5.298405885696411133e-01
1.976586580276489258e-01
3.407316505908966064e-01
5.334216952323913574e-01
2.579608261585235596e-01
1.187263871543109417e-03
2.945920526981353760e-01
5.329970717430114746e-01
5.838555693626403809e-01
5.275847911834716797e-01
1.628527790307998657e-01
1.190941929817199707e-01
4.340556859970092773e-01
4.296441972255706787e-01
1.760637313127517700e-01
3.384538739919662476e-02
2.843645811080932617e-01
1.730790138244628906e-01
5.341446399688720703e-02
2.397517561912536621e-01
1.926343739032745361e-01
2.705808281898498535e-01
7.828904390335083008e-01
3.554047644138336182e-01
5.447582602500915527e-01
2.552828490734100342e-01
5.731783509254455566e-01
2.882617115974426270e-01
1.999886184930801392e-01
4.241499602794647217e-01
4.590786695480346680e-01
1.477137356996536255e-01
5.624586939811706543e-01
8.119031786918640137e-01
4.819344878196716309e-01
5.979464054107666016e-01
1.975239515304565430e-01
3.250310420989990234e-01
9.089662879705429077e-02
3.422752618789672852e-01
2.264481931924819946e-01
3.934485912322998047e-01
2.259619235992431641e-01
7.882112860679626465e-01
5.513361096382141113e-01
2.174831926822662354e-01
8.454294204711914062e-01
5.304015278816223145e-01
7.236058712005615234e-01
2.817238569259643555e-01
3.838333487510681152e-01
3.253446817398071289e-01
3.548678159713745117e-01
2.242653071880340576e-01
2.309141159057617188e-01
5.286496877670288086e-01
3.419436514377593994e-01
5.235576033592224121e-01
3.307642042636871338e-02
2.828195691108703613e-01
8.028676509857177734e-01
3.034996390342712402e-01
4.705372154712677002e-01
5.976557731628417969e-01
2.568695843219757080e-01
3.620399534702301025e-01
1.191111356019973755e-01
4.651357233524322510e-01
6.534762382507324219e-01
2.844593822956085205e-01
6.369554996490478516e-01
2.007814347743988037e-01
4.354047775268554688e-01
1.471643447875976562e-01
6.101013422012329102e-01
4.063861966133117676e-01
4.321256577968597412e-01
3.487388789653778076e-01
3.057692050933837891e-01
1.393036544322967529e-01
6.957271695137023926e-02
6.168957948684692383e-01
5.873910188674926758e-01
1.631703525781631470e-01
1.587217450141906738e-01
5.502325296401977539e-01
5.626452565193176270e-01
5.690777897834777832e-01
2.025669217109680176e-01
1.232742852153023705e-05
1.218680590391159058e-01
3.932701945304870605e-01
1.150467141997069120e-04
5.235344916582107544e-02
1.777300983667373657e-01
9.998040273785591125e-03
2.238013222813606262e-02
1.995294354856014252e-02
1.039863973855972290e-01
4.968507215380668640e-02
9.660999774932861328e-01
6.297681331634521484e-01
2.742458283901214600e-01
3.135356009006500244e-01
1.613008379936218262e-01
4.723221063613891602e-02
6.404940485954284668e-01
1.891932487487792969e-01
6.078677251935005188e-02
1.046424731612205505e-03
9.718174114823341370e-03
2.031203508377075195e-01
1.912622153759002686e-01
4.878101348876953125e-01
3.027277588844299316e-01
2.064701616764068604e-01
4.985127151012420654e-01
2.309623360633850098e-01
5.292641371488571167e-02
4.117024540901184082e-01
3.990529775619506836e-01
1.235021799802780151e-01
2.917681820690631866e-03
1.037876158952713013e-01
7.751446962356567383e-01
2.662020325660705566e-01
5.078229904174804688e-01
3.235023617744445801e-01
2.785735996440052986e-03
3.379760086536407471e-01
2.794679105281829834e-01
2.077635824680328369e-01
8.424291014671325684e-02
3.135129213333129883e-01
3.507773876190185547e-01
9.132343344390392303e-03
3.184288367629051208e-02
5.642075538635253906e-01
8.224242925643920898e-01
8.079069256782531738e-01
4.189733266830444336e-01
1.983921378850936890e-01
2.288610637187957764e-01
2.211967557668685913e-01
4.568403065204620361e-01
7.432910109628210193e-08
1.816063523292541504e-01
4.413110911846160889e-01
2.003594068810343742e-03
1.616709120571613312e-02
4.027574062347412109e-01
1.913992464542388916e-01
6.775507926940917969e-01
6.975836157798767090e-01
1.724709123373031616e-01
2.898409962654113770e-01
5.304002761840820312e-01
3.006615638732910156e-01
6.425707787275314331e-02
4.987323284149169922e-02
7.243783026933670044e-02
3.265138342976570129e-02
3.641996299847960472e-03
3.395279049873352051e-01
4.498682618141174316e-01
9.166768193244934082e-01
5.154107809066772461e-01
4.038591980934143066e-01
3.848466873168945312e-01
5.268797874450683594e-01
7.279291283339262009e-03
1.557139796204864979e-03
3.223971426486968994e-01
4.958119392395019531e-01
1.687095761299133301e-01
2.359026223421096802e-01
3.363516330718994141e-01
1.973708122968673706e-01
8.818977475166320801e-01
7.716042399406433105e-01
8.547956123948097229e-03
2.696989178657531738e-01
1.569741666316986084e-01
5.619632601737976074e-01
2.801543334499001503e-03
5.697910189628601074e-01
1.700604856014251709e-01
2.016846090555191040e-01
3.723500967025756836e-01
6.352406740188598633e-01
6.061964631080627441e-01
4.459805488586425781e-01
2.206037938594818115e-01
1.131691932678222656e-01
2.303656935691833496e-01
2.394814640283584595e-01
3.107599318027496338e-01
2.586363814771175385e-03
4.819006025791168213e-01
1.559350937604904175e-01
4.447543025016784668e-01
2.170141897295252420e-07
5.521633028984069824e-01
5.892359614372253418e-01
6.048469543457031250e-01
2.913011610507965088e-01
2.522056363523006439e-02
1.587134301662445068e-01
4.200778007507324219e-01
3.378717303276062012e-01
3.692161291837692261e-02
2.275567054748535156e-01
4.908314347267150879e-01
5.938887596130371094e-01
5.495711416006088257e-02
2.933323383331298828e-01
3.786996603012084961e-01
3.781908452510833740e-01
4.166543483734130859e-01
4.481029510498046875e-02
2.108545303344726562e-01
5.012227892875671387e-01
4.023112058639526367e-01
4.181320592761039734e-02
4.823179915547370911e-02
7.955603599548339844e-01
3.994496762752532959e-01
2.119167707860469818e-02
2.821665108203887939e-01
6.982949376106262207e-01
2.786768376827239990e-01
7.896581292152404785e-01
4.639790058135986328e-01
3.971692323684692383e-01
1.552685052156448364e-01
4.471967816352844238e-01
3.112529516220092773e-01
4.719799757003784180e-01
2.701716125011444092e-01
6.578291207551956177e-02
4.218550920486450195e-01
2.051096856594085693e-01
3.023546636104583740e-01
5.856011509895324707e-01
6.338328123092651367e-01
7.844484597444534302e-02
2.114538252353668213e-01
2.331411838531494141e-01
3.197582960128784180e-01
3.041093349456787109e-01
5.386728048324584961e-01
2.759006023406982422e-01
1.982098668813705444e-01
3.025819361209869385e-01
5.866943001747131348e-01
8.069481253623962402e-01
6.697093248367309570e-01
4.957425594329833984e-01
1.815088838338851929e-02
1.055116504430770874e-01
3.670634627342224121e-01
3.330145031213760376e-02
4.190855845808982849e-02
3.801623880863189697e-01
3.634950816631317139e-01
1.118766423314809799e-02
2.002054899930953979e-01
2.226679213345050812e-02
2.200926989316940308e-01
4.701882302761077881e-01
2.252960056066513062e-01
1.170672592706978321e-03
4.434571564197540283e-01
4.583301544189453125e-01
1.546769053675234318e-03
5.942519307136535645e-01
2.335330098867416382e-01
5.224277973175048828e-01
1.559717655181884766e-01
1.783279180526733398e-01
7.604763507843017578e-01
5.714067220687866211e-01
2.281535118818283081e-01
2.026688456535339355e-01
2.991379238665103912e-02
6.938230395317077637e-01
1.178250163793563843e-01
4.039761424064636230e-01
7.501451969146728516e-01
9.768953174352645874e-02
5.730491876602172852e-01
4.937399923801422119e-02
4.423204064369201660e-02
1.414967626333236694e-01
1.189258843660354614e-01
5.665447115898132324e-01
7.796632051467895508e-01
9.454561769962310791e-02
3.370271027088165283e-01
4.123389720916748047e-01
2.339689880609512329e-01
5.930637568235397339e-02
3.496018350124359131e-01
5.636330842971801758e-01
8.407703787088394165e-02
5.770047903060913086e-01
2.623127102851867676e-01
3.627797663211822510e-01
4.720130562782287598e-01
4.241421818733215332e-01
1.231197565793991089e-01
4.317383170127868652e-01
3.570652753114700317e-02
1.393376588821411133e-01
3.297365009784698486e-01
3.009923100471496582e-01
3.634244203567504883e-02
3.521076142787933350e-01
2.055814564228057861e-01
4.794142246246337891e-01
4.508893787860870361e-01
5.640696883201599121e-01
2.014694362878799438e-01
2.260730117559432983e-01
6.660922169685363770e-01
4.023613333702087402e-01
1.807493716478347778e-01
4.457036256790161133e-01
3.036978542804718018e-01
5.349503755569458008e-01
2.359317392110824585e-01
1.070325970649719238e-01
5.165178775787353516e-01
4.623114466667175293e-01
4.075695872306823730e-01
7.139626741409301758e-01
6.887355446815490723e-02
4.975597262382507324e-01
2.478463202714920044e-01
3.234853148460388184e-01
4.841669201850891113e-01
1.343494206666946411e-01
2.483186870813369751e-01
5.914744138717651367e-01
5.929963663220405579e-02
2.356721758842468262e-01
3.191449642181396484e-01
8.669680356979370117e-01
1.233963221311569214e-01
7.322441041469573975e-02
1.531483829021453857e-01
3.821641504764556885e-01
1.365994960069656372e-01
1.974278986454010010e-01
3.520929813385009766e-01
4.226549863815307617e-01
5.169759988784790039e-01
1.742227524518966675e-01
1.690564006567001343e-01
4.277520775794982910e-01
7.292757034301757812e-01
3.638429045677185059e-01
3.122431039810180664e-01
6.902850270271301270e-01
1.949400305747985840e-01
6.964334845542907715e-01
5.682381391525268555e-01
1.232543289661407471e-01
1.387606412172317505e-01
6.836578715592622757e-03
7.591011375188827515e-02
4.570124745368957520e-01
2.689541578292846680e-01
5.354245901107788086e-01
3.565420210361480713e-01
4.100568220019340515e-02
3.303403556346893311e-01
1.631104648113250732e-01
2.353183627128601074e-01
2.438515573740005493e-01
1.865837424993515015e-01
4.725439548492431641e-01
2.027339534834027290e-03
2.485677599906921387e-01
2.201827764511108398e-01
3.904067873954772949e-01
5.998851656913757324e-01
5.340189933776855469e-01
2.757033705711364746e-01
3.888414800167083740e-01
5.350996255874633789e-01
3.656305000185966492e-02
9.285081177949905396e-02
9.742593020200729370e-02
2.647251635789871216e-02
2.168545424938201904e-01
3.179350169375538826e-03
1.889543086290359497e-01
2.674942910671234131e-01
7.182792425155639648e-01
3.534818291664123535e-01
3.766910958802327514e-05
1.767742782831192017e-01
3.924180269241333008e-01
2.862637042999267578e-01
8.599442243576049805e-02
3.982420265674591064e-01
1.101686358451843262e-01
6.099645048379898071e-02
4.051946997642517090e-01
3.632642924785614014e-01
6.490457653999328613e-01
7.898099422454833984e-01
3.975636959075927734e-01
1.749420315027236938e-01
3.735018074512481689e-01
7.399277687072753906e-01
2.979979217052459717e-01
4.514905214309692383e-01
5.187511444091796875e-01
3.490248918533325195e-01
1.934368163347244263e-01
4.857413005083799362e-03
7.709407806396484375e-01
4.742733836174011230e-01
9.154286384582519531e-01
2.474220842123031616e-01
3.842196762561798096e-01
5.972576737403869629e-01
3.770297467708587646e-01
2.023496776819229126e-01
2.519231140613555908e-01
5.412042140960693359e-01
2.428148984909057617e-01
4.125982522964477539e-01
1.874442696571350098e-01
3.525020480155944824e-01
7.196273803710937500e-01
6.966738104820251465e-01
7.124181985855102539e-01
2.345056086778640747e-01
4.518210589885711670e-01
4.253838658332824707e-01
2.199436277151107788e-01
2.708567380905151367e-01
5.554460287094116211e-01
2.368291616439819336e-01
5.046240091323852539e-01
1.910181492567062378e-01
8.331499099731445312e-01
4.407462179660797119e-01
2.196705043315887451e-01
1.945054084062576294e-01
1.723538339138031006e-01
1.607399433851242065e-01
3.895977735519409180e-01
5.639132484793663025e-02
1.517435014247894287e-01
4.613883495330810547e-01
7.084410190582275391e-01
1.325999945402145386e-01
2.828453481197357178e-01
6.458553671836853027e-01
2.005025595426559448e-01
5.649936199188232422e-01
6.155241727828979492e-01
4.176862537860870361e-01
3.385009169578552246e-01
2.217139452695846558e-01
7.618939131498336792e-02
2.426607348024845123e-02
7.039495110511779785e-01
1.781919747591018677e-01
1.995605975389480591e-01
2.382376044988632202e-01
6.976977456361055374e-04
3.822276294231414795e-01
2.966691851615905762e-01
2.000426203012466431e-01
9.524223208427429199e-02
8.694981932640075684e-01
1.598900258541107178e-01
4.790988564491271973e-01
1.399769335985183716e-01
4.014769792556762695e-01
4.536322653293609619e-01
2.432687673717737198e-03
2.687659673392772675e-02
2.862577736377716064e-01
3.730425238609313965e-01
8.183659315109252930e-01
3.955451846122741699e-01
2.681950572878122330e-03
1.745985448360443115e-01
3.887709379196166992e-01
4.364639222621917725e-01
5.997180938720703125e-01
5.288839340209960938e-01
2.097032219171524048e-01
1.213006675243377686e-01
5.418288335204124451e-02
4.148148596286773682e-01
3.686538934707641602e-01
7.214666008949279785e-01
6.251308917999267578e-01
4.673694819211959839e-02
4.303711652755737305e-01
5.407488346099853516e-01
1.995377540588378906e-01
1.656515002250671387e-01
1.817880719900131226e-01
8.816877007484436035e-02
1.457424368709325790e-03
2.074733823537826538e-01
4.938794374465942383e-01
6.278127431869506836e-02
4.193648099899291992e-01
2.533828020095825195e-01
2.422522902488708496e-01
3.186378479003906250e-01
1.495242714881896973e-01
7.304143905639648438e-01
4.117194712162017822e-01
3.774042725563049316e-01
6.435928344726562500e-01
1.190261319279670715e-01
5.375348925590515137e-01
7.536479234695434570e-01
4.265239536762237549e-01
5.795640945434570312e-01
3.839835524559020996e-01
1.007174924015998840e-01
4.268548786640167236e-01
2.538323402404785156e-01
9.411129355430603027e-02
2.664868235588073730e-01
4.568313658237457275e-01
7.289584875106811523e-01
1.227564588189125061e-01
2.061890214681625366e-01
6.956710815429687500e-01
7.338972091674804688e-01
4.895392060279846191e-01
5.712420344352722168e-01
1.306493133306503296e-01
4.095537662506103516e-01
3.601991236209869385e-01
2.263336777687072754e-01
2.024582773447036743e-01
3.493851423263549805e-01
5.895430445671081543e-01
3.530308008193969727e-01
1.401363685727119446e-02
5.004007220268249512e-01
3.321399092674255371e-01
5.334138274192810059e-01
7.299790382385253906e-01
6.548909842967987061e-02
3.530429899692535400e-01
1.895339787006378174e-01
5.240533351898193359e-01
3.536870777606964111e-01
4.780407845973968506e-01
7.753956913948059082e-01
7.206874489784240723e-01
2.156004607677459717e-01
2.702786326408386230e-01
9.905402362346649170e-02
8.951295614242553711e-01
4.266033172607421875e-01
3.744726777076721191e-01
7.416676282882690430e-01
2.095886170864105225e-01
2.026345282793045044e-01
3.799029290676116943e-01
3.131214678287506104e-01
6.146940588951110840e-01
2.784622311592102051e-01
2.277309596538543701e-01
2.502653002738952637e-01
1.923586577177047729e-01
5.111967325210571289e-01
3.343887329101562500e-01
2.200416773557662964e-01
5.666854977607727051e-01
4.573571383953094482e-01
7.084664106369018555e-01
1.990364491939544678e-01
5.693173035979270935e-02
4.167682528495788574e-01
6.357118021696805954e-03
1.907649636268615723e-01
1.497576981782913208e-01
3.532239496707916260e-01
6.061203479766845703e-01
2.399830818176269531e-01
1.817862093448638916e-01
2.552520334720611572e-01
4.361968040466308594e-01
4.152342975139617920e-01
2.034185230731964111e-01
2.792869806289672852e-01
3.528500795364379883e-01
4.195242654532194138e-04
3.625068068504333496e-01
1.632434874773025513e-01
3.271021246910095215e-01
3.025506436824798584e-01
5.001858249306678772e-02
3.819079697132110596e-02
3.732393383979797363e-01
6.143874526023864746e-01
3.971512913703918457e-01
1.249990165233612061e-01
4.855245947837829590e-01
6.460591554641723633e-01
3.268032800406217575e-03
4.381657019257545471e-02
7.334138154983520508e-01
5.223125219345092773e-01
7.721627950668334961e-01
7.885215282440185547e-01
1.719071567058563232e-01
2.190115153789520264e-01
1.035434752702713013e-01
4.523423612117767334e-01
2.324004620313644409e-01
5.460499525070190430e-01
5.627858638763427734e-01
3.712994754314422607e-01
6.592047214508056641e-02
2.198064029216766357e-01
4.140391051769256592e-01
4.075334370136260986e-01
2.797835171222686768e-01
7.725358009338378906e-02
6.171553134918212891e-01
2.665033042430877686e-01
1.423284709453582764e-01
2.499831281602382660e-02
5.444958209991455078e-01
4.462708234786987305e-01
5.081544518470764160e-01
6.363252759911119938e-04
8.421496301889419556e-02
2.339654117822647095e-01
6.869478225708007812e-01
3.550181686878204346e-01
4.131520166993141174e-02
6.018025279045104980e-01
5.494492053985595703e-01
1.240777522325515747e-01
6.798012852668762207e-01
5.200139433145523071e-02
4.297215342521667480e-01
3.988310396671295166e-01
6.988329114392399788e-04
1.629381626844406128e-01
4.478502571582794189e-01
9.297456741333007812e-01
2.438994348049163818e-01
1.747428923845291138e-01
5.406689047813415527e-01
3.160020709037780762e-01
3.532694876194000244e-01
2.010854929685592651e-01
1.670590415596961975e-02
2.210836708545684814e-01
4.719414710998535156e-01
2.363685518503189087e-01
9.464173763990402222e-02
4.175424575805664062e-02
4.159431159496307373e-01
6.163619160652160645e-01
1.874915361404418945e-01
6.512807011604309082e-01
2.407934665679931641e-01
5.667130947113037109e-01
1.524319350719451904e-01
3.079921007156372070e-01
2.869758382439613342e-02
1.993082910776138306e-01
4.607257246971130371e-02
4.437956213951110840e-01
2.875138223171234131e-01
5.514291524887084961e-01
3.702033460140228271e-01
2.033478021621704102e-01
6.635218262672424316e-01
4.534416794776916504e-01
2.184798717498779297e-01
2.390441298484802246e-01
2.042844295501708984e-01
3.403456807136535645e-01
4.113448858261108398e-01
1.318384613841772079e-02
3.542967438697814941e-01
1.275910139083862305e-01
7.831562757492065430e-01
4.550747275352478027e-01
1.174882501363754272e-01
8.117889165878295898e-01
3.621875047683715820e-01
3.336876928806304932e-01
4.708999991416931152e-01
3.360779285430908203e-01
6.355254650115966797e-01
2.692906558513641357e-01
4.987541139125823975e-01
2.384597808122634888e-01
2.981930673122406006e-01
4.811912178993225098e-01
7.695065811276435852e-03
5.376366376876831055e-01
3.637077212333679199e-01
2.034275233745574951e-01
4.785307645797729492e-01
3.934368956834077835e-03
3.314204514026641846e-01
5.494955182075500488e-01
4.634047746658325195e-01
3.549372255802154541e-01
2.145909518003463745e-01
4.167112335562705994e-02
2.286881059408187866e-01
2.973780781030654907e-02
1.941164284944534302e-01
6.327117085456848145e-01
2.553718984127044678e-01
2.395952194929122925e-01
1.273269113153219223e-02
3.568219244480133057e-01
2.497420012950897217e-01
1.788177043199539185e-01
2.750735580921173096e-01
2.070060372352600098e-01
3.449530899524688721e-01
5.735000967979431152e-01
4.207584857940673828e-01
4.131593108177185059e-01
2.276232987642288208e-01
1.717587560415267944e-01
2.939049005508422852e-01
1.926345974206924438e-01
2.493959367275238037e-01
2.765311896800994873e-01
1.629949957132339478e-01
5.922665596008300781e-01
2.348391115665435791e-01
2.497658319771289825e-02
5.332896709442138672e-01
2.285113185644149780e-01
1.887468695640563965e-01
4.839618802070617676e-01
1.440356075763702393e-01
3.976546227931976318e-01
5.980803370475769043e-01
2.345024943351745605e-01
6.489988416433334351e-02
3.429662585258483887e-01
1.878134757280349731e-01
2.483519315719604492e-01
1.180665791034698486e-01
5.174438357353210449e-01
4.326144754886627197e-01
1.802537441253662109e-01
4.569188058376312256e-01
1.827526092529296875e-01
3.716492056846618652e-01
3.984447419643402100e-01
2.093129009008407593e-01
6.122493147850036621e-01
1.957147121429443359e-01
6.357482220664678607e-07
2.686204910278320312e-01
1.025265082716941833e-01
5.297617316246032715e-01
2.451159358024597168e-01
1.275713089853525162e-02
6.024955511093139648e-01
5.711179375648498535e-01
5.537050962448120117e-01
6.200001239776611328e-01
4.197933673858642578e-01
6.529998183250427246e-01
5.303015187382698059e-02
2.008221298456192017e-02
4.039556086063385010e-01
2.267171144485473633e-01
6.155067086219787598e-01
2.159877866506576538e-01
3.483516573905944824e-01
4.108210504055023193e-01
2.259397506713867188e-01
4.179110527038574219e-01
3.940116763114929199e-01
4.516170620918273926e-01
2.906518280506134033e-01
1.037124022841453552e-01
4.044337570667266846e-02
4.011512994766235352e-01
1.869643479585647583e-01
2.359318286180496216e-01
4.295316934585571289e-01
3.088050289079546928e-05
7.056432962417602539e-01
3.594188094139099121e-01
5.648881196975708008e-01
5.547087192535400391e-01
1.561518311500549316e-01
8.040345311164855957e-01
4.211955964565277100e-01
5.308607965707778931e-02
6.404377222061157227e-01
5.474575757980346680e-01
4.039131700992584229e-01
5.955864191055297852e-01
2.525047361850738525e-01
3.837870061397552490e-01
5.009973049163818359e-01
5.315076112747192383e-01
3.286608681082725525e-02
5.943208932876586914e-01
3.134511113166809082e-01
7.011439204216003418e-01
3.669036626815795898e-01
4.053470194339752197e-01
5.504042506217956543e-01
4.417515397071838379e-01
1.000938639044761658e-01
3.465099334716796875e-01
3.429363667964935303e-01
7.419244945049285889e-02
3.630332648754119873e-01
4.907442629337310791e-02
2.015411406755447388e-01
5.730957984924316406e-01
2.959217131137847900e-01
3.232577145099639893e-01
3.991830945014953613e-01
2.773930132389068604e-01
6.099204421043395996e-01
6.169661283493041992e-01
1.919388920068740845e-01
1.134261861443519592e-01
3.498872220516204834e-01
3.890953958034515381e-01
2.825859189033508301e-01
8.092295378446578979e-02
7.362636327743530273e-01
4.497585594654083252e-01
5.089178085327148438e-01
3.282734751701354980e-01
4.855590760707855225e-01
4.069106876850128174e-01
4.024233818054199219e-01
7.771317847073078156e-03
1.597769558429718018e-02
2.699701189994812012e-01
1.589329838752746582e-01
1.640759855508804321e-01
5.820571184158325195e-01
4.007013142108917236e-01
5.524368882179260254e-01
5.958661437034606934e-01
7.977009750902652740e-03
4.603326618671417236e-01
2.241954505443572998e-01
2.674505412578582764e-01
1.091162860393524170e-01
4.412610232830047607e-01
2.088109850883483887e-01
3.900036811828613281e-01
5.972856283187866211e-01
3.203821480274200439e-01
6.678678989410400391e-01
5.045495033264160156e-01
2.942762672901153564e-01
1.789083927869796753e-01
3.529723584651947021e-01
6.230391860008239746e-01
2.546304464340209961e-01
6.429821997880935669e-02
3.229783773422241211e-01
6.104752421379089355e-01
5.089628100395202637e-01
5.052597522735595703e-01
7.211316823959350586e-01
2.937008738517761230e-01
4.566208124160766602e-01
5.374050140380859375e-01
7.587069272994995117e-02
7.751912474632263184e-01
7.346014380455017090e-01
5.039600133895874023e-01
8.057989180088043213e-02
4.562464356422424316e-01
2.291914671659469604e-01
3.344160914421081543e-01
5.091636776924133301e-01
6.835386157035827637e-02
3.913057148456573486e-01
5.570367574691772461e-01
1.661306768655776978e-01
1.359169557690620422e-02
3.605751991271972656e-01
5.354803800582885742e-01
5.079129338264465332e-01
1.915412992238998413e-01
6.664468646049499512e-01
3.423683047294616699e-01
4.241106212139129639e-01
2.608636617660522461e-01
3.171460330486297607e-01
4.877941310405731201e-02
7.177422046661376953e-01
5.547423958778381348e-01
3.639421164989471436e-01
2.332551032304763794e-01
