8.023830491762894424e-01
8.025636111314480292e-01
4.965265799098863009e-01
7.030126726777570223e-01
8.067909823014185466e-01
4.182812335112920388e-01
6.171417883955515604e-01
7.676907892410571588e-01
7.077083776776607049e-01
8.375479945769677137e-01
8.200282110617711506e-01
7.966631175233767070e-01
8.315147734605349283e-01
6.837964047892735042e-01
6.535996645689010620e-01
5.658790809729208338e-01
6.793202863504680389e-01
7.706421745511201626e-01
7.466001510620117188e-01
8.842201370459336074e-01
8.584404518971076037e-01
9.318962234717148574e-01
8.765498904081491238e-01
8.842119574546813965e-01
9.156412253013024305e-01
8.083380850461813205e-01
8.713803520569434191e-01
7.757139543537050486e-01
8.557451963424682617e-01
8.490747740635504748e-01
8.560360280367044217e-01
8.976202515455392605e-01
8.802671535657002888e-01
9.300231199998122422e-01
9.284048905739417101e-01
8.915080519822927707e-01
9.242888092994689941e-01
6.112374593861974459e-01
7.281070695473597087e-01
8.150748140536822062e-01
8.208169249387887723e-01
6.745983021171644278e-01
7.713322335710892652e-01
8.211484643129202121e-01
8.905481031307806994e-01
8.563522192148061984e-01
8.020083399919363254e-01
7.836814155945410754e-01
7.867759385934243177e-01
7.561673063498276504e-01
6.923621480281536567e-01
7.698307793874007432e-01
8.847473813937261067e-01
7.310470239474222698e-01
7.479497893498494587e-01
8.721290505849398356e-01
8.573331787036015950e-01
9.076132361705486762e-01
8.957217014752901774e-01
8.504081712319300212e-01
6.293375638241951453e-01
6.451659150994740743e-01
8.239216850354120769e-01
9.342664067561810004e-01
9.312204810289236301e-01
8.929245380254892117e-01
8.965363227404080648e-01
8.605829706558814074e-01
8.787322250696328885e-01
7.401346925983995906e-01
6.170010899121944892e-01
9.330042784030621039e-01
9.221576177156888265e-01
8.898765261356647027e-01
8.575031138383425455e-01
6.921490906666856180e-01
7.427326727371948989e-01
8.560099510046151883e-01
8.121109834084143664e-01
8.282989125985366075e-01
8.142980635166168213e-01
7.170881200939990263e-01
9.334582640574529133e-01
5.962001763279592970e-01
9.009980467649606473e-01
9.366100522188040012e-01
8.758947757574228055e-01
8.211367932649759060e-01
8.412343401175278457e-01
3.670516475264171130e-01
8.729123060519878852e-01
9.220674404731163953e-01
9.273144694475027316e-01
9.351921585889962918e-01
7.857471475234398817e-01
8.630544634965749973e-01
7.691917407971161635e-01
8.576626044053298203e-01
9.174760671762319797e-01
8.919616204041701524e-01
8.879741521982046359e-01
