1.976692797974325122e-01
2.571210132983441365e-01
1.582286905054038906e-01
2.514910652368254618e-01
1.807572683151542625e-01
1.892045958576580589e-01
1.809684629037152381e-01
1.818962913866226383e-01
2.263052821090066336e-01
1.961646011018624014e-01
1.875070325779513714e-01
1.867594351360821747e-01
2.021605779045785312e-01
4.422563866324847881e-01
1.931874559332545094e-01
2.325212549991332589e-01
3.602257226414691815e-01
3.145519884733053440e-01
3.283448305267553935e-01
3.272676218945819726e-01
2.946638293819537902e-01
3.449046032037585974e-01
3.264353372089072725e-01
3.199331478144114005e-01
3.013222200948243445e-01
2.843271932707956418e-01
4.152756157116248015e-01
3.254466082614201894e-01
4.275441628236036906e-01
3.579145397390955385e-01
3.492613468372907648e-01
2.382281371034108697e-01
4.528464399851285238e-01
4.101841180370404127e-01
3.874976600591952813e-01
3.794685155153274536e-01
3.808503345801280138e-01
1.325381901791703176e-01
2.836772171923747643e-01
2.970553198829293251e-01
2.950352986450665016e-01
2.744165670814612268e-01
2.831358342037464393e-01
3.471579561457754370e-01
4.006777830027903331e-01
2.913028053378551308e-01
3.010937896772072908e-01
3.262117062337123174e-01
3.523427219345019457e-01
3.904114680794569248e-01
2.252921545878052711e-01
3.551064986699762338e-01
2.654825347260786894e-01
3.602157074671525350e-01
2.908554942562029955e-01
3.728431211068080064e-01
3.332094919796173560e-01
3.073602995047202691e-01
3.558451298695917142e-01
2.635311842000541693e-01
2.510264181496145719e-01
3.077046956364378749e-01
4.258860091392237535e-01
4.178324364698849935e-01
4.441089526965067980e-01
2.905103790645415796e-01
3.047491837328729636e-01
2.910874517849431631e-01
3.472064634999976751e-01
2.896301581237751832e-01
4.140789147752981791e-01
3.884503153654245144e-01
3.483452811264075022e-01
4.083274144392747274e-01
3.928178411263685832e-01
3.208443347293024051e-01
2.941077154380484227e-01
3.334562932857527140e-01
3.784454281513507379e-01
2.794841332405877399e-01
3.484963988258431566e-01
2.955315029964997176e-01
3.187996736512734297e-01
3.192703390780549655e-01
4.315834137109609836e-01
3.101264111196192497e-01
2.465667827054858208e-01
2.949495248209971776e-01
2.900677638558241123e-01
3.021924600742653677e-01
3.778101369881859406e-01
3.156207691018397821e-01
4.209628218131211685e-01
4.332871686380643239e-01
2.913834091562491069e-01
3.956550531662427206e-01
3.096487159625841978e-01
3.505446280424411309e-01
4.422741813155320889e-01
3.388579169718118900e-01
3.972562562960844645e-01
