8.525662422180175781e-01
9.993560314178466797e-01
4.351529479026794434e-01
1.435950696468353271e-01
3.861323297023773193e-01
9.859365224838256836e-01
9.704850912094116211e-01
9.432772397994995117e-01
9.330810308456420898e-01
9.697624444961547852e-01
9.917502403259277344e-01
9.954353570938110352e-01
9.941298961639404297e-01
1.854187846183776855e-01
9.994491338729858398e-01
8.321763873100280762e-01
9.772477746009826660e-01
8.138464689254760742e-01
9.825075864791870117e-01
9.819894433021545410e-01
9.598021507263183594e-01
9.567366242408752441e-01
9.676044583320617676e-01
9.544565677642822266e-01
8.574411869049072266e-01
9.925425052642822266e-01
2.252694219350814819e-03
4.693128168582916260e-03
9.992522597312927246e-01
5.174096673727035522e-03
2.254077792167663574e-02
9.992421865463256836e-01
9.777439832687377930e-01
8.994554281234741211e-01
3.233559131622314453e-01
9.843527078628540039e-01
9.851571321487426758e-01
9.737645387649536133e-01
6.491594314575195312e-01
3.770449984585866332e-05
1.070966129191219807e-03
9.991586208343505859e-01
6.318573951721191406e-01
3.605912672355771065e-03
9.850783944129943848e-01
9.769334197044372559e-01
9.328445792198181152e-01
4.019226133823394775e-02
9.699702262878417969e-01
9.977948665618896484e-01
9.960809350013732910e-01
9.982436895370483398e-01
8.614915013313293457e-01
9.757416322827339172e-03
9.994320273399353027e-01
9.397873282432556152e-01
9.801935553550720215e-01
9.835768938064575195e-01
9.778877496719360352e-01
9.884400963783264160e-01
9.772826433181762695e-01
9.241370558738708496e-01
9.594202637672424316e-01
9.273017644882202148e-01
9.975454807281494141e-01
6.358802318572998047e-02
2.737038433551788330e-01
9.996664524078369141e-01
2.483155131340026855e-01
1.428734064102172852e-01
1.266225874423980713e-01
4.558872804045677185e-02
7.661073803901672363e-01
8.773589730262756348e-01
3.146248310804367065e-02
4.738162085413932800e-02
2.756396532058715820e-01
9.709664583206176758e-01
2.366238087415695190e-02
2.024081051349639893e-01
9.994936585426330566e-01
1.621409319341182709e-02
1.170694641768932343e-02
5.039949342608451843e-02
9.876096844673156738e-01
1.195118017494678497e-02
6.390281319618225098e-01
9.896287322044372559e-01
9.894057512283325195e-01
1.282486468553543091e-01
1.812810003757476807e-01
8.687352538108825684e-01
6.878585219383239746e-01
9.993335008621215820e-01
6.053443551063537598e-01
8.372203111648559570e-01
3.966479599475860596e-01
9.858816862106323242e-01
9.241307377815246582e-01
5.675890445709228516e-01
9.720211625099182129e-01
9.994189143180847168e-01
9.993118643760681152e-01
2.460076212882995605e-01
8.865556865930557251e-02
7.139189243316650391e-01
9.994617104530334473e-01
5.290508270263671875e-01
1.746761053800582886e-01
1.307261288166046143e-01
9.877658486366271973e-01
9.570472240447998047e-01
9.069083333015441895e-01
9.765033125877380371e-01
9.777039289474487305e-01
9.994167089462280273e-01
9.961003661155700684e-01
5.505851507186889648e-01
8.279619216918945312e-01
9.994697570800781250e-01
8.058494925498962402e-01
9.579838514328002930e-01
9.575304985046386719e-01
9.849033355712890625e-01
9.855245351791381836e-01
9.834924936294555664e-01
9.787365198135375977e-01
9.649268388748168945e-01
9.496528506278991699e-01
9.957350492477416992e-01
4.437290132045745850e-01
9.678432345390319824e-01
9.994153976440429688e-01
9.316554665565490723e-01
9.687420725822448730e-01
9.711713790893554688e-01
9.783502221107482910e-01
9.759810566902160645e-01
9.266157150268554688e-01
4.995363950729370117e-01
9.425722956657409668e-01
5.220233201980590820e-01
8.184062242507934570e-01
2.137608826160430908e-01
9.484773874282836914e-01
9.993933439254760742e-01
6.834726333618164062e-01
7.345369458198547363e-01
9.293265938758850098e-01
9.786517024040222168e-01
9.890288114547729492e-01
9.737802147865295410e-01
7.900840640068054199e-01
9.599406123161315918e-01
7.641549110412597656e-01
7.898396253585815430e-01
5.978685617446899414e-01
8.254755735397338867e-01
9.994119405746459961e-01
2.573292553424835205e-01
8.119875788688659668e-01
8.245233893394470215e-01
9.858968853950500488e-01
9.785841107368469238e-01
9.825919270515441895e-01
9.616532921791076660e-01
9.777327179908752441e-01
9.918371438980102539e-01
8.837008476257324219e-01
2.232431322336196899e-01
9.905156493186950684e-01
8.413211703300476074e-01
3.451766073703765869e-01
1.748862266540527344e-01
9.777919054031372070e-01
9.797505736351013184e-01
9.692384600639343262e-01
7.675729393959045410e-01
9.651814699172973633e-01
9.730902314186096191e-01
9.736998081207275391e-01
9.986696243286132812e-01
9.980474710464477539e-01
1.831012405455112457e-02
1.301903575658798218e-01
2.169537171721458435e-02
2.069742977619171143e-02
2.995759248733520508e-02
1.377147436141967773e-01
1.983191631734371185e-02
2.435090243816375732e-01
2.729920297861099243e-02
2.882809005677700043e-02
7.060326933860778809e-01
9.851709008216857910e-01
1.532332450151443481e-01
6.733669433742761612e-03
9.899306297302246094e-01
3.980115801095962524e-02
2.430124953389167786e-02
9.905266165733337402e-01
9.550300836563110352e-01
8.501715660095214844e-01
5.511407256126403809e-01
9.750403165817260742e-01
9.792209863662719727e-01
9.896970391273498535e-01
6.547679901123046875e-01
1.258173435926437378e-01
7.282299920916557312e-04
9.907923936843872070e-01
8.717454075813293457e-01
6.539857015013694763e-03
9.781503677368164062e-01
9.890664219856262207e-01
9.672151803970336914e-01
1.049853302538394928e-02
9.666152596473693848e-01
9.684420824050903320e-01
9.749597311019897461e-01
9.996909499168395996e-01
9.767376780509948730e-01
2.367050051689147949e-01
9.934269189834594727e-01
5.998935699462890625e-01
3.597576618194580078e-01
3.502445816993713379e-01
2.295618504285812378e-01
9.604294300079345703e-01
6.737971305847167969e-01
5.362571403384208679e-02
2.253148555755615234e-01
9.620521664619445801e-01
6.985504627227783203e-01
9.891136884689331055e-01
1.961445435881614685e-02
9.928877949714660645e-01
6.193408370018005371e-01
4.702081084251403809e-01
1.077716704457998276e-02
9.828628301620483398e-01
2.520219385623931885e-01
3.979692980647087097e-02
9.846735000610351562e-01
9.834954142570495605e-01
9.698750823736190796e-02
8.633797168731689453e-01
6.479093432426452637e-01
9.144195914268493652e-01
9.899838566780090332e-01
7.957190871238708496e-01
8.783853650093078613e-01
9.841162562370300293e-01
9.781824350357055664e-01
9.791608452796936035e-01
6.661878824234008789e-01
9.672611355781555176e-01
9.991636276245117188e-01
9.989337921142578125e-01
2.905138731002807617e-01
9.490737915039062500e-01
3.100976347923278809e-01
9.920524358749389648e-01
8.786404728889465332e-01
4.903111457824707031e-01
3.578113317489624023e-01
9.813436269760131836e-01
9.718987345695495605e-01
9.525318145751953125e-01
9.718634486198425293e-01
9.902523159980773926e-01
9.989770650863647461e-01
9.947332739830017090e-01
9.609684348106384277e-01
8.192738890647888184e-01
9.912672638893127441e-01
9.578217267990112305e-01
9.823297262191772461e-01
9.168289899826049805e-01
9.786815047264099121e-01
9.810072779655456543e-01
9.784182310104370117e-01
9.841556549072265625e-01
9.655123353004455566e-01
9.569520354270935059e-01
9.984574317932128906e-01
5.892817378044128418e-01
9.649377465248107910e-01
9.900212287902832031e-01
9.613952636718750000e-01
9.707502126693725586e-01
9.797944426536560059e-01
9.604812264442443848e-01
9.732828140258789062e-01
9.567194581031799316e-01
9.357626438140869141e-01
9.232431054115295410e-01
7.673230171203613281e-01
9.854444265365600586e-01
5.728460848331451416e-02
9.288161993026733398e-01
9.894921779632568359e-01
6.761317849159240723e-01
9.200633764266967773e-01
5.189557671546936035e-01
9.712501764297485352e-01
9.865734577178955078e-01
9.841020703315734863e-01
9.734063148498535156e-01
9.549641609191894531e-01
8.318744897842407227e-01
9.777457714080810547e-01
8.457835912704467773e-01
8.038814663887023926e-01
9.904333949089050293e-01
5.912067890167236328e-01
7.507470250129699707e-01
9.505633711814880371e-01
9.784601330757141113e-01
9.724587202072143555e-01
9.806933403015136719e-01
9.829005599021911621e-01
9.737966060638427734e-01
9.883866906166076660e-01
9.299735426902770996e-01
9.996125698089599609e-01
9.921476840972900391e-01
9.814891219139099121e-01
9.975273609161376953e-01
3.292025625705718994e-01
3.379603624343872070e-01
9.808073639869689941e-01
9.798967838287353516e-01
5.728121399879455566e-01
9.582085609436035156e-01
9.910381436347961426e-01
9.939395785331726074e-01
9.941461682319641113e-01
3.771064877510070801e-01
7.123905420303344727e-01
9.904127717018127441e-01
2.274539172649383545e-01
1.764025092124938965e-01
9.916935563087463379e-01
9.732291102409362793e-01
8.675032854080200195e-01
7.147201895713806152e-01
9.730757474899291992e-01
9.842149019241333008e-01
9.293392896652221680e-01
8.833863735198974609e-01
7.037054896354675293e-01
1.879789233207702637e-01
9.879828095436096191e-01
9.742316007614135742e-01
2.671065740287303925e-03
9.799195528030395508e-01
9.967745542526245117e-01
9.702304005622863770e-01
1.001238473691046238e-03
7.941107749938964844e-01
9.541912674903869629e-01
9.611729979515075684e-01
9.968295097351074219e-01
8.981528282165527344e-01
9.396866559982299805e-01
9.909272193908691406e-01
9.804317951202392578e-01
9.904295206069946289e-01
9.822021722793579102e-01
9.773967266082763672e-01
9.811539053916931152e-01
9.845892190933227539e-01
9.113438725471496582e-01
9.757338166236877441e-01
9.678337574005126953e-01
9.997873306274414062e-01
9.767173528671264648e-01
9.750095009803771973e-01
9.877898693084716797e-01
9.905092120170593262e-01
9.927177429199218750e-01
7.994354367256164551e-01
9.740320444107055664e-01
9.762843251228332520e-01
9.564985632896423340e-01
3.411030173301696777e-01
8.982933759689331055e-01
9.757335186004638672e-01
9.999365210533142090e-01
9.828279614448547363e-01
9.845238924026489258e-01
9.717987179756164551e-01
9.816926121711730957e-01
9.995698332786560059e-01
3.468324244022369385e-01
9.869071245193481445e-01
9.778762459754943848e-01
4.657884240150451660e-01
9.868402481079101562e-01
9.777212142944335938e-01
9.728043675422668457e-01
9.988548755645751953e-01
8.606564998626708984e-01
9.456791281700134277e-01
9.913670420646667480e-01
9.262442588806152344e-01
9.862226843833923340e-01
9.955762028694152832e-01
9.817872047424316406e-01
9.143791794776916504e-01
9.667556881904602051e-01
9.713437557220458984e-01
9.991582632064819336e-01
9.968263506889343262e-01
9.884562492370605469e-01
9.257897138595581055e-01
9.498809576034545898e-01
9.924913048744201660e-01
9.071027040481567383e-01
8.903809785842895508e-01
7.424601912498474121e-01
9.846557974815368652e-01
9.679690599441528320e-01
9.627583026885986328e-01
9.761335253715515137e-01
9.883589744567871094e-01
9.990322589874267578e-01
9.826564788818359375e-01
9.429624676704406738e-01
9.579210281372070312e-01
9.747254848480224609e-01
9.826381206512451172e-01
9.989003539085388184e-01
9.725104570388793945e-01
9.771425724029541016e-01
9.776840806007385254e-01
9.737907052040100098e-01
9.789437055587768555e-01
9.770486354827880859e-01
9.444773793220520020e-01
9.999654889106750488e-01
5.479772090911865234e-01
7.812867760658264160e-01
9.900966286659240723e-01
9.778129458427429199e-01
9.950979948043823242e-01
9.843889474868774414e-01
9.571118354797363281e-01
9.710780382156372070e-01
9.711965918540954590e-01
9.907028675079345703e-01
9.465849399566650391e-01
7.149584293365478516e-01
9.987532496452331543e-01
1.135227009654045105e-01
1.739863902330398560e-01
9.904105663299560547e-01
9.112099409103393555e-01
9.486523866653442383e-01
9.355880618095397949e-01
9.751484990119934082e-01
9.810624122619628906e-01
9.662012457847595215e-01
9.941946268081665039e-01
9.588116407394409180e-01
8.324837088584899902e-01
9.465986490249633789e-01
7.366327643394470215e-01
8.600247502326965332e-01
9.880201816558837891e-01
8.120657205581665039e-01
9.681116938591003418e-01
9.231837391853332520e-01
9.820603132247924805e-01
9.522316455841064453e-01
9.775890707969665527e-01
9.800974130630493164e-01
9.857361316680908203e-01
9.928357601165771484e-01
9.233558773994445801e-01
9.998251199722290039e-01
9.994193911552429199e-01
9.987035989761352539e-01
2.104622498154640198e-02
4.544995427131652832e-01
3.881329298019409180e-01
2.851122319698333740e-01
4.814018309116363525e-01
8.464270830154418945e-01
1.180211529135704041e-01
9.853292107582092285e-01
9.815896153450012207e-01
9.858147501945495605e-01
9.997602105140686035e-01
9.955357313156127930e-01
9.981055855751037598e-01
9.816016554832458496e-01
9.974488019943237305e-01
2.681300938129425049e-01
9.100621938705444336e-01
3.248107135295867920e-01
9.981930851936340332e-01
9.808334112167358398e-01
9.866847395896911621e-01
6.842502355575561523e-01
7.951355725526809692e-02
9.998525381088256836e-01
9.930328726768493652e-01
9.893592596054077148e-01
8.876710534095764160e-01
9.438455104827880859e-01
5.240022540092468262e-01
9.757415056228637695e-01
9.827267527580261230e-01
7.881832122802734375e-02
9.943788051605224609e-01
9.855471253395080566e-01
9.891932606697082520e-01
6.387962102890014648e-01
9.998713135719299316e-01
9.957421422004699707e-01
9.928396940231323242e-01
8.066699504852294922e-01
8.126727938652038574e-01
9.959939122200012207e-01
9.715038537979125977e-01
9.832229018211364746e-01
9.530186057090759277e-01
8.177754878997802734e-01
8.801255226135253906e-01
7.439991831779479980e-01
7.788168787956237793e-01
9.998617172241210938e-01
9.980903863906860352e-01
9.969965219497680664e-01
1.431517004966735840e-01
1.121231615543365479e-01
9.994107484817504883e-01
1.349839475005865097e-02
9.307018518447875977e-01
9.986354708671569824e-01
4.125508368015289307e-01
1.174313649535179138e-01
7.930547595024108887e-01
4.660578370094299316e-01
9.998323321342468262e-01
9.956308603286743164e-01
9.947786927223205566e-01
9.789232611656188965e-01
9.773439168930053711e-01
9.999045133590698242e-01
5.325744748115539551e-01
9.858232736587524414e-01
9.998741149902343750e-01
9.860311746597290039e-01
8.112086653709411621e-01
1.867974177002906799e-02
9.999452233314514160e-01
9.998598694801330566e-01
9.888328313827514648e-01
9.830475449562072754e-01
9.833925962448120117e-01
9.654552936553955078e-01
9.931203722953796387e-01
8.766210675239562988e-01
9.935231804847717285e-01
8.884948492050170898e-01
9.623687863349914551e-01
6.652364730834960938e-01
4.899478554725646973e-01
4.971834365278482437e-03
9.998717904090881348e-01
9.943271279335021973e-01
9.907066822052001953e-01
8.405052423477172852e-01
8.827369213104248047e-01
9.947735071182250977e-01
9.113970994949340820e-01
6.106438040733337402e-01
9.803503155708312988e-01
9.512261152267456055e-01
8.985607028007507324e-01
9.635705947875976562e-01
9.778538346290588379e-01
9.997625946998596191e-01
9.948799610137939453e-01
9.926950931549072266e-01
7.996591925621032715e-01
8.792099952697753906e-01
9.990591406822204590e-01
9.227213263511657715e-01
8.528858423233032227e-01
9.711476564407348633e-01
9.979589581489562988e-01
5.792312026023864746e-01
9.869832992553710938e-01
9.993422627449035645e-01
9.996718764305114746e-01
9.933485388755798340e-01
9.892818927764892578e-01
7.399563193321228027e-01
9.296478629112243652e-01
9.756807088851928711e-01
9.649829268455505371e-01
9.900294542312622070e-01
7.395901083946228027e-01
6.185164451599121094e-01
5.689768791198730469e-01
2.104064375162124634e-01
4.951159358024597168e-01
9.997534155845642090e-01
9.920038580894470215e-01
9.907846450805664062e-01
9.701943397521972656e-01
7.769651412963867188e-01
9.759109616279602051e-01
9.728654026985168457e-01
9.871668219566345215e-01
7.673987746238708496e-01
6.933664679527282715e-01
2.695903778076171875e-01
7.170545309782028198e-02
4.472754523158073425e-02
9.259290695190429688e-01
9.444862008094787598e-01
9.802978634834289551e-01
9.909225106239318848e-01
9.686214327812194824e-01
9.849862456321716309e-01
9.106606245040893555e-01
8.286497592926025391e-01
9.571277499198913574e-01
9.788408875465393066e-01
9.904794692993164062e-01
9.864408373832702637e-01
7.287274599075317383e-01
9.931578636169433594e-01
9.923050403594970703e-01
9.948876500129699707e-01
6.964100599288940430e-01
2.526382729411125183e-02
1.489902883768081665e-01
7.769126892089843750e-01
8.343435823917388916e-03
5.328660365194082260e-03
8.629961609840393066e-01
7.126680612564086914e-01
9.176936149597167969e-01
4.609373211860656738e-02
9.735527038574218750e-01
9.833852052688598633e-01
9.907219409942626953e-01
9.913831353187561035e-01
2.366025745868682861e-01
9.849537014961242676e-01
1.229114979505538940e-01
1.131556034088134766e-01
9.871954321861267090e-01
6.318027377128601074e-01
4.727676808834075928e-01
8.875928521156311035e-01
9.921383857727050781e-01
9.897522926330566406e-01
9.923518300056457520e-01
9.946963787078857422e-01
9.910280108451843262e-01
3.960940241813659668e-02
9.936746358871459961e-01
9.685615897178649902e-01
2.130268812179565430e-01
9.955133199691772461e-01
9.832281470298767090e-01
6.921608448028564453e-01
9.786535501480102539e-01
9.160608053207397461e-01
9.774554371833801270e-01
9.861937761306762695e-01
9.852897524833679199e-01
9.926354885101318359e-01
5.444206595420837402e-01
9.885873794555664062e-01
9.917037487030029297e-01
1.530989855527877808e-01
9.899979233741760254e-01
9.865642189979553223e-01
9.911891818046569824e-01
8.795009851455688477e-01
9.904791712760925293e-01
9.625635743141174316e-01
9.748130440711975098e-01
7.722283601760864258e-01
9.869123697280883789e-01
9.348281621932983398e-01
6.788322329521179199e-01
9.909029603004455566e-01
7.095463871955871582e-01
8.944229483604431152e-01
9.910732507705688477e-01
9.778003692626953125e-01
4.825699925422668457e-01
8.731722831726074219e-01
9.852256774902343750e-01
9.894599318504333496e-01
9.933821558952331543e-01
9.886485934257507324e-01
9.701779484748840332e-02
9.907140731811523438e-01
4.627737402915954590e-01
4.034468233585357666e-01
3.325263261795043945e-01
9.915295243263244629e-01
8.352096080780029297e-01
7.497496604919433594e-01
9.912511706352233887e-01
4.612033367156982422e-01
6.130680441856384277e-01
9.356216192245483398e-01
9.903613328933715820e-01
5.606640577316284180e-01
7.602174282073974609e-01
9.904241561889648438e-01
9.770136475563049316e-01
8.062503337860107422e-01
7.152541279792785645e-01
9.745876789093017578e-01
7.162106037139892578e-01
8.432546854019165039e-01
5.322868227958679199e-01
7.455298900604248047e-01
9.134594202041625977e-01
9.898359775543212891e-01
4.948376417160034180e-01
6.687727570533752441e-01
9.909035563468933105e-01
9.749014973640441895e-01
9.455691576004028320e-01
8.828552365303039551e-01
9.854902625083923340e-01
9.100154638290405273e-01
8.853250145912170410e-01
9.397270679473876953e-01
9.553350210189819336e-01
9.750155210494995117e-01
9.918121695518493652e-01
7.714004516601562500e-01
9.442946314811706543e-01
9.903815388679504395e-01
9.498884677886962891e-01
9.559542536735534668e-01
9.600352048873901367e-01
9.897968173027038574e-01
9.426116943359375000e-01
9.309489727020263672e-01
8.212960362434387207e-01
2.477968037128448486e-01
5.460182428359985352e-01
9.928783178329467773e-01
9.805061221122741699e-01
9.838796854019165039e-01
8.804888725280761719e-01
2.355296313762664795e-01
1.319961696863174438e-01
9.749821424484252930e-01
9.987618923187255859e-01
9.986715912818908691e-01
1.256311386823654175e-01
9.800592660903930664e-01
9.785143733024597168e-01
9.907138347625732422e-01
9.943601489067077637e-01
9.734199643135070801e-01
9.880715012550354004e-01
9.755294322967529297e-01
8.589568138122558594e-01
9.894722104072570801e-01
1.478535979986190796e-01
4.987777173519134521e-01
9.857272505760192871e-01
7.324219346046447754e-01
9.849336147308349609e-01
9.800626635551452637e-01
9.922158122062683105e-01
9.939336776733398438e-01
4.461445212364196777e-01
9.912115931510925293e-01
9.860390424728393555e-01
2.480320632457733154e-03
9.928156137466430664e-01
9.855604171752929688e-01
8.399633318185806274e-02
1.063418835401535034e-01
6.548434030264616013e-03
9.618489742279052734e-01
9.741389751434326172e-01
9.899049997329711914e-01
9.762449264526367188e-01
9.783424139022827148e-01
3.268336057662963867e-01
9.801098704338073730e-01
9.890965223312377930e-01
9.604268670082092285e-01
7.947745919227600098e-01
9.803937673568725586e-01
7.682247161865234375e-01
9.071701169013977051e-01
9.680320620536804199e-01
9.603792428970336914e-01
9.850799441337585449e-01
9.923231601715087891e-01
9.754934310913085938e-01
9.857488274574279785e-01
9.838154315948486328e-01
9.774778485298156738e-01
8.070513010025024414e-01
9.743322730064392090e-01
9.863639473915100098e-01
9.934101700782775879e-01
9.460400938987731934e-01
9.515597224235534668e-01
9.656361937522888184e-01
9.858893156051635742e-01
9.918519258499145508e-01
9.835210442543029785e-01
9.800571799278259277e-01
9.799438118934631348e-01
9.948920011520385742e-01
9.253049492835998535e-01
5.328475832939147949e-01
9.758890271186828613e-01
9.624867439270019531e-01
4.716744124889373779e-01
8.545134663581848145e-01
8.780074715614318848e-01
9.691247940063476562e-01
9.901440143585205078e-01
9.594087600708007812e-01
9.378965497016906738e-01
9.647165536880493164e-01
9.983762502670288086e-01
9.928233027458190918e-01
8.387199640274047852e-01
6.886448860168457031e-01
9.399526715278625488e-01
1.147742122411727905e-01
5.166174471378326416e-02
5.610975995659828186e-02
5.495752692222595215e-01
9.892731308937072754e-01
7.522180676460266113e-01
2.406246028840541840e-02
9.751946330070495605e-01
9.896371364593505859e-01
9.654279947280883789e-01
1.242817565798759460e-01
9.600383639335632324e-01
8.878503441810607910e-01
9.674950242042541504e-01
9.020561575889587402e-01
9.427629113197326660e-01
9.789751172065734863e-01
9.906610846519470215e-01
9.150471687316894531e-01
9.612532258033752441e-01
9.804880023002624512e-01
9.898776412010192871e-01
9.611969590187072754e-01
9.571200013160705566e-01
9.753170609474182129e-01
9.902420043945312500e-01
9.593502283096313477e-01
9.908327460289001465e-01
9.876379966735839844e-01
9.882248640060424805e-01
8.925237059593200684e-01
9.470179080963134766e-01
9.850663542747497559e-01
9.629299640655517578e-01
9.896234273910522461e-01
7.748590707778930664e-01
6.352504491806030273e-01
8.116973042488098145e-01
9.773957133293151855e-01
9.473347663879394531e-01
9.953976273536682129e-01
9.952308535575866699e-01
9.956041574478149414e-01
4.918882548809051514e-01
9.057495594024658203e-01
4.844231903553009033e-02
8.490757942199707031e-01
8.139723911881446838e-03
1.600068761035799980e-03
5.216274857521057129e-01
6.638825684785842896e-02
8.147222995758056641e-01
2.225894480943679810e-02
9.309663772583007812e-01
9.603657126426696777e-01
9.447196125984191895e-01
9.921827316284179688e-01
9.811486005783081055e-01
6.765455007553100586e-01
9.822924733161926270e-01
9.441317319869995117e-01
2.920265775173902512e-03
9.722339510917663574e-01
9.991371035575866699e-01
9.982994794845581055e-01
2.275743026984855533e-04
9.832739233970642090e-01
9.513015151023864746e-01
9.521118402481079102e-01
9.864199161529541016e-01
9.824879169464111328e-01
9.200235605239868164e-01
9.860502481460571289e-01
9.710453748703002930e-01
9.733483195304870605e-01
9.748575687408447266e-01
9.841277003288269043e-01
9.994343519210815430e-01
9.896703362464904785e-01
9.840859770774841309e-01
9.827840328216552734e-01
9.803004264831542969e-01
8.919063806533813477e-01
9.562866687774658203e-01
8.979950547218322754e-01
7.142540216445922852e-01
9.805072546005249023e-01
9.896937608718872070e-01
5.071193575859069824e-01
8.092527389526367188e-01
9.607353210449218750e-01
9.889733195304870605e-01
9.482854604721069336e-01
9.582446813583374023e-01
9.684364199638366699e-01
9.350074529647827148e-01
9.766721129417419434e-01
9.805447459220886230e-01
9.525970220565795898e-01
9.732115864753723145e-01
9.893729090690612793e-01
9.194973707199096680e-01
9.199320673942565918e-01
8.475331664085388184e-01
9.824586510658264160e-01
6.508746147155761719e-01
7.556411623954772949e-01
9.166618585586547852e-01
9.906563758850097656e-01
9.031019210815429688e-01
9.491773247718811035e-01
9.782011508941650391e-01
9.792459011077880859e-01
9.837687015533447266e-01
9.946393966674804688e-01
9.679809808731079102e-01
9.668921828269958496e-01
9.897382259368896484e-01
9.449314475059509277e-01
9.443464875221252441e-01
9.390247464179992676e-01
9.702196121215820312e-01
9.692329764366149902e-01
9.789782762527465820e-01
9.838245511054992676e-01
9.754781723022460938e-01
9.791616201400756836e-01
9.503921270370483398e-01
9.804111123085021973e-01
9.857197403907775879e-01
9.680314660072326660e-01
9.939919114112854004e-01
9.938803911209106445e-01
9.939207434654235840e-01
2.531767077744007111e-02
2.029358744621276855e-01
8.227470517158508301e-02
9.975192546844482422e-01
5.308293104171752930e-01
9.996523857116699219e-01
9.941183328628540039e-01
9.918012619018554688e-01
9.782059192657470703e-01
9.990441203117370605e-01
9.933096170425415039e-01
9.934015274047851562e-01
9.923251271247863770e-01
9.763777256011962891e-01
9.854558110237121582e-01
7.824554443359375000e-01
9.990066885948181152e-01
9.610880017280578613e-01
9.998720288276672363e-01
9.801840186119079590e-01
9.496055841445922852e-01
3.315544724464416504e-01
9.999673962593078613e-01
9.929557442665100098e-01
9.868820309638977051e-01
9.841681122779846191e-01
9.654183387756347656e-01
9.796346426010131836e-01
9.850977063179016113e-01
9.758098125457763672e-01
9.846786260604858398e-01
9.718862771987915039e-01
9.964174032211303711e-01
9.980606436729431152e-01
9.636955261230468750e-01
5.917128324508666992e-01
9.927093982696533203e-01
9.910739064216613770e-01
9.917862415313720703e-01
5.730533599853515625e-02
1.638590097427368164e-01
8.853252530097961426e-01
9.987577199935913086e-01
1.296000629663467407e-01
9.526632428169250488e-01
9.997452497482299805e-01
7.862916588783264160e-01
9.546196460723876953e-01
9.999406933784484863e-01
9.748351573944091797e-01
9.754037857055664062e-01
9.795356392860412598e-01
9.730601310729980469e-01
9.540262818336486816e-01
8.723248839378356934e-01
8.439744710922241211e-01
8.977803587913513184e-01
9.573969244956970215e-01
9.984204769134521484e-01
4.727805405855178833e-02
9.820418804883956909e-02
9.982774853706359863e-01
9.889887571334838867e-01
9.843423962593078613e-01
9.861032366752624512e-01
9.488382339477539062e-01
9.754578471183776855e-01
9.108558893203735352e-01
9.317135810852050781e-01
9.808332920074462891e-01
9.780786633491516113e-01
9.531689286231994629e-01
5.255476832389831543e-01
6.182382106781005859e-01
6.172296404838562012e-01
9.946503043174743652e-01
9.942836165428161621e-01
9.948794245719909668e-01
6.488661170005798340e-01
3.021802604198455811e-01
2.216411679983139038e-01
9.999021291732788086e-01
1.244986206293106079e-01
9.998463988304138184e-01
9.759086370468139648e-01
9.383211135864257812e-01
2.378174103796482086e-03
9.999670982360839844e-01
9.977086186408996582e-01
9.961747527122497559e-01
9.954110383987426758e-01
4.602148234844207764e-01
3.902666270732879639e-01
1.508633941411972046e-01
9.992834329605102539e-01
5.354374051094055176e-01
1.777624636888504028e-01
6.914471387863159180e-01
1.992255598306655884e-01
7.026560902595520020e-01
5.070037208497524261e-03
9.923306703567504883e-01
9.889898896217346191e-01
9.886078238487243652e-01
4.152560234069824219e-01
9.813100099563598633e-01
9.763879179954528809e-01
9.630887508392333984e-01
5.584617853164672852e-01
9.481999278068542480e-01
9.990614652633666992e-01
1.062333658337593079e-01
9.598171114921569824e-01
9.998008012771606445e-01
9.855709671974182129e-01
9.865870475769042969e-01
9.909244775772094727e-01
8.959957361221313477e-01
9.524293541908264160e-01
7.593659162521362305e-01
9.988107085227966309e-01
9.542012214660644531e-01
3.072653710842132568e-01
9.997555017471313477e-01
9.847759008407592773e-01
5.150920152664184570e-01
9.993106722831726074e-01
9.858912825584411621e-01
9.819856286048889160e-01
9.860250949859619141e-01
9.870867729187011719e-01
9.705994129180908203e-01
9.788829088211059570e-01
1.432090103626251221e-01
9.868817925453186035e-01
9.536805748939514160e-01
9.980266690254211426e-01
9.848056435585021973e-01
1.540993005037307739e-01
9.983368515968322754e-01
9.935970306396484375e-01
9.929407835006713867e-01
9.927123188972473145e-01
9.217611551284790039e-01
9.224112033843994141e-01
6.994594931602478027e-01
9.821034073829650879e-01
9.874965548515319824e-01
9.840590357780456543e-01
9.982401728630065918e-01
8.558900356292724609e-01
2.139526456594467163e-01
4.299676418304443359e-01
9.790509939193725586e-01
9.709007143974304199e-01
9.742947220802307129e-01
9.818986654281616211e-01
9.765385985374450684e-01
9.760797023773193359e-01
9.998394846916198730e-01
9.851964116096496582e-01
3.061893284320831299e-01
9.773395657539367676e-01
9.994890689849853516e-01
9.490024447441101074e-01
1.801216602325439453e-02
9.848768115043640137e-01
9.844355583190917969e-01
9.878194928169250488e-01
9.895488023757934570e-01
9.855093359947204590e-01
9.816353917121887207e-01
7.915999889373779297e-01
9.229360222816467285e-01
9.881867170333862305e-01
9.998072385787963867e-01
2.485600858926773071e-01
9.787428975105285645e-01
9.996473789215087891e-01
9.741163849830627441e-01
9.801794290542602539e-01
9.902015924453735352e-01
7.569779157638549805e-01
2.936367690563201904e-01
8.706308603286743164e-01
9.998812079429626465e-01
9.812750220298767090e-01
9.725365042686462402e-01
6.730698347091674805e-01
9.674512147903442383e-01
7.358117960393428802e-03
2.660495229065418243e-02
9.674813747406005859e-01
9.715304970741271973e-01
9.812787771224975586e-01
8.284816741943359375e-01
8.239117264747619629e-01
9.779978394508361816e-01
9.996701478958129883e-01
9.793137311935424805e-01
9.745505452156066895e-01
9.971035718917846680e-01
9.820646643638610840e-01
9.990085959434509277e-01
9.955517053604125977e-01
9.533780217170715332e-01
9.197692275047302246e-01
9.337492585182189941e-01
9.935573935508728027e-01
8.184524774551391602e-01
8.276940882205963135e-02
2.355519235134124756e-01
9.856390357017517090e-01
1.203702390193939209e-01
9.982326030731201172e-01
9.888639450073242188e-01
9.930432438850402832e-01
4.976861476898193359e-01
9.917168021202087402e-01
9.836012125015258789e-01
9.779366254806518555e-01
9.400974512100219727e-01
9.760872721672058105e-01
9.877519011497497559e-01
9.902291893959045410e-01
9.707380533218383789e-01
9.844160676002502441e-01
9.727062582969665527e-01
9.837403893470764160e-01
9.943544268608093262e-01
9.569832086563110352e-01
9.850960969924926758e-01
9.858336448669433594e-01
9.845322370529174805e-01
8.715841770172119141e-01
9.550105929374694824e-01
9.792535901069641113e-01
9.983124136924743652e-01
9.709160327911376953e-01
9.748294353485107422e-01
9.627253413200378418e-01
9.751209616661071777e-01
9.813010096549987793e-01
8.688871860504150391e-01
9.769538640975952148e-01
8.835885524749755859e-01
8.969054818153381348e-01
9.939548373222351074e-01
8.825920820236206055e-01
2.692009806632995605e-01
2.513776719570159912e-01
9.877716302871704102e-01
4.518890082836151123e-01
5.645390748977661133e-01
9.895105361938476562e-01
9.965340495109558105e-01
9.700968265533447266e-01
9.882441759109497070e-01
9.879324436187744141e-01
9.922523498535156250e-01
3.778592497110366821e-02
4.613070189952850342e-02
4.809243604540824890e-02
9.996903538703918457e-01
1.014166139066219330e-02
3.663686569780111313e-03
4.924393817782402039e-02
9.999207258224487305e-01
3.742748796939849854e-01
9.991528987884521484e-01
9.672084450721740723e-01
9.678853154182434082e-01
9.611989259719848633e-01
7.929329872131347656e-01
5.257775187492370605e-01
8.468286395072937012e-01
9.973857998847961426e-01
7.812535166740417480e-01
6.836507320404052734e-01
9.478592276573181152e-01
9.961117506027221680e-01
2.624647021293640137e-01
9.971864819526672363e-01
9.803000092506408691e-01
9.785802364349365234e-01
9.795544743537902832e-01
9.315155744552612305e-01
9.720589518547058105e-01
9.845272898674011230e-01
9.932885169982910156e-01
9.690207839012145996e-01
9.874103069305419922e-01
9.740730524063110352e-01
9.892053008079528809e-01
9.824098348617553711e-01
9.185544848442077637e-01
9.114583730697631836e-01
9.434055089950561523e-01
9.609506130218505859e-01
9.804702997207641602e-01
9.703869223594665527e-01
9.788781404495239258e-01
9.848552346229553223e-01
9.776521921157836914e-01
9.731700420379638672e-01
9.825255274772644043e-01
9.872164130210876465e-01
9.597790241241455078e-01
9.934536814689636230e-01
9.252371788024902344e-01
9.670134186744689941e-01
9.727016687393188477e-01
9.661986827850341797e-01
9.488062262535095215e-01
9.767683744430541992e-01
9.959008097648620605e-01
9.785097241401672363e-01
9.723150730133056641e-01
9.677503108978271484e-01
9.923981428146362305e-01
9.659473299980163574e-01
2.576476931571960449e-01
9.657059311866760254e-01
9.704817533493041992e-01
9.836505055427551270e-01
8.200848102569580078e-01
8.230609893798828125e-01
9.559776186943054199e-01
9.992535114288330078e-01
9.673483967781066895e-01
9.747022986412048340e-01
9.647564291954040527e-01
9.983533620834350586e-01
9.724770784378051758e-01
9.151008129119873047e-01
