2.366550187222086488e-01
3.442013721304157392e-01
1.786310425276706748e-01
2.072178842589402492e-01
2.603370745872290448e-01
2.140196211134585136e-01
1.725317738309968263e-01
1.448298137939463548e-01
2.139762677431393256e-01
1.953164861949447384e-01
1.842159210780384693e-01
2.557454211637377739e-01
1.599585381873811774e-01
3.923557492402883762e-01
1.322565517173363570e-01
1.424397673242940310e-01
2.709462530015466220e-01
3.128374479173754441e-01
2.372080157869137229e-01
3.274586093253814001e-01
2.562014098064257506e-01
3.124438976833167070e-01
2.706389362350679617e-01
3.561960891462289114e-01
2.854213078434650885e-01
3.029639259732972989e-01
3.723668909918230185e-01
4.247819049064324171e-01
4.205151600763201714e-01
3.702771345583292240e-01
3.572536454750941393e-01
2.783534544018598789e-01
3.895640715670127263e-01
3.949522341673190606e-01
3.719860399500108938e-01
3.327310268695538031e-01
4.451648971209159478e-01
1.689454792067408562e-01
2.119790921704127196e-01
3.186695518401952976e-01
2.798618394523285646e-01
2.362478184399011416e-01
1.765463105044685899e-01
2.386564957694365385e-01
2.489929154667501754e-01
2.136009014413083051e-01
3.271191311874784846e-01
3.227660160225171437e-01
2.357925868306595674e-01
3.272063543102446403e-01
2.785941762558650225e-01
2.530268577572244992e-01
3.465773767003646477e-01
2.790242429249562006e-01
3.621771461464679542e-01
2.943975782165160759e-01
2.242507217317604717e-01
3.688539621921685940e-01
3.303422449299922570e-01
3.103916866955562237e-01
2.842261498937240227e-01
1.900203579750198712e-01
3.539480312174418941e-01
3.970664710952685472e-01
3.774608173049412985e-01
3.618589565157890320e-01
3.540992284050354377e-01
2.774138245194290864e-01
2.691378565505146980e-01
2.501591120201807628e-01
3.592698757465069281e-01
3.906365687457414859e-01
4.059260074908916938e-01
3.752895784564316273e-01
3.348230782609719625e-01
3.455890318683276785e-01
3.283746652215576156e-01
2.514683058700309393e-01
3.979679813536887156e-01
2.683034534207903166e-01
2.762210690058194418e-01
3.185519914214427484e-01
3.037524274908579569e-01
3.998213009192393419e-01
3.483859158676260726e-01
2.988650644054779426e-01
3.248623368831781155e-01
3.873857076351459039e-01
4.039476296076408013e-01
3.313581378987202064e-01
2.801051665536271051e-01
3.793106067639130941e-01
3.171857389119955295e-01
2.795479622168036693e-01
3.176459523562628617e-01
4.162201669353705058e-01
3.350186468316958543e-01
4.546785457776142958e-01
3.761577364773704413e-01
3.309541947212262802e-01
2.936206196363155829e-01
