8.154354187158437961e-01
8.816322363339937906e-01
6.020110983114975722e-01
6.563745362593460531e-01
8.866349058942153416e-01
3.745596248369950643e-01
4.023875234505304710e-01
7.761154564527364963e-01
7.259949990189992208e-01
9.186424842247595812e-01
8.420032148177807318e-01
8.272652098765740369e-01
8.521994787913101943e-01
7.830875229377013413e-01
2.590219167849192039e-01
6.276611750587247629e-01
6.807893660062780405e-01
5.630843865756804956e-01
5.619353760177125956e-01
8.530720839133629774e-01
8.338143917230459445e-01
9.593595770689157254e-01
9.198797941207885742e-01
8.285123350528570407e-01
9.030219408181997531e-01
8.545221846837264268e-01
7.539175909299117295e-01
7.316000142510836746e-01
9.676668323003329020e-01
9.110815754303565051e-01
8.949259955149430068e-01
9.634194236535292832e-01
9.438207883101242812e-01
9.737469599797174968e-01
9.097728041502145535e-01
8.252208330310307760e-01
9.293803893602811117e-01
6.573325140545001055e-01
7.849946165314087843e-01
8.448434976431039578e-01
9.024809415523822320e-01
6.139665193712482427e-01
8.677346342458174266e-01
8.303748118834426428e-01
9.228095183005700086e-01
9.211951173268831949e-01
7.857850297139241658e-01
7.317256311384531253e-01
9.366284700540395969e-01
5.523885449466223729e-01
7.206279578117223972e-01
8.267936683618105631e-01
8.813166698584189440e-01
8.638204565415015246e-01
7.546873138501093425e-01
7.957023886533883816e-01
8.399832844734191895e-01
9.459386009436386855e-01
6.860335881893451226e-01
8.533752342829337145e-01
6.578679944102007182e-01
8.913469497974102485e-01
9.642729025620681016e-01
9.001195316131298529e-01
8.559309920439353014e-01
6.379096681395401980e-01
9.618728894453781875e-01
9.146457131092364801e-01
5.166250265812357689e-01
7.988593165366462134e-01
9.733963517042306668e-01
8.956841780589177571e-01
9.501379728317260742e-01
9.251215228667626356e-01
9.669040258114154351e-01
7.525762985818661432e-01
9.188156494727501844e-01
9.520321304981524957e-01
7.618213399098470173e-01
8.131167567693270426e-01
8.768766430708078152e-01
7.074863894197803704e-01
5.616554909457380784e-01
8.367342725396156311e-01
8.715449915482447185e-01
8.545777648687362671e-01
8.441993445158004761e-01
8.533716820753537435e-01
9.110235170676157512e-01
7.303015235095069446e-01
9.598419116093561687e-01
7.323894558044580227e-01
9.777199121621938938e-01
9.610309784228985297e-01
7.780703535446753527e-01
5.028097058932942121e-01
8.252110802210294027e-01
9.723460628436162434e-01
9.695539978834298855e-01
9.143995871910681750e-01
9.469964229143582601e-01
