3.881472349166870117e-02
4.016764461994171143e-01
2.181041985750198364e-01
6.217011809349060059e-02
8.725268766283988953e-03
3.700357079505920410e-01
1.077842265367507935e-01
5.667051672935485840e-01
1.050538122653961182e-01
2.602781951427459717e-01
1.299971621483564377e-02
4.110901057720184326e-01
5.130775570869445801e-01
4.395330324769020081e-03
8.051726818084716797e-01
3.640509396791458130e-02
4.014775156974792480e-01
3.502425504848361015e-03
7.062763571739196777e-01
3.110793232917785645e-01
2.769114673137664795e-01
1.247881501913070679e-01
3.002211749553680420e-01
5.235850214958190918e-01
8.239215612411499023e-01
1.568817347288131714e-01
9.701252565719187260e-04
1.354166073724627495e-03
8.048957586288452148e-01
7.612595334649085999e-03
4.617565718945115805e-05
4.021558165550231934e-01
1.632384657859802246e-01
2.514178305864334106e-02
4.705919884145259857e-03
1.725929081439971924e-01
2.089624553918838501e-01
3.435052037239074707e-01
1.870221793651580811e-01
1.675945532042533159e-05
1.939968205988407135e-05
7.699146866798400879e-01
3.140992298722267151e-02
1.296988688409328461e-02
2.307389080524444580e-01
1.325512826442718506e-01
5.381635576486587524e-02
1.259016692638397217e-01
1.593060296727344394e-04
4.032105505466461182e-01
4.013797044754028320e-01
5.317440629005432129e-01
7.019074982963502407e-04
3.012643894180655479e-03
5.103328227996826172e-01
1.186787560582160950e-01
4.190165176987648010e-02
8.360791951417922974e-03
2.142267525196075439e-01
2.635717391967773438e-01
2.096580862998962402e-01
2.942315042018890381e-01
9.748984575271606445e-01
3.407718539237976074e-01
4.040350019931793213e-01
6.294046062976121902e-03
1.689815074205398560e-01
3.469692766666412354e-01
3.063729107379913330e-01
2.751020193099975586e-01
9.468710422515869141e-02
2.216672897338867188e-02
3.435353040695190430e-01
2.188810110092163086e-01
2.143629826605319977e-02
8.078709989786148071e-02
3.023716509342193604e-01
5.946701169013977051e-01
1.602150872349739075e-02
1.381109505891799927e-01
5.699360966682434082e-01
1.855410039424896240e-01
3.107741773128509521e-01
3.405561728868633509e-04
1.997126191854476929e-01
3.804415836930274963e-02
7.745845615863800049e-02
5.444718990474939346e-03
4.128701090812683105e-01
2.933069691061973572e-02
2.593280076980590820e-01
1.984803238883614540e-04
3.286634385585784912e-02
2.353823632001876831e-01
1.244278475642204285e-01
1.156447548419237137e-02
2.067466825246810913e-02
4.926280379295349121e-01
3.556331694126129150e-01
1.772832721471786499e-01
1.901836246252059937e-01
6.084614619612693787e-02
4.456054046750068665e-02
1.365386098623275757e-01
3.792367642745375633e-03
1.104085939005017281e-03
7.877502441406250000e-01
2.686295807361602783e-01
2.176438570022583008e-01
5.992571823298931122e-03
2.517327964305877686e-01
1.432371437549591064e-01
2.738853693008422852e-01
8.535779267549514771e-02
3.159829378128051758e-01
4.234712123870849609e-01
3.111521014943718910e-03
2.245113486424088478e-03
1.546231680549681187e-03
2.146231383085250854e-01
4.816072583198547363e-01
4.394485056400299072e-02
3.290256485342979431e-02
1.364825516939163208e-01
4.925238490104675293e-01
7.698981463909149170e-02
3.096719682216644287e-01
9.410314261913299561e-02
2.407992780208587646e-01
4.116745591163635254e-01
1.759546867106109858e-04
1.304656360298395157e-02
5.998384356498718262e-01
2.920838594436645508e-01
2.372326999902725220e-01
3.469335846602916718e-03
3.515737354755401611e-01
2.549126148223876953e-01
2.522317171096801758e-01
1.480059921741485596e-01
1.371805183589458466e-02
2.230883240699768066e-01
5.429689306765794754e-03
9.149744175374507904e-03
5.635106936097145081e-03
7.602194547653198242e-01
7.754149287939071655e-02
2.066397368907928467e-01
1.730403862893581390e-02
5.941222906112670898e-01
4.233593344688415527e-01
3.846946358680725098e-01
3.791747987270355225e-02
3.892745822668075562e-02
3.663788139820098877e-01
4.028008878231048584e-01
1.190879265777766705e-03
1.123756519518792629e-03
1.469551324844360352e-01
1.661939620971679688e-01
2.143601179122924805e-01
1.430387049913406372e-02
4.699841886758804321e-02
1.649870909750461578e-02
1.142624169588088989e-01
7.050818204879760742e-01
2.051307410001754761e-01
2.119347900152206421e-01
2.354263812303543091e-01
6.872313618659973145e-01
4.021201133728027344e-01
7.325924932956695557e-02
2.522450089454650879e-01
1.207562088966369629e-01
5.647527575492858887e-01
7.015097141265869141e-01
7.004177570343017578e-01
3.896167278289794922e-01
3.054062426090240479e-01
2.493822425603866577e-01
3.910181224346160889e-01
2.629092335700988770e-01
5.262234807014465332e-01
9.719691239297389984e-03
3.556871414184570312e-01
5.039474368095397949e-02
4.297219216823577881e-03
6.980602443218231201e-02
8.948624134063720703e-03
5.414370819926261902e-02
2.747495286166667938e-02
4.345019534230232239e-02
1.653257906436920166e-01
1.273228880017995834e-02
3.911313116550445557e-01
5.452110171318054199e-01
1.289813080802559853e-03
4.713708460330963135e-01
2.486997516825795174e-03
6.149601191282272339e-03
1.981787830591201782e-01
3.296119160950183868e-03
3.752070665359497070e-02
3.392090648412704468e-02
1.896871719509363174e-03
3.390941303223371506e-03
2.637131810188293457e-01
2.832911908626556396e-01
6.159477233886718750e-01
1.431155949831008911e-03
1.405211351811885834e-02
7.869809865951538086e-01
2.234303159639239311e-03
2.902522683143615723e-01
3.254794478416442871e-01
2.118608802556991577e-01
1.116289794445037842e-01
1.903067976236343384e-01
3.814060091972351074e-01
3.864679336547851562e-01
2.042526900768280029e-01
6.775096654891967773e-01
3.992739319801330566e-02
3.713327050209045410e-01
4.423378705978393555e-01
9.989110380411148071e-02
1.876586675643920898e-01
2.420394569635391235e-01
4.382431805133819580e-01
4.438564181327819824e-01
2.820360707119107246e-03
3.853954672813415527e-01
2.003099918365478516e-01
5.355645418167114258e-01
4.774309992790222168e-01
7.918707281351089478e-02
4.542433917522430420e-01
6.452209949493408203e-01
2.351478487253189087e-01
1.999910362064838409e-02
5.386386513710021973e-01
5.509935691952705383e-02
3.885070234537124634e-02
1.103475242853164673e-01
1.100306361913681030e-01
2.917590439319610596e-01
2.774887904524803162e-02
7.359563708305358887e-01
1.871799491345882416e-02
6.131609678268432617e-01
7.034718394279479980e-01
1.365631222724914551e-01
6.283103674650192261e-02
3.783344030380249023e-01
3.775110542774200439e-01
1.118463724851608276e-01
3.916746675968170166e-01
6.413286924362182617e-01
2.229545637965202332e-02
6.326994299888610840e-02
3.956202864646911621e-01
6.737869232892990112e-03
1.118510402739048004e-02
5.483052730560302734e-01
2.421223074197769165e-01
1.929626166820526123e-01
2.118552029132843018e-01
5.263074040412902832e-01
2.198375761508941650e-01
2.461609244346618652e-01
1.895135492086410522e-01
3.390750885009765625e-01
2.009351253509521484e-01
6.244451403617858887e-01
2.595472848042845726e-03
5.698149800300598145e-01
7.262898087501525879e-01
1.713027358055114746e-01
3.770406544208526611e-02
1.626528352499008179e-01
5.897060632705688477e-01
3.040262758731842041e-01
1.260528564453125000e-01
2.845695987343788147e-02
4.751690626144409180e-01
2.435544133186340332e-01
4.072839021682739258e-01
2.534826286137104034e-02
6.086158752441406250e-01
3.120396137237548828e-01
2.255684286355972290e-01
2.887202240526676178e-02
1.786189526319503784e-01
3.871896266937255859e-01
2.875593602657318115e-01
5.095282793045043945e-01
3.790823221206665039e-01
1.638445109128952026e-01
4.755014088004827499e-03
4.963781535625457764e-01
8.840739727020263672e-03
9.873195886611938477e-01
2.217720597982406616e-01
5.071485042572021484e-01
2.280021831393241882e-02
2.009635865688323975e-01
8.791632652282714844e-01
3.829607069492340088e-01
1.259308010339736938e-01
1.990680247545242310e-01
3.916494250297546387e-01
2.065540850162506104e-01
5.701666474342346191e-01
2.525985240936279297e-03
2.065135166049003601e-02
3.841612339019775391e-01
6.428435444831848145e-02
1.294303387403488159e-01
5.680533647537231445e-01
5.023431181907653809e-01
2.576747834682464600e-01
2.869211733341217041e-01
3.682575747370719910e-02
3.505052328109741211e-01
5.369336605072021484e-01
8.002887964248657227e-01
4.374200999736785889e-01
3.047923743724822998e-02
4.329758882522583008e-01
2.233918905258178711e-01
2.193819964304566383e-03
2.030705213546752930e-01
4.138825535774230957e-01
1.697475314140319824e-01
2.374244332313537598e-01
9.905096888542175293e-02
4.129854440689086914e-01
4.756198525428771973e-01
4.366853088140487671e-02
8.392946720123291016e-01
4.051087796688079834e-01
5.937303304672241211e-01
1.712907850742340088e-01
3.925130069255828857e-01
2.437290400266647339e-01
3.003618717193603516e-01
1.087175458669662476e-01
5.538017954677343369e-03
7.633780241012573242e-01
7.002453207969665527e-01
2.731936573982238770e-01
7.134587764739990234e-01
7.752869725227355957e-01
6.029021143913269043e-01
5.946524143218994141e-01
1.351737137883901596e-02
6.076784729957580566e-01
4.304889738559722900e-01
4.673562347888946533e-01
6.601811945438385010e-02
1.435996364307356998e-05
4.117791056632995605e-01
4.376456141471862793e-01
4.013662338256835938e-01
7.846173048019409180e-01
7.115688323974609375e-01
3.997772037982940674e-01
5.446779727935791016e-01
4.212824702262878418e-01
1.921514719724655151e-01
4.492635726928710938e-01
4.805142879486083984e-01
4.270622134208679199e-01
2.658356912434101105e-03
6.356394886970520020e-01
3.908790946006774902e-01
2.660481072962284088e-02
7.652117013931274414e-01
2.004045397043228149e-01
4.677071571350097656e-01
7.702792882919311523e-01
2.581809163093566895e-01
2.789348736405372620e-02
1.262391805648803711e-01
8.028395175933837891e-01
2.090477347373962402e-01
8.315914869308471680e-02
1.295729726552963257e-01
7.147655487060546875e-01
2.583015561103820801e-01
5.974587202072143555e-01
3.057195544242858887e-01
9.023253619670867920e-02
7.626208066940307617e-01
2.412653863430023193e-01
2.780977189540863037e-01
1.984798163175582886e-01
3.559913635253906250e-01
2.935793399810791016e-01
2.652035951614379883e-01
5.874435305595397949e-01
2.322361171245574951e-01
4.359689056873321533e-01
6.538124084472656250e-01
4.798632860183715820e-01
1.205746084451675415e-01
5.397306680679321289e-01
2.569563984870910645e-01
3.761463612318038940e-02
2.349147200584411621e-01
4.343502223491668701e-01
9.814415127038955688e-02
2.364271134138107300e-02
2.190618366003036499e-01
2.583638727664947510e-01
2.615653872489929199e-01
2.007131427526473999e-01
7.483176589012145996e-01
6.291242241859436035e-01
2.816066145896911621e-01
3.282617926597595215e-01
2.240290306508541107e-02
3.843918442726135254e-01
4.454080462455749512e-01
6.083776950836181641e-01
1.994983106851577759e-01
3.890997469425201416e-01
7.224432229995727539e-01
1.046877279877662659e-01
5.371644496917724609e-01
2.834268510341644287e-01
5.850421786308288574e-01
3.847104012966156006e-01
4.418379366397857666e-01
1.162001043558120728e-01
3.620114028453826904e-01
6.096184253692626953e-01
4.527990818023681641e-01
2.489486336708068848e-01
2.374879717826843262e-01
3.606573939323425293e-01
5.144742131233215332e-01
3.776965141296386719e-01
8.470146656036376953e-01
3.427306115627288818e-01
1.917324513196945190e-01
2.890183031558990479e-01
2.309979498386383057e-02
1.906909197568893433e-01
5.426176786422729492e-01
4.420392215251922607e-01
7.262353301048278809e-01
5.119239445775747299e-03
2.757217288017272949e-01
5.821020603179931641e-01
2.984691262245178223e-01
2.666446566581726074e-01
5.239432454109191895e-01
3.868578672409057617e-01
4.203614294528961182e-01
2.092186957597732544e-01
4.330524206161499023e-01
5.127992630004882812e-01
2.109432965517044067e-01
2.716198265552520752e-01
7.891304790973663330e-02
5.969268083572387695e-01
1.157536655664443970e-01
6.963405609130859375e-01
7.218136787414550781e-01
8.188492655754089355e-01
4.620712995529174805e-01
5.525056123733520508e-01
2.953571081161499023e-01
1.893544644117355347e-01
4.278501272201538086e-01
4.546746015548706055e-01
2.499413490295410156e-01
1.949735879898071289e-01
3.090756833553314209e-01
4.143363237380981445e-01
5.372582674026489258e-01
3.589335829019546509e-02
1.024909224361181259e-02
1.420011371374130249e-01
5.561969280242919922e-01
5.034079309552907944e-03
2.898069284856319427e-02
1.996991038322448730e-02
1.409735977649688721e-01
6.862912792712450027e-03
1.309149265289306641e-01
2.411424517631530762e-01
3.408138751983642578e-01
6.052953004837036133e-01
7.695637941360473633e-01
2.015545219182968140e-01
1.297378838062286377e-01
7.265897467732429504e-03
1.668253690004348755e-01
2.097356468439102173e-01
3.587344661355018616e-02
3.304284811019897461e-02
2.600971609354019165e-02
8.708447962999343872e-02
3.659227490425109863e-01
1.178165450692176819e-01
8.027246594429016113e-01
4.877838492393493652e-01
3.870497643947601318e-01
5.388075113296508789e-01
2.167708575725555420e-01
5.113105103373527527e-02
1.185778528451919556e-01
4.018618464469909668e-01
4.221327304840087891e-01
1.532997488975524902e-01
2.369895949959754944e-02
3.243109881877899170e-01
2.145543545484542847e-01
4.758734107017517090e-01
3.993935585021972656e-01
1.515589207410812378e-01
1.702568829059600830e-01
6.021751165390014648e-01
4.492423683404922485e-02
4.589678943157196045e-01
1.026924997568130493e-01
5.331220626831054688e-01
5.447679664939641953e-03
7.174708694219589233e-02
3.443735241889953613e-01
2.776710391044616699e-01
5.985591411590576172e-01
3.432534337043762207e-01
2.017121911048889160e-01
6.780968606472015381e-02
3.672268986701965332e-01
1.977888792753219604e-01
2.015879363170824945e-05
2.087209671735763550e-01
4.256512820720672607e-01
4.067116230726242065e-02
2.429505735635757446e-01
1.946980655193328857e-01
1.821592003107070923e-01
4.101659953594207764e-01
4.558720439672470093e-02
2.482025623321533203e-01
1.922425627708435059e-01
2.013266533613204956e-01
3.977417945861816406e-01
4.199255257844924927e-02
1.172841154038906097e-02
2.559145912528038025e-03
1.240026485174894333e-02
1.969182193279266357e-01
8.935004472732543945e-02
4.448866248130798340e-01
6.053793430328369141e-01
7.576739788055419922e-01
1.117452383041381836e-01
2.049169987440109253e-01
3.079538047313690186e-02
1.776011586189270020e-01
5.753511190414428711e-02
3.260989487171173096e-01
3.948974609375000000e-01
3.857967257499694824e-02
1.753072626888751984e-02
1.700928211212158203e-01
2.096876055002212524e-01
6.277302503585815430e-01
2.007058588787913322e-03
3.675660700537264347e-04
2.286669015884399414e-01
3.597186505794525146e-02
3.425287827849388123e-02
1.465784758329391479e-01
2.077232599258422852e-01
2.173268347978591919e-01
7.873214483261108398e-01
1.712265759706497192e-01
4.516184628009796143e-01
3.261163234710693359e-01
4.520460963249206543e-01
1.996579915285110474e-01
1.579341915203258395e-04
2.402293533086776733e-01
4.158725589513778687e-02
4.424247741699218750e-01
3.234909381717443466e-03
2.803266048431396484e-01
1.193772703409194946e-01
2.836000025272369385e-01
4.127038118895143270e-05
2.918508052825927734e-01
4.222774505615234375e-01
5.939374566078186035e-01
7.937376499176025391e-01
1.857338100671768188e-01
3.897943794727325439e-01
3.906831443309783936e-01
1.291026943363249302e-03
3.310758173465728760e-01
6.580911576747894287e-02
2.214227765798568726e-01
3.890383243560791016e-01
2.051071971654891968e-01
1.917751692235469818e-02
6.657404899597167969e-01
8.078995347023010254e-01
4.884042143821716309e-01
2.017620205879211426e-01
2.521104216575622559e-01
5.025684833526611328e-01
3.323441147804260254e-01
1.121145933866500854e-01
3.550562560558319092e-01
4.460781216621398926e-01
2.652756571769714355e-01
1.095219328999519348e-02
3.394249975681304932e-01
8.196759968996047974e-02
2.784025073051452637e-01
2.856574058532714844e-01
2.673085927963256836e-01
7.013232260942459106e-02
8.267363160848617554e-02
4.286569952964782715e-01
5.328885465860366821e-02
2.793900072574615479e-01
5.948991775512695312e-01
6.194931920617818832e-03
4.923199117183685303e-02
4.410452842712402344e-01
2.284219264984130859e-01
2.072679102420806885e-01
5.776530504226684570e-01
3.950849771499633789e-01
4.099868237972259521e-02
2.187421023845672607e-01
3.000429272651672363e-01
1.999026387929916382e-01
4.972514510154724121e-01
2.838435471057891846e-01
2.106290230585727841e-05
1.945104897022247314e-01
7.844157218933105469e-01
5.539480447769165039e-01
3.976354002952575684e-01
8.004310131072998047e-01
2.401494421064853668e-02
7.826671004295349121e-01
1.606105118989944458e-01
2.510521411895751953e-01
1.077907904982566833e-01
3.961069451179355383e-04
3.026109933853149414e-01
1.303167343139648438e-01
1.192563697695732117e-01
1.325770169496536255e-01
4.123651683330535889e-01
7.844487428665161133e-01
1.117761153727769852e-02
1.135487109422683716e-01
3.978925645351409912e-01
1.465112157166004181e-02
2.210946083068847656e-01
3.503950238227844238e-01
2.518102526664733887e-02
1.618119888007640839e-02
1.943616122007369995e-01
3.693925738334655762e-01
5.196508765220642090e-01
2.713734805583953857e-01
3.332399129867553711e-01
4.444341063499450684e-01
3.962609767913818359e-01
7.760556936264038086e-01
3.768696784973144531e-01
3.826225399971008301e-01
3.942741751670837402e-01
3.593373894691467285e-01
1.928931921720504761e-01
1.095213368535041809e-01
2.091140151023864746e-01
8.968882262706756592e-02
4.411940574645996094e-01
4.179278910160064697e-01
2.047379314899444580e-01
1.808325797319412231e-01
4.004245102405548096e-01
2.121466845273971558e-01
2.038301080465316772e-01
4.359155595302581787e-01
2.344192117452621460e-01
5.139693021774291992e-01
1.029001548886299133e-03
1.977012008428573608e-01
5.349972844123840332e-01
8.938389271497726440e-02
7.018194198608398438e-01
5.963625311851501465e-01
3.744422574527561665e-04
3.402696549892425537e-01
5.423962473869323730e-01
4.049485623836517334e-01
1.044192700646817684e-03
3.678299486637115479e-01
1.752359867095947266e-01
1.851524114608764648e-01
3.532928526401519775e-01
6.162886619567871094e-01
4.232879877090454102e-01
3.430257737636566162e-01
2.187195122241973877e-01
5.478974431753158569e-03
7.929250001907348633e-01
1.891688406467437744e-01
1.976169794797897339e-01
4.831123650074005127e-01
2.023425549268722534e-01
4.138894006609916687e-02
3.439519703388214111e-01
3.878417909145355225e-01
1.685921996831893921e-01
4.530036151409149170e-01
4.762932956218719482e-01
3.124798536300659180e-01
1.203322899527847767e-04
3.971310555934906006e-01
2.673639655113220215e-01
4.016437828540802002e-01
5.982101894915103912e-03
2.380894571542739868e-01
9.031984210014343262e-02
8.383766561746597290e-02
4.070017039775848389e-01
1.736046969890594482e-01
6.139162927865982056e-02
2.067244350910186768e-01
3.974623978137969971e-01
4.264617860317230225e-01
5.668767690658569336e-01
3.467890322208404541e-01
4.413383901119232178e-01
6.047621965408325195e-01
1.974149644374847412e-01
4.533560872077941895e-01
1.263470649719238281e-01
1.975321024656295776e-01
4.071246981620788574e-01
4.229115843772888184e-01
2.035833001136779785e-01
2.137456387281417847e-01
2.141877561807632446e-01
2.139519751071929932e-01
1.967221796512603760e-01
3.811024427413940430e-01
6.042271852493286133e-01
6.589800715446472168e-01
5.850342288613319397e-02
1.364417970180511475e-01
7.614349722862243652e-01
2.716988027095794678e-01
3.798696398735046387e-01
9.914203882217407227e-01
3.843913376331329346e-01
1.655117236077785492e-02
3.644556701183319092e-01
5.098909884691238403e-02
2.006749063730239868e-01
4.435508251190185547e-01
3.815399408340454102e-01
9.578193724155426025e-02
6.202233489602804184e-04
2.893231511116027832e-01
3.771817684173583984e-01
4.386115074157714844e-01
3.818087577819824219e-01
3.490433692932128906e-01
2.109199315309524536e-01
4.629084169864654541e-01
7.488629817962646484e-01
3.498331904411315918e-01
9.191282093524932861e-02
2.027908116579055786e-01
1.974213272333145142e-01
3.046331107616424561e-01
2.104471921920776367e-01
1.136348471045494080e-01
7.072319090366363525e-02
2.176186144351959229e-01
3.253775089979171753e-02
2.062621712684631348e-01
2.113907635211944580e-01
1.901171915233135223e-02
9.272643178701400757e-02
4.007047712802886963e-01
4.215433299541473389e-01
2.379544079303741455e-02
1.068506389856338501e-01
7.788416929543018341e-03
6.146808266639709473e-01
1.153537780046463013e-01
7.502099275588989258e-01
5.587044954299926758e-01
2.157802955480292439e-04
7.256927490234375000e-01
4.538533985614776611e-01
1.994196623563766479e-01
7.732798159122467041e-02
4.170721471309661865e-01
2.555197477340698242e-01
5.185912847518920898e-01
2.081827074289321899e-01
2.005861103534698486e-01
2.359484136104583740e-01
8.689321279525756836e-01
4.467641413211822510e-01
4.057099223136901855e-01
6.906538605690002441e-01
5.353893637657165527e-01
3.452665358781814575e-02
2.019595503807067871e-01
5.734615921974182129e-01
2.571856677532196045e-01
4.387303888797760010e-01
6.309519708156585693e-02
3.347953557968139648e-01
3.106603026390075684e-01
7.565142512321472168e-01
4.458900988101959229e-01
1.988215297460556030e-01
4.009686410427093506e-01
1.588936597108840942e-01
2.018555253744125366e-02
2.123938053846359253e-01
2.756561040878295898e-01
3.981834053993225098e-01
3.628326058387756348e-01
4.670324623584747314e-01
4.236828088760375977e-01
7.859356999397277832e-01
5.886854529380798340e-01
3.847883641719818115e-01
2.787219732999801636e-02
4.422183632850646973e-01
4.783768951892852783e-01
5.073307752609252930e-01
2.071110308170318604e-01
3.040247559547424316e-01
4.322631955146789551e-01
4.282979071140289307e-01
1.184304952621459961e-01
5.799933671951293945e-01
2.047736346721649170e-01
7.294609546661376953e-01
3.981335461139678955e-01
2.812926173210144043e-01
2.429980039596557617e-01
3.841690421104431152e-01
4.123198986053466797e-01
1.952453553676605225e-01
4.166731238365173340e-01
7.471647113561630249e-02
2.552202641963958740e-01
1.855960935354232788e-01
5.829787850379943848e-01
4.444858133792877197e-01
8.054820299148559570e-01
3.763001877814531326e-04
2.037164419889450073e-01
5.596947669982910156e-01
3.281665444374084473e-01
3.693376481533050537e-01
9.191243350505828857e-02
3.507491350173950195e-01
6.200785562396049500e-02
4.668535292148590088e-02
1.699509099125862122e-02
4.021390676498413086e-01
3.691170513629913330e-01
1.934118568897247314e-01
2.095258682966232300e-01
5.840911529958248138e-03
1.397299170494079590e-01
5.342149734497070312e-01
4.381673336029052734e-01
2.783426083624362946e-02
4.300834834575653076e-01
3.099027276039123535e-01
1.929153949022293091e-01
2.265844792127609253e-01
3.631601631641387939e-01
4.274207651615142822e-01
6.364945769309997559e-01
3.606384098529815674e-01
2.035307884216308594e-01
1.519408375024795532e-01
1.922016590833663940e-01
1.636864393949508667e-01
3.460152149200439453e-01
4.194827377796173096e-01
1.367724314332008362e-02
4.086415842175483704e-02
2.665893435478210449e-01
4.082183837890625000e-01
4.872866347432136536e-02
5.548158884048461914e-01
2.460620105266571045e-01
1.965465694665908813e-01
5.016651153564453125e-01
5.021867156028747559e-01
4.305494129657745361e-01
1.386452913284301758e-01
4.294600784778594971e-01
2.372469305992126465e-01
1.093179136514663696e-01
2.955893576145172119e-01
5.994149446487426758e-01
4.290081560611724854e-01
6.013425588607788086e-01
5.967387557029724121e-01
2.093920856714248657e-01
3.287664055824279785e-01
3.307066559791564941e-01
6.503064036369323730e-01
1.469574868679046631e-01
5.245885848999023438e-01
3.715337812900543213e-01
4.907025024294853210e-02
1.979307681322097778e-01
3.909464776515960693e-01
6.799951791763305664e-01
3.937580883502960205e-01
3.937212526798248291e-01
1.742634326219558716e-01
4.146651327610015869e-01
5.220010280609130859e-01
5.774579048156738281e-01
2.776680886745452881e-01
4.678908586502075195e-01
6.030351519584655762e-01
3.558721840381622314e-01
2.801910638809204102e-01
2.192627936601638794e-01
5.972511172294616699e-01
7.314645051956176758e-01
5.078144073486328125e-01
3.184611443430185318e-03
7.430305480957031250e-01
2.212141156196594238e-01
5.109311342239379883e-01
1.497896909713745117e-01
8.016537427902221680e-01
4.390804767608642578e-01
1.318607628345489502e-01
3.331987559795379639e-02
4.060944914817810059e-01
1.993261575698852539e-01
8.474348485469818115e-02
4.944043755531311035e-01
7.112366706132888794e-02
5.440106391906738281e-01
5.426758527755737305e-02
1.981468200683593750e-01
2.547952234745025635e-01
9.135522842407226562e-01
4.457364976406097412e-01
2.187097072601318359e-01
3.025273084640502930e-01
3.910640180110931396e-01
3.796184062957763672e-01
3.169645667076110840e-01
4.779808688908815384e-03
2.172461450099945068e-01
5.914107561111450195e-01
2.195412814617156982e-01
7.402591705322265625e-01
4.624602794647216797e-01
3.159192502498626709e-01
1.804893761873245239e-01
6.021249108016490936e-03
1.352305640466511250e-03
4.723629057407379150e-01
9.638503193855285645e-01
7.752373814582824707e-01
5.032749772071838379e-01
1.885913196019828320e-03
4.438264667987823486e-01
5.527499914169311523e-01
2.030102610588073730e-01
4.362529516220092773e-01
4.185183942317962646e-01
2.340243160724639893e-01
4.183598980307579041e-02
9.593158215284347534e-02
1.877660304307937622e-01
3.745563924312591553e-01
3.118153214454650879e-01
1.036870405077934265e-01
5.213754717260599136e-03
6.126645803451538086e-01
2.355685383081436157e-01
1.972653567790985107e-01
4.829902574419975281e-02
2.293066531419754028e-01
1.814956963062286377e-01
2.733925580978393555e-01
2.452219873666763306e-01
4.041432738304138184e-01
4.210141897201538086e-01
5.958117246627807617e-01
5.386936068534851074e-01
4.025657195597887039e-03
3.894264996051788330e-01
4.273060262203216553e-01
2.411080002784729004e-01
4.672498404979705811e-01
1.769206523895263672e-01
5.387939214706420898e-01
5.717402696609497070e-01
6.628283113241195679e-02
5.140792727470397949e-01
6.421454548835754395e-01
3.925266563892364502e-01
4.938042163848876953e-01
2.783237770199775696e-02
3.426196277141571045e-01
2.423443794250488281e-01
2.999834343791007996e-02
2.637744545936584473e-01
3.859317600727081299e-01
6.062421202659606934e-01
2.031691372394561768e-01
1.172844413667917252e-02
2.070324867963790894e-01
2.809408903121948242e-01
2.516534328460693359e-01
1.559052020311355591e-01
1.956548243761062622e-01
4.875975251197814941e-01
1.912174373865127563e-01
2.281143516302108765e-01
2.093296200037002563e-01
3.023176193237304688e-01
5.540770292282104492e-01
1.859286874532699585e-01
3.297682702541351318e-01
1.913000047206878662e-01
3.080098927021026611e-01
4.285647869110107422e-01
9.346319437026977539e-01
1.970266699790954590e-01
1.718195676803588867e-01
4.019811153411865234e-01
1.664734333753585815e-01
2.185477465391159058e-01
2.930860817432403564e-01
4.060606956481933594e-01
2.077690958976745605e-01
1.531974375247955322e-01
7.436882704496383667e-02
4.876484870910644531e-01
4.190530776977539062e-01
2.301924079656600952e-01
3.405138850212097168e-01
9.916544556617736816e-01
3.659958764910697937e-02
5.063125491142272949e-02
4.102734923362731934e-01
4.592235013842582703e-02
4.099608063697814941e-01
1.969819217920303345e-01
2.291113287210464478e-01
4.321810901165008545e-01
1.557058990001678467e-01
9.923465251922607422e-01
3.727024197578430176e-01
2.027266770601272583e-01
5.995604991912841797e-01
2.637170255184173584e-01
5.318737626075744629e-01
2.109215110540390015e-01
5.903400182723999023e-01
4.302440285682678223e-01
4.179301261901855469e-01
2.090315818786621094e-01
2.121459245681762695e-01
1.641368120908737183e-01
4.022566378116607666e-01
5.327969789505004883e-01
2.948946356773376465e-01
3.762474954128265381e-01
5.503147840499877930e-01
7.347806692123413086e-01
2.001485973596572876e-01
2.134996354579925537e-01
3.706389963626861572e-01
3.864181637763977051e-01
2.523454604670405388e-04
6.463855504989624023e-02
4.021294116973876953e-01
4.030765891075134277e-01
4.764170199632644653e-02
1.439416706562042236e-01
6.093339920043945312e-01
1.462493985891342163e-01
4.865729212760925293e-01
2.384225875139236450e-01
1.329916119575500488e-01
3.120299577713012695e-01
5.997526645660400391e-01
3.919135332107543945e-01
2.478678375482559204e-01
1.254513710737228394e-01
5.259301066398620605e-01
5.908837318420410156e-01
1.491136252880096436e-01
5.514956116676330566e-01
4.085595905780792236e-01
2.253535687923431396e-01
1.084461659193038940e-01
4.282475113868713379e-01
1.545703560113906860e-01
4.384876787662506104e-01
3.078608512878417969e-01
7.615004479885101318e-02
2.581115365028381348e-01
4.539833962917327881e-01
1.774545758962631226e-01
2.353486269712448120e-01
6.457707881927490234e-01
2.226426005363464355e-01
3.685582280158996582e-01
6.199313402175903320e-01
6.610925793647766113e-01
7.921594381332397461e-01
1.743630766868591309e-01
2.079826742410659790e-01
4.175894260406494141e-01
5.913744866847991943e-02
5.399723649024963379e-01
3.012197613716125488e-01
1.903141140937805176e-01
2.457119822502136230e-01
4.364721775054931641e-01
5.763099193572998047e-01
6.167452335357666016e-01
6.064638495445251465e-01
4.105118513107299805e-01
3.919191062450408936e-01
9.551219642162322998e-02
4.005981683731079102e-01
4.395684599876403809e-01
6.007211208343505859e-01
2.983090281486511230e-01
4.246063157916069031e-02
4.015399813652038574e-01
3.572534918785095215e-01
5.840376615524291992e-01
2.000276595354080200e-01
5.347607731819152832e-01
3.867908418178558350e-01
2.033131271600723267e-01
4.023799300193786621e-01
1.303003430366516113e-01
1.657612025737762451e-01
4.445977509021759033e-01
3.828369975090026855e-01
8.131086081266403198e-02
6.241652369499206543e-01
3.858072757720947266e-01
3.680758476257324219e-01
3.971188962459564209e-01
2.052150815725326538e-01
3.927718997001647949e-01
2.823973298072814941e-01
2.385844709351658821e-05
4.986803978681564331e-02
2.717809006571769714e-02
4.037014245986938477e-01
1.050943657755851746e-01
3.394208103418350220e-02
2.136089652776718140e-01
1.823784410953521729e-01
4.979639947414398193e-01
5.942546725273132324e-01
2.109047174453735352e-01
7.849505543708801270e-01
3.184752464294433594e-01
3.644783198833465576e-01
6.155112385749816895e-01
6.057738661766052246e-01
4.030679464340209961e-01
3.403072655200958252e-01
5.995094776153564453e-03
1.113759726285934448e-01
4.460890591144561768e-01
4.112511873245239258e-01
2.610233128070831299e-01
8.315168321132659912e-02
6.218358278274536133e-01
3.469211459159851074e-01
3.217372596263885498e-01
5.661700963973999023e-01
2.044887542724609375e-01
7.837167978286743164e-01
1.298512965440750122e-01
6.145332008600234985e-02
4.135353565216064453e-01
3.794430494308471680e-01
3.258095383644104004e-01
8.045640774071216583e-03
2.496591806411743164e-01
4.025767743587493896e-01
3.350545465946197510e-01
1.990281343460083008e-01
2.436641603708267212e-01
1.022857129573822021e-01
6.135369539260864258e-01
5.560424923896789551e-01
2.265818882733583450e-03
3.327474594116210938e-01
2.607682645320892334e-01
5.186248421669006348e-01
1.815717071294784546e-01
8.710874244570732117e-03
5.009311437606811523e-01
5.026080608367919922e-01
9.146151132881641388e-03
2.393777817487716675e-01
4.030658304691314697e-01
7.590323686599731445e-01
1.242084279656410217e-01
1.995938867330551147e-01
5.601763725280761719e-01
3.399760723114013672e-01
4.540983438491821289e-01
4.025093913078308105e-01
3.112738728523254395e-01
5.567083954811096191e-01
2.656177282333374023e-01
6.248984932899475098e-01
3.917542695999145508e-01
4.210145473480224609e-01
9.806573390960693359e-01
2.766305208206176758e-01
4.003426432609558105e-01
5.300109982490539551e-01
4.044923186302185059e-02
5.801470875740051270e-01
6.597878038883209229e-02
1.857827603816986084e-02
2.444065809249877930e-01
2.443678379058837891e-01
4.346975684165954590e-01
5.844501405954360962e-02
4.805305302143096924e-01
7.547692060470581055e-01
2.019250690937042236e-01
3.888270258903503418e-01
5.561571121215820312e-01
4.548409283161163330e-01
7.370559573173522949e-01
1.119215488433837891e-01
3.057284653186798096e-01
5.301826000213623047e-01
3.594621717929840088e-01
5.887402892112731934e-01
1.366382390260696411e-01
7.845724821090698242e-01
5.875527858734130859e-01
5.350319743156433105e-01
1.934403926134109497e-01
2.238841652870178223e-01
2.825581133365631104e-01
2.079987823963165283e-01
5.739120393991470337e-02
5.920821428298950195e-01
3.881992399692535400e-01
4.106948375701904297e-01
8.125544786453247070e-01
1.057293172925710678e-02
5.880895256996154785e-01
4.496750235557556152e-01
5.862200260162353516e-01
1.561261564493179321e-01
3.886149227619171143e-01
3.962479531764984131e-01
3.504556417465209961e-02
4.714207947254180908e-01
6.023033261299133301e-01
3.021996021270751953e-01
6.028715968132019043e-01
1.651823706924915314e-02
3.030067819054238498e-05
2.951310276985168457e-01
3.427708148956298828e-02
4.659388065338134766e-01
1.427213400602340698e-01
4.032469391822814941e-01
7.843461632728576660e-02
3.574902415275573730e-01
4.061666727066040039e-01
6.451008915901184082e-01
2.143337875604629517e-01
1.941332221031188965e-01
3.502632081508636475e-01
3.287698030471801758e-01
1.961914449930191040e-01
