9.777289628982543945e-01
9.747765064239501953e-01
9.789789319038391113e-01
9.001520276069641113e-01
9.733276963233947754e-01
9.743431806564331055e-01
9.947180151939392090e-01
9.811841249465942383e-01
9.762979745864868164e-01
9.723187088966369629e-01
9.799118638038635254e-01
9.587126970291137695e-01
9.801030755043029785e-01
9.737884998321533203e-01
9.999400377273559570e-01
7.463066577911376953e-01
8.950030207633972168e-01
9.994475841522216797e-01
8.909766674041748047e-01
9.602127075195312500e-01
9.492288231849670410e-01
9.843899607658386230e-01
9.808647036552429199e-01
9.837106466293334961e-01
9.761101007461547852e-01
9.672783017158508301e-01
9.678470492362976074e-01
9.560917615890502930e-01
9.934946894645690918e-01
8.340733647346496582e-01
9.043412208557128906e-01
9.904448390007019043e-01
9.469267129898071289e-01
9.522965550422668457e-01
9.646600484848022461e-01
9.773873090744018555e-01
9.783967733383178711e-01
9.752500653266906738e-01
9.820387959480285645e-01
9.583484530448913574e-01
9.711880683898925781e-01
9.598217010498046875e-01
9.976868629455566406e-01
8.555698990821838379e-01
9.230898022651672363e-01
9.807897210121154785e-01
9.748967885971069336e-01
9.958044290542602539e-01
9.629386067390441895e-01
9.812174439430236816e-01
9.790278673171997070e-01
9.748211503028869629e-01
9.739295244216918945e-01
9.597462415695190430e-01
9.760834574699401855e-01
9.634943604469299316e-01
9.998769760131835938e-01
9.998404979705810547e-01
9.933362603187561035e-01
9.923241138458251953e-01
8.727267384529113770e-01
9.148716926574707031e-01
9.958226084709167480e-01
8.373996019363403320e-01
9.703336358070373535e-01
9.817746281623840332e-01
9.678305983543395996e-01
9.978805184364318848e-01
9.669821262359619141e-01
9.632000923156738281e-01
9.817222356796264648e-01
9.514458775520324707e-01
9.672775268554687500e-01
9.802463650703430176e-01
9.919183850288391113e-01
9.098891615867614746e-01
9.628563523292541504e-01
9.855913519859313965e-01
9.364629983901977539e-01
9.445153474807739258e-01
9.640823602676391602e-01
9.835804104804992676e-01
9.828555583953857422e-01
9.642096161842346191e-01
9.836206436157226562e-01
9.011490345001220703e-01
9.378900527954101562e-01
9.790035486221313477e-01
9.916602373123168945e-01
9.705362915992736816e-01
9.671540856361389160e-01
9.804815053939819336e-01
9.866147637367248535e-01
9.536206722259521484e-01
9.735311269760131836e-01
9.702811837196350098e-01
9.811336398124694824e-01
9.776514768600463867e-01
9.890531897544860840e-01
9.746837019920349121e-01
9.732829928398132324e-01
9.714370369911193848e-01
9.178770184516906738e-01
9.803933501243591309e-01
9.845157265663146973e-01
9.776757359504699707e-01
9.768795967102050781e-01
9.913129806518554688e-01
9.472008347511291504e-01
8.986998200416564941e-01
9.488850235939025879e-01
9.726309776306152344e-01
9.901277422904968262e-01
9.911252856254577637e-01
9.878742098808288574e-01
9.896186590194702148e-01
8.845907449722290039e-01
9.408380389213562012e-01
9.849632382392883301e-01
9.880441427230834961e-01
9.741064906120300293e-01
9.724208712577819824e-01
9.878687858581542969e-01
9.717596173286437988e-01
9.760265350341796875e-01
9.848294854164123535e-01
9.996999502182006836e-01
9.939422607421875000e-01
9.912160038948059082e-01
9.913572669029235840e-01
8.663082122802734375e-01
9.476332664489746094e-01
9.635283946990966797e-01
9.818817377090454102e-01
9.738843441009521484e-01
9.586912393569946289e-01
9.925554990768432617e-01
9.833148121833801270e-01
9.457872509956359863e-01
9.880937933921813965e-01
9.913562536239624023e-01
9.766988754272460938e-01
9.815109372138977051e-01
9.862622022628784180e-01
9.802966117858886719e-01
9.801896214485168457e-01
9.816413521766662598e-01
9.997780323028564453e-01
9.837775826454162598e-01
9.355233907699584961e-01
9.997999072074890137e-01
9.748026132583618164e-01
9.988734722137451172e-01
9.872873425483703613e-01
9.996233582496643066e-01
9.867464900016784668e-01
9.703554511070251465e-01
9.621474146842956543e-01
9.701102375984191895e-01
9.881218075752258301e-01
9.734807610511779785e-01
9.272697567939758301e-01
9.871470332145690918e-01
9.734503626823425293e-01
9.457215666770935059e-01
9.818384051322937012e-01
9.915414452552795410e-01
9.966248869895935059e-01
9.747133255004882812e-01
9.849084019660949707e-01
9.837235808372497559e-01
9.833493232727050781e-01
8.502110242843627930e-01
9.422498345375061035e-01
9.822933077812194824e-01
9.981117844581604004e-01
9.226459860801696777e-01
9.792100191116333008e-01
9.700278639793395996e-01
9.890804290771484375e-01
9.564015865325927734e-01
9.751332402229309082e-01
9.999513626098632812e-01
9.496046900749206543e-01
9.645166993141174316e-01
9.817386269569396973e-01
9.335766434669494629e-01
9.665098786354064941e-01
9.814234375953674316e-01
9.981245994567871094e-01
9.572225213050842285e-01
9.736400246620178223e-01
9.607930779457092285e-01
9.974462389945983887e-01
9.333189725875854492e-01
9.385296702384948730e-01
9.995085597038269043e-01
8.003565669059753418e-01
9.060221910476684570e-01
9.383092522621154785e-01
9.896033406257629395e-01
8.994267582893371582e-01
9.615842700004577637e-01
9.478109478950500488e-01
9.782969951629638672e-01
9.776147007942199707e-01
9.793779850006103516e-01
9.964753389358520508e-01
9.589972496032714844e-01
9.297893643379211426e-01
9.965999722480773926e-01
9.705218076705932617e-01
9.662232398986816406e-01
9.651430845260620117e-01
9.576712846755981445e-01
9.711393117904663086e-01
9.791625142097473145e-01
9.694062471389770508e-01
9.844003319740295410e-01
9.685676097869873047e-01
9.710004925727844238e-01
9.838814139366149902e-01
9.951841235160827637e-01
9.952067732810974121e-01
9.690979719161987305e-01
