6.040050387382507324e-01
5.695073604583740234e-01
3.879413008689880371e-02
6.994460821151733398e-01
2.146795988082885742e-01
5.906242728233337402e-01
1.356093492358922958e-02
3.709254860877990723e-01
2.980049550533294678e-01
3.726916611194610596e-01
4.803375303745269775e-01
1.498364657163619995e-01
2.359479069709777832e-01
6.676750183105468750e-01
6.030384898185729980e-01
2.461406111251562834e-04
6.717620417475700378e-03
1.789391040802001953e-01
4.616430401802062988e-02
2.238097973167896271e-02
8.945265784859657288e-03
2.945150993764400482e-02
2.416058182716369629e-01
2.897926978766918182e-02
7.965752482414245605e-02
2.589555224403738976e-03
1.959134787321090698e-01
2.177856862545013428e-02
3.530659377574920654e-01
4.153000414371490479e-01
4.252135753631591797e-03
4.384995996952056885e-01
2.991993129253387451e-01
2.757269144058227539e-01
5.302934721112251282e-02
4.166324138641357422e-01
2.153075486421585083e-01
2.412091046571731567e-01
1.751258969306945801e-01
2.258039563894271851e-01
3.996829390525817871e-01
4.948673844337463379e-01
4.695221483707427979e-01
2.965104579925537109e-01
4.918490648269653320e-01
2.066368162631988525e-01
4.436231255531311035e-01
6.428355574607849121e-01
2.905316837131977081e-02
1.742309480905532837e-01
4.065349102020263672e-01
7.300291061401367188e-01
3.997423350811004639e-01
1.993036121129989624e-01
5.694609880447387695e-01
6.219292283058166504e-01
4.107672572135925293e-01
6.490904092788696289e-01
3.589753806591033936e-01
1.723122298717498779e-01
2.358751557767391205e-02
1.057358980178833008e-01
2.015330195426940918e-01
3.418465843424201012e-03
7.036838680505752563e-03
4.870924353599548340e-01
4.264401197433471680e-01
3.802898153662681580e-02
1.787502169609069824e-01
4.032712280750274658e-01
7.922879457473754883e-01
6.085104346275329590e-01
3.763538002967834473e-01
1.074162572622299194e-01
5.956346392631530762e-01
2.707422971725463867e-01
2.235164046287536621e-01
5.970108509063720703e-01
2.014605998992919922e-01
4.379097223281860352e-01
6.202031373977661133e-01
2.226755954325199127e-02
2.710096538066864014e-01
2.316007763147354126e-01
6.113032102584838867e-01
8.610761165618896484e-01
1.839084327220916748e-01
3.668197095394134521e-01
1.188324764370918274e-01
2.048478722572326660e-01
6.390488147735595703e-02
1.645934283733367920e-01
3.592726290225982666e-01
5.725439786911010742e-01
1.322837024927139282e-01
2.234146930277347565e-03
2.777518928050994873e-01
7.653741240501403809e-01
5.389963984489440918e-01
8.423341512680053711e-01
4.303330779075622559e-01
2.252096682786941528e-01
2.004365175962448120e-01
6.048263311386108398e-01
2.178754508495330811e-01
1.818919032812118530e-01
3.805760741233825684e-01
2.810841202735900879e-01
7.677806168794631958e-02
2.550781965255737305e-01
4.708897173404693604e-01
4.144168496131896973e-01
5.245811343193054199e-01
7.602863311767578125e-01
5.522751212120056152e-01
2.159467041492462158e-01
4.823295474052429199e-01
5.892095565795898438e-01
2.236196249723434448e-01
2.288999557495117188e-01
1.695410013198852539e-01
2.757241427898406982e-01
2.254589498043060303e-01
1.087276116013526917e-01
2.416466325521469116e-01
4.342456758022308350e-01
6.016271710395812988e-01
5.928969979286193848e-01
3.967991471290588379e-01
4.921796917915344238e-02
4.014475941658020020e-01
4.977476596832275391e-01
2.067125737667083740e-01
2.264388054609298706e-01
1.860646009445190430e-01
4.159848093986511230e-01
8.084172382950782776e-03
2.381158769130706787e-01
2.139421701431274414e-01
1.834730505943298340e-01
5.056343674659729004e-01
5.804696679115295410e-01
3.576815128326416016e-01
1.973403245210647583e-01
3.989950418472290039e-01
2.539294362068176270e-01
2.025076299905776978e-01
4.193447828292846680e-01
5.001663565635681152e-01
5.434727668762207031e-01
2.375583499670028687e-01
6.616130704060196877e-04
3.693645447492599487e-02
6.311752200126647949e-01
3.470773398876190186e-01
6.016682982444763184e-01
1.944639384746551514e-01
6.989593617618083954e-03
2.986621260643005371e-01
2.320295125246047974e-01
4.479492008686065674e-01
2.881570756435394287e-01
4.008245170116424561e-01
8.015290498733520508e-01
4.277942180633544922e-01
3.209961811080574989e-03
6.090028882026672363e-01
4.470824897289276123e-01
7.914461493492126465e-01
3.916058838367462158e-01
4.086567163467407227e-01
3.292417526245117188e-01
1.164701282978057861e-01
1.021845042705535889e-01
2.284357696771621704e-01
4.876688122749328613e-01
1.294785588979721069e-01
4.476787447929382324e-01
3.650488555431365967e-01
5.663768053054809570e-01
7.110324501991271973e-02
6.320605874061584473e-01
7.993241548538208008e-01
6.243768930435180664e-01
5.926038622856140137e-01
6.753110326826572418e-03
5.982165932655334473e-01
2.902027964591979980e-01
2.253032326698303223e-01
2.201149016618728638e-01
4.071982800960540771e-01
1.685076355934143066e-01
5.602107644081115723e-01
9.475773572921752930e-02
1.586917060194537044e-04
1.823191940784454346e-01
4.859773516654968262e-01
6.046937704086303711e-01
3.811829090118408203e-01
5.694548040628433228e-02
5.795059800148010254e-01
1.936446130275726318e-01
4.109038785099983215e-02
3.418256044387817383e-01
8.542570471763610840e-02
4.573763608932495117e-01
5.239287614822387695e-01
8.011398911476135254e-01
3.414742946624755859e-01
1.955219060182571411e-01
3.448644876480102539e-01
6.464594602584838867e-01
5.755868554115295410e-01
3.838544487953186035e-01
1.918260455131530762e-01
6.026437878608703613e-02
3.955733478069305420e-01
3.756396472454071045e-01
1.975298821926116943e-01
2.421652674674987793e-01
4.100023508071899414e-01
1.941271871328353882e-01
6.623119115829467773e-02
7.756535410881042480e-01
6.735121011734008789e-01
