4.008862674236297607e-01
3.053947538137435913e-02
9.156605228781700134e-03
7.960195541381835938e-01
5.824914574623107910e-01
7.153655290603637695e-01
9.845343232154846191e-02
2.767564952373504639e-01
1.822068728506565094e-02
2.464382052421569824e-01
6.675796583294868469e-03
6.159135326743125916e-02
3.764599859714508057e-01
6.006972789764404297e-01
7.551752328872680664e-01
7.809887028997763991e-05
2.216202905401587486e-03
1.999869644641876221e-01
2.393898963928222656e-01
3.647382836788892746e-03
1.674291118979454041e-02
3.250392526388168335e-02
2.164528071880340576e-01
2.018508464097976685e-01
9.232045710086822510e-02
8.212100714445114136e-03
7.488344311714172363e-01
5.645197629928588867e-01
2.303016185760498047e-01
4.074337184429168701e-01
3.902830928564071655e-02
3.635299503803253174e-01
4.176230132579803467e-01
3.921823799610137939e-01
2.374996244907379150e-02
3.784815967082977295e-01
3.725278973579406738e-01
6.838505864143371582e-01
1.505291610956192017e-01
1.930634826421737671e-01
3.417738676071166992e-01
2.730795741081237793e-01
2.181254625320434570e-01
3.957097232341766357e-01
2.284999340772628784e-01
2.090976685285568237e-01
4.650425910949707031e-01
8.315493464469909668e-01
3.293123245239257812e-01
5.524237751960754395e-01
2.264775522053241730e-02
3.892273008823394775e-01
1.741489171981811523e-01
3.882138524204492569e-03
7.630634307861328125e-01
4.889670014381408691e-01
6.050438880920410156e-01
7.975553274154663086e-01
4.015615880489349365e-01
1.394097041338682175e-02
5.117097496986389160e-02
3.783652782440185547e-01
3.055981397628784180e-01
2.038710772467311472e-05
1.240820903331041336e-02
1.099069193005561829e-01
2.299301326274871826e-01
6.314489291980862617e-04
9.165077470242977142e-03
2.207458615303039551e-01
4.076623916625976562e-01
4.073648452758789062e-01
2.096863538026809692e-01
1.846722513437271118e-01
6.427028179168701172e-01
5.262861251831054688e-01
4.833061397075653076e-01
4.070736467838287354e-02
4.549409821629524231e-02
3.015920519828796387e-01
6.866180896759033203e-01
8.283659815788269043e-02
2.463953047990798950e-01
6.226487830281257629e-02
6.770735979080200195e-01
4.031887054443359375e-01
6.235535144805908203e-01
2.026591002941131592e-01
4.166745245456695557e-01
7.516700029373168945e-02
8.791972068138420582e-04
1.266056485474109650e-02
5.639731287956237793e-01
3.538850843906402588e-01
1.641739346086978912e-02
1.365865487605333328e-02
1.837448328733444214e-01
4.959197640419006348e-01
2.488875389099121094e-01
5.980616807937622070e-01
3.359090387821197510e-01
7.316062226891517639e-03
5.974074602127075195e-01
3.995428681373596191e-01
5.916361212730407715e-01
3.134170770645141602e-01
3.936863839626312256e-01
3.543887436389923096e-01
2.092162072658538818e-01
1.610291749238967896e-01
2.246316373348236084e-01
4.818684756755828857e-01
8.116482496261596680e-01
7.514615058898925781e-01
5.232664942741394043e-01
1.852378621697425842e-02
1.994193792343139648e-01
2.209662348031997681e-01
1.579472236335277557e-02
2.043451219797134399e-01
7.846486568450927734e-01
5.802552700042724609e-01
8.430199623107910156e-01
6.462614983320236206e-03
4.603793025016784668e-01
3.227522671222686768e-01
4.960688352584838867e-01
3.771778345108032227e-01
2.525646053254604340e-02
1.964058727025985718e-02
5.940091013908386230e-01
6.053254604339599609e-01
5.625915527343750000e-02
3.557342588901519775e-01
1.169339492917060852e-01
6.735433936119079590e-01
6.124895811080932617e-01
3.926967978477478027e-01
1.978621259331703186e-02
3.856938183307647705e-01
4.300446212291717529e-01
6.015524864196777344e-01
3.449415788054466248e-02
1.864342764019966125e-02
4.213324487209320068e-01
7.703318595886230469e-01
6.433923840522766113e-01
2.083172500133514404e-01
5.142601951956748962e-02
3.709000945091247559e-01
1.993523836135864258e-01
6.412943452596664429e-02
2.801326215267181396e-01
1.727393120527267456e-01
4.170846343040466309e-01
9.341466426849365234e-01
7.307892441749572754e-01
2.071913331747055054e-01
3.952178359031677246e-01
5.953493118286132812e-01
9.355181455612182617e-01
3.874293863773345947e-01
6.429013796150684357e-03
3.509597778320312500e-01
4.674591720104217529e-01
1.975562721490859985e-01
1.994797885417938232e-01
2.933103442192077637e-01
2.863069176673889160e-01
9.475963115692138672e-01
5.696271061897277832e-01
2.207684665918350220e-01
2.153528481721878052e-01
7.606699466705322266e-01
3.906651735305786133e-01
1.141442805528640747e-01
1.852875053882598877e-01
1.128655225038528442e-01
1.809983104467391968e-01
2.453126609325408936e-01
3.174933791160583496e-01
3.055294752120971680e-01
6.029610633850097656e-01
7.824146747589111328e-01
2.080567181110382080e-01
6.900189444422721863e-03
5.974216461181640625e-01
7.242984771728515625e-01
4.121995568275451660e-01
4.117562249302864075e-02
1.477940287441015244e-02
5.458103418350219727e-01
5.422720313072204590e-01
3.827459514141082764e-01
6.761081516742706299e-02
4.744223654270172119e-01
6.351765394210815430e-01
6.047774553298950195e-01
6.812832355499267578e-01
1.282395049929618835e-02
4.884960353374481201e-01
5.084004402160644531e-01
5.961534976959228516e-01
4.301804900169372559e-01
3.624549806118011475e-01
4.844823777675628662e-01
6.414604187011718750e-01
4.894220530986785889e-01
2.044114470481872559e-01
5.043977499008178711e-01
3.240002393722534180e-01
5.983042120933532715e-01
3.999942541122436523e-01
8.964918553829193115e-03
5.045162439346313477e-01
4.169173836708068848e-01
2.027355581521987915e-01
1.479718387126922607e-01
6.220873072743415833e-02
8.435877412557601929e-02
2.110939174890518188e-01
4.063508212566375732e-01
3.079651296138763428e-01
3.186649084091186523e-01
3.417581915855407715e-01
