9.387440085411071777e-01
9.814302325248718262e-01
9.770609140396118164e-01
9.960210323333740234e-01
9.983666539192199707e-01
9.944874048233032227e-01
9.688103199005126953e-01
8.955123424530029297e-01
9.846013188362121582e-01
9.849071502685546875e-01
9.491801857948303223e-01
9.616016745567321777e-01
9.789207577705383301e-01
9.857458472251892090e-01
9.929720163345336914e-01
5.548149347305297852e-02
8.118197917938232422e-01
9.999676942825317383e-01
9.179171323776245117e-01
9.560337662696838379e-01
8.887242078781127930e-01
9.920394420623779297e-01
9.847806096076965332e-01
9.783728122711181641e-01
8.088397979736328125e-01
9.624679684638977051e-01
9.762867093086242676e-01
9.795262217521667480e-01
9.751173257827758789e-01
8.725997209548950195e-01
8.485975265502929688e-01
9.981628656387329102e-01
9.937058091163635254e-01
9.971889853477478027e-01
9.776096343994140625e-01
9.902711510658264160e-01
9.917801618576049805e-01
9.894368648529052734e-01
8.779451251029968262e-01
9.132227897644042969e-01
9.667558670043945312e-01
9.863578081130981445e-01
9.770067930221557617e-01
9.600017666816711426e-01
9.965545535087585449e-01
9.966665506362915039e-01
9.987130165100097656e-01
9.938848614692687988e-01
9.226229786872863770e-01
8.934248685836791992e-01
9.849118590354919434e-01
9.730556011199951172e-01
9.403235316276550293e-01
9.617620110511779785e-01
9.823843240737915039e-01
9.887918829917907715e-01
9.985772371292114258e-01
9.999984502792358398e-01
9.999619126319885254e-01
9.911603927612304688e-01
8.542193770408630371e-01
9.914802312850952148e-01
9.543321132659912109e-01
2.740424871444702148e-02
8.571934103965759277e-01
9.815912246704101562e-01
9.400725364685058594e-01
8.781403303146362305e-03
7.671756148338317871e-01
9.747766256332397461e-01
9.992099404335021973e-01
9.999154806137084961e-01
9.999874234199523926e-01
9.228095412254333496e-01
9.945495724678039551e-01
9.919875264167785645e-01
9.981947541236877441e-01
9.797794818878173828e-01
7.866935729980468750e-01
9.810062646865844727e-01
9.412072300910949707e-01
9.803351759910583496e-01
9.875029921531677246e-01
9.545260071754455566e-01
9.940313696861267090e-01
8.949400186538696289e-01
9.867225289344787598e-01
9.999830722808837891e-01
9.978983998298645020e-01
9.953557252883911133e-01
9.999941587448120117e-01
9.717943072319030762e-01
9.983388781547546387e-01
9.098863005638122559e-01
9.997088313102722168e-01
9.062979817390441895e-01
9.584321379661560059e-01
9.873642921447753906e-01
9.987242221832275391e-01
9.983746409416198730e-01
9.994549155235290527e-01
9.741691350936889648e-01
9.939349293708801270e-01
9.869987368583679199e-01
9.913329482078552246e-01
9.025202989578247070e-01
9.809407591819763184e-01
9.965016841888427734e-01
8.689737319946289062e-01
9.666637778282165527e-01
9.848128557205200195e-01
9.916712641716003418e-01
9.938091039657592773e-01
9.997890591621398926e-01
9.998306035995483398e-01
9.784258604049682617e-01
9.799639582633972168e-01
9.791045188903808594e-01
9.904221296310424805e-01
9.722957611083984375e-01
9.424571394920349121e-01
9.869117140769958496e-01
9.031741619110107422e-01
2.962423488497734070e-02
9.273576736450195312e-01
9.805526137351989746e-01
9.928799867630004883e-01
9.993212819099426270e-01
9.987114071846008301e-01
9.174448251724243164e-01
9.954650998115539551e-01
9.979374408721923828e-01
9.932675361633300781e-01
9.202716946601867676e-01
9.056794047355651855e-01
9.864827394485473633e-01
9.737167954444885254e-01
9.799080491065979004e-01
9.701172709465026855e-01
9.818060398101806641e-01
9.937117695808410645e-01
9.592017531394958496e-01
9.910127520561218262e-01
9.973865747451782227e-01
9.963600039482116699e-01
9.987922310829162598e-01
9.961457848548889160e-01
9.874669909477233887e-01
8.750566840171813965e-01
9.858146309852600098e-01
9.744524955749511719e-01
9.555719494819641113e-01
9.958159923553466797e-01
9.790449142456054688e-01
9.805104732513427734e-01
9.991562366485595703e-01
9.993816614151000977e-01
9.426156878471374512e-01
9.850524067878723145e-01
8.977986574172973633e-01
9.900063276290893555e-01
9.451408386230468750e-01
8.994330167770385742e-01
9.806429147720336914e-01
9.442552328109741211e-01
9.696453809738159180e-01
9.878996610641479492e-01
9.960654973983764648e-01
9.871901273727416992e-01
9.425463080406188965e-01
9.812697172164916992e-01
9.290834069252014160e-01
9.963595271110534668e-01
9.982954263687133789e-01
9.950857162475585938e-01
9.457058310508728027e-01
8.228610157966613770e-01
9.824426770210266113e-01
9.860101342201232910e-01
9.313544034957885742e-01
9.655867815017700195e-01
9.834132790565490723e-01
9.915834665298461914e-01
8.734853863716125488e-01
9.226033687591552734e-01
9.432104229927062988e-01
9.974508881568908691e-01
9.985344409942626953e-01
9.985562562942504883e-01
9.703639745712280273e-01
9.593563675880432129e-01
9.301411509513854980e-01
9.908001422882080078e-01
9.516270756721496582e-01
9.620193243026733398e-01
9.807426333427429199e-01
9.444284439086914062e-01
8.987976908683776855e-01
9.863613843917846680e-01
9.961555004119873047e-01
9.969079494476318359e-01
9.991184473037719727e-01
9.982285499572753906e-01
9.987966418266296387e-01
9.133586883544921875e-01
9.736250638961791992e-01
9.919151663780212402e-01
9.530298709869384766e-01
9.565005302429199219e-01
9.790840148925781250e-01
9.655457139015197754e-01
9.961780309677124023e-01
9.995325207710266113e-01
8.871748447418212891e-01
9.932596683502197266e-01
9.900003075599670410e-01
9.903258681297302246e-01
9.301093220710754395e-01
9.639662504196166992e-01
9.813410639762878418e-01
9.673730731010437012e-01
8.809264302253723145e-01
9.667807817459106445e-01
9.932509064674377441e-01
9.916623830795288086e-01
