8.222501873970031738e-01
9.969223737716674805e-01
9.851663112640380859e-01
9.765297770500183105e-01
9.945058822631835938e-01
9.908046126365661621e-01
9.769352078437805176e-01
7.718372941017150879e-01
5.766398310661315918e-01
3.330221176147460938e-01
8.395199477672576904e-02
1.093805283308029175e-01
4.930950403213500977e-01
8.440216779708862305e-01
9.937244653701782227e-01
9.474232792854309082e-01
9.581304788589477539e-01
3.227648138999938965e-01
9.935808181762695312e-01
9.894122481346130371e-01
9.851605892181396484e-01
9.914430379867553711e-01
8.895788788795471191e-01
7.775374054908752441e-01
8.703138232231140137e-01
9.886626601219177246e-01
3.542912378907203674e-02
3.722278028726577759e-02
9.996262192726135254e-01
7.654601335525512695e-02
3.647091239690780640e-02
9.996954202651977539e-01
9.335790276527404785e-01
9.856341481208801270e-01
9.609816074371337891e-01
9.921981096267700195e-01
9.998198747634887695e-01
9.997596144676208496e-01
9.998381733894348145e-01
2.361889928579330444e-02
9.349192678928375244e-02
9.439144134521484375e-01
1.493678539991378784e-01
3.526458740234375000e-01
9.870752096176147461e-01
8.798786401748657227e-01
9.378574490547180176e-01
9.935719966888427734e-01
9.760097265243530273e-01
9.995566010475158691e-01
9.998276829719543457e-01
9.997937083244323730e-01
3.708663880825042725e-01
8.891905099153518677e-02
9.870554804801940918e-01
8.633946180343627930e-01
7.996374964714050293e-01
9.899203181266784668e-01
9.923665523529052734e-01
9.904186725616455078e-01
9.900860786437988281e-01
9.681483507156372070e-01
9.841378927230834961e-01
9.419489502906799316e-01
9.885545969009399414e-01
3.221003413200378418e-01
3.621898293495178223e-01
9.985924959182739258e-01
7.676432728767395020e-01
6.802401691675186157e-02
5.083538293838500977e-01
2.155142836272716522e-02
2.262648344039916992e-01
8.147000074386596680e-01
8.440393139608204365e-04
2.414478175342082977e-02
6.202006712555885315e-02
2.331805676221847534e-01
1.732301563024520874e-01
2.491619437932968140e-01
9.999134540557861328e-01
8.852157592773437500e-01
9.704193472862243652e-01
7.817949652671813965e-01
9.961016774177551270e-01
7.164139747619628906e-01
6.487244963645935059e-01
9.953210353851318359e-01
9.959052205085754395e-01
4.489037021994590759e-02
4.771117493510246277e-02
9.171631932258605957e-01
9.495795369148254395e-01
9.932849407196044922e-01
9.556744098663330078e-01
9.514814019203186035e-01
9.735397696495056152e-01
9.805983901023864746e-01
9.945423603057861328e-01
8.142006397247314453e-01
9.655690193176269531e-01
9.995507597923278809e-01
9.997031092643737793e-01
9.995138645172119141e-01
8.038892745971679688e-01
9.704306721687316895e-01
9.963831305503845215e-01
7.480403184890747070e-01
6.794661879539489746e-01
3.413941860198974609e-01
9.942206144332885742e-01
9.890127182006835938e-01
9.862716197967529297e-01
9.855773448944091797e-01
9.823317527770996094e-01
9.975736737251281738e-01
9.994741678237915039e-01
8.938843607902526855e-01
9.759976863861083984e-01
9.947092533111572266e-01
8.591741919517517090e-01
9.624720215797424316e-01
9.594449996948242188e-01
9.911957979202270508e-01
9.995207786560058594e-01
9.955847263336181641e-01
9.028382897377014160e-01
4.618349969387054443e-01
7.635222673416137695e-01
9.563039541244506836e-01
7.850202322006225586e-01
9.630951881408691406e-01
9.971994757652282715e-01
9.097455143928527832e-01
9.454008936882019043e-01
9.754539132118225098e-01
9.947052001953125000e-01
9.937050342559814453e-01
9.883183240890502930e-01
9.461813569068908691e-01
9.551237821578979492e-01
1.220916733145713806e-01
7.119172215461730957e-01
6.920016407966613770e-01
8.916872739791870117e-01
9.858676195144653320e-01
9.693863391876220703e-01
9.535002708435058594e-01
8.427841663360595703e-01
9.342393279075622559e-01
9.942814111709594727e-01
9.735828042030334473e-01
3.742636144161224365e-01
9.252892136573791504e-01
7.336542606353759766e-01
1.138923317193984985e-01
7.102423906326293945e-01
9.743121862411499023e-01
9.914424419403076172e-01
3.466909229755401611e-01
2.333128750324249268e-01
8.804814219474792480e-01
9.941832423210144043e-01
9.824246168136596680e-01
9.848247766494750977e-01
9.775664806365966797e-01
9.871724247932434082e-01
9.995092153549194336e-01
9.978607296943664551e-01
9.323025345802307129e-01
9.806495308876037598e-01
9.683405756950378418e-01
9.811482429504394531e-01
6.455414891242980957e-01
9.711089730262756348e-01
9.813376069068908691e-01
9.893101453781127930e-01
9.890438914299011230e-01
4.489756524562835693e-01
3.413411378860473633e-01
2.897607982158660889e-01
9.847134947776794434e-01
9.996891021728515625e-01
1.216834336519241333e-01
9.997637867927551270e-01
8.331784605979919434e-01
1.924243718385696411e-01
7.230717223137617111e-03
9.962034821510314941e-01
5.170816779136657715e-01
1.769936084747314453e-01
2.399126067757606506e-02
6.408360004425048828e-01
9.990118145942687988e-01
9.998702406883239746e-01
9.963787160813808441e-03
9.807146340608596802e-02
9.875436425209045410e-01
1.588818058371543884e-02
1.026553586125373840e-01
9.811544418334960938e-01
9.850142598152160645e-01
9.857051372528076172e-01
2.608596682548522949e-01
9.646490216255187988e-01
9.881184697151184082e-01
9.872449636459350586e-01
9.899768829345703125e-01
5.016705393791198730e-02
4.864427074790000916e-02
9.617497920989990234e-01
4.219926893711090088e-02
3.865992426872253418e-01
9.674479961395263672e-01
9.832608103752136230e-01
8.722078800201416016e-01
9.893808364868164062e-01
9.586781263351440430e-01
9.915350675582885742e-01
9.996378421783447266e-01
9.999437332153320312e-01
9.687228798866271973e-01
7.318036556243896484e-01
9.799579381942749023e-01
9.973006844520568848e-01
8.263236880302429199e-01
5.592933893203735352e-01
6.905766725540161133e-01
9.900498390197753906e-01
8.399807214736938477e-01
6.831756792962551117e-03
2.551217079162597656e-01
9.919863939285278320e-01
9.998270273208618164e-01
9.765502214431762695e-01
3.721693456172943115e-01
9.901468753814697266e-01
7.503743767738342285e-01
9.962059855461120605e-01
4.391660690307617188e-01
9.857811331748962402e-01
1.968585550785064697e-01
2.557183206081390381e-01
9.853234291076660156e-01
9.879151582717895508e-01
5.044347420334815979e-02
7.875005155801773071e-02
9.420120716094970703e-01
6.756259202957153320e-01
9.870251417160034180e-01
9.781425595283508301e-01
9.820067882537841797e-01
5.807493925094604492e-01
9.769588112831115723e-01
9.601367115974426270e-01
2.685415148735046387e-01
8.828082680702209473e-01
9.155144691467285156e-01
5.707063078880310059e-01
1.017094105482101440e-01
7.687321901321411133e-01
9.698916673660278320e-01
9.710264205932617188e-01
9.436337947845458984e-01
6.096873879432678223e-01
9.614626169204711914e-01
9.686237573623657227e-01
9.837883710861206055e-01
9.805023074150085449e-01
9.534331560134887695e-01
9.919312596321105957e-01
9.991856813430786133e-01
9.996507763862609863e-01
8.510078787803649902e-01
9.908270835876464844e-01
9.750618338584899902e-01
9.525462985038757324e-01
9.765800237655639648e-01
9.881728887557983398e-01
9.654929041862487793e-01
9.967321753501892090e-01
9.957865476608276367e-01
9.866933226585388184e-01
5.698648095130920410e-01
9.157035350799560547e-01
9.681745767593383789e-01
9.286702275276184082e-01
9.407278299331665039e-01
9.831445217132568359e-01
9.331142902374267578e-01
9.304373860359191895e-01
9.625891447067260742e-01
9.789662957191467285e-01
9.838197231292724609e-01
9.969683885574340820e-01
9.886246323585510254e-01
8.338509202003479004e-01
1.801310926675796509e-01
9.449543356895446777e-01
7.333332896232604980e-01
9.903348684310913086e-01
9.663248062133789062e-01
9.724653363227844238e-01
9.627594351768493652e-01
9.918590784072875977e-01
9.640555381774902344e-01
9.702674746513366699e-01
9.861562848091125488e-01
6.210340261459350586e-01
8.626312613487243652e-01
2.866018414497375488e-01
4.172292947769165039e-01
9.501450657844543457e-01
7.494527101516723633e-01
9.824293851852416992e-01
9.381217360496520996e-01
7.288373112678527832e-01
9.561601281166076660e-01
9.772766232490539551e-01
9.714541435241699219e-01
9.867221713066101074e-01
9.840775728225708008e-01
9.610483050346374512e-01
9.924346804618835449e-01
9.982623457908630371e-01
9.996485710144042969e-01
9.955474138259887695e-01
9.716946482658386230e-01
9.995838403701782227e-01
4.200491607189178467e-01
3.511259555816650391e-01
9.481480121612548828e-01
9.933888316154479980e-01
9.991188645362854004e-01
5.020753145217895508e-01
9.880928397178649902e-01
9.695618748664855957e-01
9.996820092201232910e-01
5.968769192695617676e-01
9.256731867790222168e-01
9.883450269699096680e-01
6.139047145843505859e-01
9.585337638854980469e-01
9.866105318069458008e-01
9.816275835037231445e-01
9.807153940200805664e-01
6.890673637390136719e-01
9.644548296928405762e-01
9.882937669754028320e-01
9.058304876089096069e-02
9.855584502220153809e-01
2.681613862514495850e-01
1.644811220467090607e-02
9.719559550285339355e-01
9.318299889564514160e-01
6.103030871599912643e-03
9.621898531913757324e-01
9.820367693901062012e-01
9.864550828933715820e-01
9.260145574808120728e-02
9.173718094825744629e-01
9.537723660469055176e-01
9.924852252006530762e-01
9.973237514495849609e-01
9.261701107025146484e-01
8.542267680168151855e-01
9.725016951560974121e-01
9.243052005767822266e-01
3.388681411743164062e-01
9.695785641670227051e-01
9.776816368103027344e-01
9.630426764488220215e-01
9.942011833190917969e-01
9.513655304908752441e-01
9.924293756484985352e-01
9.983324408531188965e-01
9.994249939918518066e-01
9.845138192176818848e-01
9.791227579116821289e-01
9.586760401725769043e-01
9.912321567535400391e-01
9.932664632797241211e-01
8.899261951446533203e-01
9.876169562339782715e-01
9.920098781585693359e-01
9.893079996109008789e-01
3.287273347377777100e-01
9.871119856834411621e-01
9.924975037574768066e-01
9.996147155761718750e-01
9.820475578308105469e-01
9.823122024536132812e-01
9.759296774864196777e-01
9.849894642829895020e-01
9.996809959411621094e-01
9.114056825637817383e-01
9.804288148880004883e-01
9.927884936332702637e-01
9.924222826957702637e-01
9.817097783088684082e-01
9.669493436813354492e-01
6.959343552589416504e-01
9.970092177391052246e-01
9.245048165321350098e-01
8.420617580413818359e-01
9.831515550613403320e-01
9.194608330726623535e-01
8.438149690628051758e-01
9.397754073143005371e-01
9.676570296287536621e-01
9.652359485626220703e-01
9.961193799972534180e-01
9.581776261329650879e-01
9.991347193717956543e-01
9.989149570465087891e-01
9.954897761344909668e-01
9.718216657638549805e-01
9.492883682250976562e-01
9.705856442451477051e-01
9.885249733924865723e-01
9.516485929489135742e-01
4.052678942680358887e-01
9.704306125640869141e-01
9.849855303764343262e-01
9.722114205360412598e-01
9.570195078849792480e-01
9.938232898712158203e-01
9.987301230430603027e-01
9.994007349014282227e-01
9.332263469696044922e-01
9.169027209281921387e-01
9.724539518356323242e-01
9.572293162345886230e-01
9.202116131782531738e-01
9.141559600830078125e-01
9.706872105598449707e-01
9.900736212730407715e-01
9.933698773384094238e-01
9.923362135887145996e-01
9.295057058334350586e-01
9.721427559852600098e-01
9.993941187858581543e-01
9.671921730041503906e-01
9.454823732376098633e-01
9.770610928535461426e-01
9.859325885772705078e-01
9.894354343414306641e-01
8.330325484275817871e-01
9.722679853439331055e-01
9.808839559555053711e-01
9.962185025215148926e-01
9.963173866271972656e-01
9.145828485488891602e-01
6.222113370895385742e-01
9.987035989761352539e-01
8.883343338966369629e-01
8.686965107917785645e-01
9.792156219482421875e-01
9.507516622543334961e-01
9.177339673042297363e-01
9.059761166572570801e-01
9.744288325309753418e-01
9.742393493652343750e-01
9.903209209442138672e-01
9.942364096641540527e-01
9.257658123970031738e-01
9.787206649780273438e-01
9.406052231788635254e-01
9.671505689620971680e-01
9.510596990585327148e-01
9.667552709579467773e-01
9.865701794624328613e-01
9.227910041809082031e-01
9.114256501197814941e-01
9.661478996276855469e-01
9.335301518440246582e-01
9.815384149551391602e-01
9.746750593185424805e-01
9.480215907096862793e-01
9.932674169540405273e-01
9.970802664756774902e-01
9.998064041137695312e-01
9.998194575309753418e-01
9.886905550956726074e-01
9.821512699127197266e-01
9.995557069778442383e-01
3.469435114311636426e-06
2.289254916831851006e-04
6.358453631401062012e-01
9.998625516891479492e-01
9.214625606546178460e-06
2.675815194379538298e-04
8.164092153310775757e-02
9.926186800003051758e-01
9.998002052307128906e-01
9.850857257843017578e-01
9.955879449844360352e-01
9.809682965278625488e-01
9.957822561264038086e-01
3.162964582443237305e-01
9.106845855712890625e-01
7.236959338188171387e-01
9.969725012779235840e-01
5.026348829269409180e-01
9.904948472976684570e-01
9.880518913269042969e-01
5.239250659942626953e-01
9.996080994606018066e-01
9.969193339347839355e-01
9.910629987716674805e-01
8.632262945175170898e-01
9.853985309600830078e-01
3.162774145603179932e-01
7.801733613014221191e-01
9.948347210884094238e-01
5.543467402458190918e-01
8.086865544319152832e-01
6.338200569152832031e-01
9.749811291694641113e-01
9.881862401962280273e-01
9.987941384315490723e-01
9.952513575553894043e-01
9.855031967163085938e-01
4.884565249085426331e-02
6.615930795669555664e-02
9.997729659080505371e-01
7.185735553503036499e-02
8.478770405054092407e-02
9.999682307243347168e-01
2.122313678264617920e-01
1.128520369529724121e-01
2.087790220975875854e-01
9.997359514236450195e-01
9.938401579856872559e-01
9.942693710327148438e-01
9.827576279640197754e-01
3.802357707172632217e-03
1.229809317737817764e-02
9.997993111610412598e-01
4.946095286868512630e-04
4.778826609253883362e-02
9.999505281448364258e-01
1.467833966016769409e-01
2.733531892299652100e-01
1.562893986701965332e-01
9.999839663505554199e-01
9.997274279594421387e-01
9.962100386619567871e-01
9.905889630317687988e-01
5.358868241310119629e-01
9.703468680381774902e-01
9.999533891677856445e-01
6.116244196891784668e-01
9.528498649597167969e-01
9.999499917030334473e-01
7.834675312042236328e-01
6.780068874359130859e-01
7.409948110580444336e-01
1.069204956293106079e-01
9.993349909782409668e-01
9.971161484718322754e-01
9.917342066764831543e-01
9.211025238037109375e-01
7.737241983413696289e-01
9.998486042022705078e-01
4.483166635036468506e-01
4.285024702548980713e-01
1.145667396485805511e-02
8.330772519111633301e-01
3.452950417995452881e-01
8.355430364608764648e-01
8.885005712509155273e-01
9.992367029190063477e-01
9.951965808868408203e-01
9.793962836265563965e-01
1.905449181795120239e-01
1.548581421375274658e-01
9.997140169143676758e-01
1.617884188890457153e-01
8.967142701148986816e-01
9.758970737457275391e-01
9.999630451202392578e-01
9.827862977981567383e-01
9.006782174110412598e-01
9.997953176498413086e-01
9.997447133064270020e-01
9.932727813720703125e-01
9.747810959815979004e-01
8.873450756072998047e-01
9.930183291435241699e-01
9.982247352600097656e-01
7.387664914131164551e-01
9.761136174201965332e-01
9.885221123695373535e-01
9.976547956466674805e-01
3.691490367054939270e-02
2.605173587799072266e-01
9.997273087501525879e-01
9.997762441635131836e-01
9.935621023178100586e-01
9.857212305068969727e-01
8.505495786666870117e-01
9.875581860542297363e-01
9.991447329521179199e-01
4.511723518371582031e-01
9.287632107734680176e-01
9.836024045944213867e-01
9.998101592063903809e-01
5.735127925872802734e-01
9.061496853828430176e-01
9.997800588607788086e-01
9.993081688880920410e-01
9.967398047447204590e-01
9.893561005592346191e-01
5.984553098678588867e-01
8.887543678283691406e-01
9.995682239532470703e-01
6.585265994071960449e-01
2.822405397891998291e-01
9.811071753501892090e-01
9.927663803100585938e-01
8.489395380020141602e-01
4.754704535007476807e-01
8.451299071311950684e-01
3.005916997790336609e-02
9.586904048919677734e-01
9.763631820678710938e-01
9.821298122406005859e-01
5.905819535255432129e-01
9.753202199935913086e-01
9.093625098466873169e-02
9.806640744209289551e-01
1.712795048952102661e-01
9.620100259780883789e-01
9.911049604415893555e-01
9.952441453933715820e-01
9.898244738578796387e-01
6.888198852539062500e-01
9.670766592025756836e-01
8.810521960258483887e-01
9.910556674003601074e-01
9.706557393074035645e-01
9.908352494239807129e-01
9.653234481811523438e-01
8.600234389305114746e-01
3.558768928050994873e-01
9.785093069076538086e-01
9.931163787841796875e-01
9.872824549674987793e-01
9.702938795089721680e-01
9.884950518608093262e-01
9.921713471412658691e-01
9.780151844024658203e-01
9.638718962669372559e-01
9.610284566879272461e-01
9.926078915596008301e-01
2.142550365533679724e-04
6.333650350570678711e-01
9.937768578529357910e-01
2.859410233213566244e-05
1.005797676043584943e-04
6.969054043292999268e-02
9.218662977218627930e-01
9.716362953186035156e-01
9.821435213088989258e-01
9.703179001808166504e-01
9.937861561775207520e-01
9.694707393646240234e-01
9.917078614234924316e-01
9.935170412063598633e-01
8.712790608406066895e-01
9.931882023811340332e-01
9.931870102882385254e-01
9.943485260009765625e-01
7.970843464136123657e-02
9.214403033256530762e-01
3.642416596412658691e-01
9.566740989685058594e-01
9.646251797676086426e-01
9.910097718238830566e-01
9.132280945777893066e-01
9.901599884033203125e-01
9.793261885643005371e-01
3.627315908670425415e-02
9.843562245368957520e-01
9.703485965728759766e-01
9.932227730751037598e-01
9.951539039611816406e-01
9.886491298675537109e-01
9.404512047767639160e-01
9.791899323463439941e-01
9.760818481445312500e-01
9.909059405326843262e-01
9.631394743919372559e-01
9.903643131256103516e-01
9.919124245643615723e-01
9.683917760848999023e-01
3.865077793598175049e-01
9.855872988700866699e-01
9.936738014221191406e-01
9.908758997917175293e-01
9.863710403442382812e-01
7.827825546264648438e-01
9.119869470596313477e-01
9.142426848411560059e-01
9.916507601737976074e-01
9.189449548721313477e-01
9.663956761360168457e-01
9.906845688819885254e-01
9.949690699577331543e-01
9.847926497459411621e-01
9.528017640113830566e-01
9.032541513442993164e-01
9.694527983665466309e-01
9.876719713211059570e-01
9.535487890243530273e-01
9.809771776199340820e-01
9.699496626853942871e-01
9.941855669021606445e-01
9.539229273796081543e-01
9.898775815963745117e-01
9.945932030677795410e-01
9.840875864028930664e-01
6.773195862770080566e-01
9.733717441558837891e-01
9.002053141593933105e-01
1.035321503877639771e-01
9.568095803260803223e-01
5.226993560791015625e-02
6.737157702445983887e-01
8.598647117614746094e-01
9.902385473251342773e-01
5.977681279182434082e-02
8.797451853752136230e-01
9.886699914932250977e-01
9.847244620323181152e-01
9.819753766059875488e-01
6.470674872398376465e-01
9.724836945533752441e-01
9.925239086151123047e-01
6.935235261917114258e-01
9.754395484924316406e-01
9.890719652175903320e-01
9.799185395240783691e-01
9.856956601142883301e-01
9.613479971885681152e-01
9.926816821098327637e-01
9.924505949020385742e-01
9.635147452354431152e-01
2.649755477905273438e-01
9.880083203315734863e-01
9.853424429893493652e-01
9.928439259529113770e-01
9.860120415687561035e-01
7.803398370742797852e-01
1.699551790952682495e-01
9.481090307235717773e-01
9.817112684249877930e-01
9.530183672904968262e-01
9.795222282409667969e-01
9.857742190361022949e-01
9.046533703804016113e-01
9.086112976074218750e-01
9.479161500930786133e-01
9.846345186233520508e-01
9.990261793136596680e-01
9.970842003822326660e-01
9.859429597854614258e-01
9.595235586166381836e-01
9.849419593811035156e-01
9.729732275009155273e-01
9.925733804702758789e-01
9.872419834136962891e-01
9.938651919364929199e-01
9.518859982490539551e-01
9.891497492790222168e-01
1.596508771181106567e-01
9.127312302589416504e-01
9.860195517539978027e-01
6.930409669876098633e-01
9.928659200668334961e-01
9.867608547210693359e-01
9.847744703292846680e-01
9.732474088668823242e-01
9.512901306152343750e-01
9.896158576011657715e-01
9.702978134155273438e-01
5.507559399120509624e-04
9.908371567726135254e-01
9.823574423789978027e-01
9.698973894119262695e-01
4.695145413279533386e-03
2.848391607403755188e-02
9.621207714080810547e-01
9.574351310729980469e-01
9.831605553627014160e-01
9.839255809783935547e-01
8.378238677978515625e-01
9.869093298912048340e-01
9.808017015457153320e-01
9.843394160270690918e-01
9.900240302085876465e-01
9.713846445083618164e-01
9.993377327919006348e-01
9.984591603279113770e-01
4.785267710685729980e-01
3.161923959851264954e-02
3.873420134186744690e-02
9.509182572364807129e-01
9.633321166038513184e-01
1.662621051073074341e-01
9.774433970451354980e-01
9.477692246437072754e-01
9.771754145622253418e-01
5.408609285950660706e-02
9.454457163810729980e-01
9.969710111618041992e-01
9.987815022468566895e-01
9.997133612632751465e-01
9.147232770919799805e-01
8.413245081901550293e-01
9.782726764678955078e-01
9.818131327629089355e-01
9.157319664955139160e-01
9.687010049819946289e-01
9.809405803680419922e-01
9.991352558135986328e-01
9.943730831146240234e-01
2.057258635759353638e-01
9.735950827598571777e-01
9.896095991134643555e-01
9.914593696594238281e-01
9.232577681541442871e-01
9.495574235916137695e-01
9.836094379425048828e-01
9.857162833213806152e-01
9.776262044906616211e-01
9.762772917747497559e-01
9.818432331085205078e-01
9.842216968536376953e-01
9.899833798408508301e-01
9.864317178726196289e-01
8.792331218719482422e-01
3.849561512470245361e-01
8.587439656257629395e-01
7.448972463607788086e-01
8.725408315658569336e-01
9.777674078941345215e-01
9.798279404640197754e-01
9.316921830177307129e-01
9.730584025382995605e-01
9.837559461593627930e-01
9.841978549957275391e-01
9.844639301300048828e-01
8.715952038764953613e-01
9.520961642265319824e-01
8.928087353706359863e-01
1.470237672328948975e-01
9.366121292114257812e-01
9.390548467636108398e-01
9.845432639122009277e-01
9.841222167015075684e-01
8.763616085052490234e-01
9.855333566665649414e-01
9.798089861869812012e-01
9.918324351310729980e-01
9.660584926605224609e-01
9.778115749359130859e-01
9.712036848068237305e-01
9.988753199577331543e-01
9.990874528884887695e-01
9.879555702209472656e-01
9.826224446296691895e-01
9.722398519515991211e-01
8.127489686012268066e-01
9.874178767204284668e-01
9.901331663131713867e-01
9.652109146118164062e-01
9.949973225593566895e-01
8.172140121459960938e-01
6.997563242912292480e-01
9.494448304176330566e-01
9.926310181617736816e-01
9.962056875228881836e-01
9.923414587974548340e-01
9.877243041992187500e-01
9.804384708404541016e-01
7.468742728233337402e-01
8.938888907432556152e-01
9.162548184394836426e-01
9.248666763305664062e-01
2.383091486990451813e-02
4.040688648819923401e-02
9.641878008842468262e-01
3.710753321647644043e-01
8.790670633316040039e-01
9.956527352333068848e-01
9.114114046096801758e-01
9.554027915000915527e-01
9.282433986663818359e-01
9.792630076408386230e-01
8.198112249374389648e-01
3.044852055609226227e-02
9.773374795913696289e-01
9.795754551887512207e-01
1.783260703086853027e-02
9.682490825653076172e-01
9.990452527999877930e-01
9.986430406570434570e-01
9.947537183761596680e-01
9.832597374916076660e-01
9.443289637565612793e-01
9.551063179969787598e-01
9.582450985908508301e-01
9.878947138786315918e-01
9.305204153060913086e-01
9.533582329750061035e-01
9.873973727226257324e-01
3.416389822959899902e-01
9.439082741737365723e-01
9.914762973785400391e-01
9.768447279930114746e-01
8.724287152290344238e-01
9.769445657730102539e-01
9.536610245704650879e-01
9.290034770965576172e-01
9.583477377891540527e-01
9.858176708221435547e-01
9.629520177841186523e-01
9.596874713897705078e-01
9.941579699516296387e-01
9.876804947853088379e-01
9.823316931724548340e-01
9.772378802299499512e-01
9.913373589515686035e-01
9.997544884681701660e-01
9.802004098892211914e-01
9.664272665977478027e-01
9.294592142105102539e-01
9.726107120513916016e-01
9.879638552665710449e-01
9.486070871353149414e-01
9.626510739326477051e-01
9.888468384742736816e-01
9.992763400077819824e-01
9.822009801864624023e-01
9.286892414093017578e-01
8.934912681579589844e-01
9.994150996208190918e-01
9.497437477111816406e-01
9.365998506546020508e-01
9.459298849105834961e-01
9.808830618858337402e-01
9.501889348030090332e-01
8.383898138999938965e-01
9.749704003334045410e-01
9.794754981994628906e-01
9.925945997238159180e-01
9.937131404876708984e-01
9.388379454612731934e-01
9.836829900741577148e-01
9.906521439552307129e-01
9.872885942459106445e-01
9.827474951744079590e-01
9.726591706275939941e-01
2.698715031147003174e-01
9.823194146156311035e-01
9.646651744842529297e-01
8.734049201011657715e-01
9.655027389526367188e-01
9.965020418167114258e-01
3.473563790321350098e-01
4.899472594261169434e-01
9.760528206825256348e-01
6.150901317596435547e-01
9.909448623657226562e-01
9.856566786766052246e-01
9.737539291381835938e-01
9.249042719602584839e-02
9.625754952430725098e-01
9.821823239326477051e-01
9.886803030967712402e-01
9.894239902496337891e-01
9.978727698326110840e-01
1.338348723948001862e-03
3.356183180585503578e-03
9.863420724868774414e-01
9.997585415840148926e-01
9.917925596237182617e-01
9.697036147117614746e-01
9.750558137893676758e-01
9.408170580863952637e-01
9.838164448738098145e-01
8.468422889709472656e-01
9.997959733009338379e-01
9.782549738883972168e-01
9.998341798782348633e-01
2.549225091934204102e-01
9.919695258140563965e-01
9.219129681587219238e-01
1.723120659589767456e-01
9.890909790992736816e-01
9.846031069755554199e-01
9.735388755798339844e-01
1.605617552995681763e-01
9.736357927322387695e-01
9.778460264205932617e-01
9.990215897560119629e-01
8.189887404441833496e-01
9.847780466079711914e-01
9.618698954582214355e-01
8.707849979400634766e-01
9.710072278976440430e-01
9.479824900627136230e-01
9.881185293197631836e-01
9.818020462989807129e-01
9.647698998451232910e-01
4.293333888053894043e-01
9.660161733627319336e-01
9.845930933952331543e-01
9.986525774002075195e-01
7.356182932853698730e-01
9.887808561325073242e-01
9.996250271797180176e-01
9.382534027099609375e-01
9.878227114677429199e-01
9.997439384460449219e-01
9.888823628425598145e-01
9.782794117927551270e-01
9.575718641281127930e-01
9.602468013763427734e-01
9.895513057708740234e-01
9.794605374336242676e-01
9.381870627403259277e-01
9.890000820159912109e-01
9.876445531845092773e-01
9.987176656723022461e-01
1.333657205104827881e-01
8.262956142425537109e-02
9.984632134437561035e-01
9.899662137031555176e-01
9.848878383636474609e-01
9.675736427307128906e-01
5.740180015563964844e-01
9.861886501312255859e-01
9.860665798187255859e-01
9.811762571334838867e-01
9.490253329277038574e-01
9.877233505249023438e-01
9.749734997749328613e-01
9.763895273208618164e-01
9.843776226043701172e-01
7.459803223609924316e-01
9.918980598449707031e-01
9.883500337600708008e-01
9.780212640762329102e-01
9.737839698791503906e-01
9.838290810585021973e-01
9.773850440979003906e-01
9.998522996902465820e-01
9.734197854995727539e-01
9.998987317085266113e-01
9.820595383644104004e-01
9.800562262535095215e-01
1.010835096240043640e-01
1.858073472976684570e-02
9.931442141532897949e-01
9.885346293449401855e-01
9.784713387489318848e-01
7.232804298400878906e-01
9.438998103141784668e-01
9.891895651817321777e-01
9.990041851997375488e-01
9.438627362251281738e-01
9.793492555618286133e-01
9.721096158027648926e-01
9.444187283515930176e-01
2.937794923782348633e-01
5.214162468910217285e-01
9.917653203010559082e-01
9.862778186798095703e-01
9.674069285392761230e-01
3.186611533164978027e-01
9.740355014801025391e-01
9.909262061119079590e-01
9.912275075912475586e-01
3.848394751548767090e-01
9.780696630477905273e-01
9.991661310195922852e-01
2.535022795200347900e-03
8.461668491363525391e-01
9.997494816780090332e-01
9.918832778930664062e-01
9.865694046020507812e-01
9.673677086830139160e-01
8.749993890523910522e-02
4.274038970470428467e-01
7.284116148948669434e-01
9.990875124931335449e-01
5.509980320930480957e-01
8.195667862892150879e-01
9.997921586036682129e-01
9.802513718605041504e-01
5.876796245574951172e-01
9.998371601104736328e-01
9.907360672950744629e-01
9.843204617500305176e-01
9.603179693222045898e-01
9.821897149085998535e-01
9.547532796859741211e-01
9.935492873191833496e-01
6.570057868957519531e-01
9.817794561386108398e-01
9.637748003005981445e-01
9.997143149375915527e-01
9.815366268157958984e-01
9.138478040695190430e-01
9.995227456092834473e-01
9.934909343719482422e-01
9.886462092399597168e-01
9.725984334945678711e-01
7.183958292007446289e-01
9.363527894020080566e-01
9.933673143386840820e-01
9.886863827705383301e-01
9.717236161231994629e-01
9.897732734680175781e-01
9.844270348548889160e-01
9.754770398139953613e-01
7.978506684303283691e-01
8.670209348201751709e-02
9.817000627517700195e-01
9.667426943778991699e-01
9.717888832092285156e-01
9.798166155815124512e-01
9.802078604698181152e-01
8.612998127937316895e-01
9.995182156562805176e-01
9.802571535110473633e-01
9.060612916946411133e-01
9.735177159309387207e-01
9.989606738090515137e-01
9.992984533309936523e-01
9.991307854652404785e-01
9.698659777641296387e-01
9.313066601753234863e-01
9.431117177009582520e-01
9.846159815788269043e-01
9.305683374404907227e-01
8.652024269104003906e-01
9.987033009529113770e-01
9.824070334434509277e-01
9.990711212158203125e-01
9.987734556198120117e-01
9.986224174499511719e-01
9.992865324020385742e-01
9.935415387153625488e-01
9.874460101127624512e-01
9.793359041213989258e-01
9.660423994064331055e-01
9.767781496047973633e-01
9.804096817970275879e-01
9.835511445999145508e-01
9.995035529136657715e-01
9.795605540275573730e-01
9.840399622917175293e-01
9.996965527534484863e-01
9.375096559524536133e-01
1.993689220398664474e-03
3.795983642339706421e-02
9.895354509353637695e-01
9.824133515357971191e-01
9.729528427124023438e-01
9.656060338020324707e-01
9.393886327743530273e-01
9.358521103858947754e-01
9.995756745338439941e-01
9.714670777320861816e-01
9.819021224975585938e-01
9.995805025100708008e-01
9.621807336807250977e-01
9.987041354179382324e-01
9.992642402648925781e-01
9.909452199935913086e-01
9.835806488990783691e-01
9.719924330711364746e-01
9.244160652160644531e-01
8.666473627090454102e-01
8.313923478126525879e-01
9.995700120925903320e-01
9.618048071861267090e-01
9.890180230140686035e-01
9.995259046554565430e-01
9.613170623779296875e-01
9.940339922904968262e-01
9.963854551315307617e-01
9.856975674629211426e-01
9.668411016464233398e-01
9.590995907783508301e-01
9.540919661521911621e-01
9.887092709541320801e-01
9.837438464164733887e-01
9.835782051086425781e-01
9.664160013198852539e-01
9.930511116981506348e-01
9.867381453514099121e-01
9.905970692634582520e-01
9.992882609367370605e-01
9.996107220649719238e-01
9.880157709121704102e-01
9.714558720588684082e-01
9.566182494163513184e-01
9.637998938560485840e-01
9.890519380569458008e-01
9.855573773384094238e-01
9.636100530624389648e-01
9.687194228172302246e-01
9.889037013053894043e-01
9.810670018196105957e-01
9.658379554748535156e-01
9.872543811798095703e-01
5.683866143226623535e-01
9.880893826484680176e-01
9.793561100959777832e-01
9.742989540100097656e-01
9.255085587501525879e-01
9.857908487319946289e-01
9.830648899078369141e-01
9.969521760940551758e-01
9.470272660255432129e-01
9.879115819931030273e-01
9.897862672805786133e-01
9.511281847953796387e-01
9.908931851387023926e-01
9.780460596084594727e-01
9.859955906867980957e-01
9.741281270980834961e-01
9.300481677055358887e-01
9.139491319656372070e-01
9.855272769927978516e-01
9.868185520172119141e-01
9.494534134864807129e-01
7.818926572799682617e-01
9.875965118408203125e-01
9.911586046218872070e-01
9.924775958061218262e-01
9.729491472244262695e-01
9.998950958251953125e-01
9.515206813812255859e-01
8.770669102668762207e-01
5.669319033622741699e-01
9.812924861907958984e-01
9.373339414596557617e-01
9.286863803863525391e-01
8.562327027320861816e-01
9.779945015907287598e-01
9.880442023277282715e-01
9.746510982513427734e-01
9.916498661041259766e-01
5.208129882812500000e-01
9.931795001029968262e-01
9.852535724639892578e-01
9.525111317634582520e-01
9.339612126350402832e-01
9.582990407943725586e-01
9.879115223884582520e-01
9.570830464363098145e-01
8.914834260940551758e-01
9.703498482704162598e-01
9.970908164978027344e-01
9.808253645896911621e-01
9.615731835365295410e-01
9.298367500305175781e-01
9.988705515861511230e-01
9.614328742027282715e-01
9.427937269210815430e-01
8.941162824630737305e-01
9.836978912353515625e-01
9.429222345352172852e-01
9.397165179252624512e-01
8.828324079513549805e-01
9.785668849945068359e-01
9.845194816589355469e-01
9.959534406661987305e-01
9.994319677352905273e-01
9.546327590942382812e-01
9.978512525558471680e-01
9.864674210548400879e-01
9.834178090095520020e-01
8.899504542350769043e-01
9.622770547866821289e-01
9.891873002052307129e-01
9.696671366691589355e-01
7.872788906097412109e-01
9.660621881484985352e-01
9.521980881690979004e-01
9.869483709335327148e-01
8.559148311614990234e-01
9.711211919784545898e-01
9.329821467399597168e-01
9.749837517738342285e-01
9.546337723731994629e-01
9.577770829200744629e-01
9.781346917152404785e-01
9.816777706146240234e-01
9.630192518234252930e-01
9.918121099472045898e-01
9.750850200653076172e-01
9.668702483177185059e-01
9.549639225006103516e-01
9.886799454689025879e-01
9.656518697738647461e-01
9.909399151802062988e-01
