6.856067478656768799e-02
6.025305390357971191e-01
9.725530445575714111e-02
3.159593045711517334e-02
2.165958732366561890e-01
2.077131271362304688e-01
2.211272865533828735e-01
3.788234665989875793e-02
1.990713328123092651e-01
1.487684901803731918e-02
3.444143757224082947e-02
3.869908452033996582e-01
3.402521014213562012e-01
5.857794731855392456e-02
4.420394897460937500e-01
2.293120138347148895e-02
1.579278260469436646e-01
2.140368819236755371e-01
4.571466147899627686e-01
3.910699188709259033e-01
2.149478644132614136e-01
3.202387988567352295e-01
2.076852619647979736e-01
3.621918261051177979e-01
5.912997126579284668e-01
2.794168293476104736e-01
2.299005910754203796e-02
1.746173948049545288e-04
4.065095186233520508e-01
3.421385306864976883e-03
1.726884841918945312e-01
2.134310454130172729e-01
2.117375731468200684e-01
1.545598823577165604e-02
1.669527292251586914e-01
3.339564800262451172e-02
1.733917891979217529e-01
2.014058083295822144e-01
2.980821132659912109e-01
2.992053031921386719e-01
2.577796019613742828e-02
6.296364217996597290e-02
1.173496469855308533e-01
5.109994206577539444e-03
5.694993138313293457e-01
3.685952425003051758e-01
1.951459050178527832e-01
3.384708762168884277e-01
5.176636477699503303e-05
8.037307113409042358e-02
2.140358090400695801e-01
1.856984347105026245e-01
7.964070141315460205e-02
2.596500515937805176e-02
6.058191061019897461e-01
2.025850117206573486e-02
1.529629528522491455e-01
5.138859152793884277e-01
4.032794535160064697e-01
3.227917253971099854e-01
2.179371267557144165e-01
8.176987618207931519e-02
4.427239894866943359e-01
4.086821675300598145e-01
2.784465551376342773e-01
6.419565528631210327e-02
1.950821140781044960e-03
2.677340507507324219e-01
2.665547095239162445e-02
9.368710219860076904e-03
4.303079098463058472e-02
1.976918615400791168e-02
1.196509227156639099e-01
1.204109340906143188e-01
1.384066563332453370e-04
3.933582454919815063e-03
3.769716620445251465e-02
5.602861940860748291e-02
1.795085263438522816e-03
1.404177397489547729e-02
5.970257520675659180e-01
1.058391034603118896e-01
1.983765363693237305e-01
2.358668111264705658e-02
8.156671375036239624e-02
4.555012658238410950e-02
1.685542613267898560e-01
7.930157780647277832e-01
1.110754311084747314e-01
2.117096036672592163e-01
3.986288011074066162e-01
2.102538943290710449e-03
2.123290486633777618e-02
8.012944459915161133e-01
1.916267909109592438e-02
5.731347203254699707e-02
1.068822946399450302e-02
2.101556211709976196e-01
2.685832232236862183e-02
1.824375241994857788e-02
2.434517741203308105e-01
2.099591046571731567e-01
2.054419666528701782e-01
2.506458163261413574e-01
3.485265187919139862e-04
1.687036710791289806e-03
4.071098268032073975e-01
7.088860869407653809e-02
1.061273887753486633e-01
1.549489796161651611e-01
1.998107284307479858e-01
9.106636047363281250e-01
1.351901888847351074e-01
2.061091214418411255e-01
1.973774135112762451e-01
3.492812514305114746e-01
3.567037284374237061e-01
4.937287885695695877e-04
5.245217122137546539e-03
7.831511497497558594e-01
3.510295227169990540e-02
4.631971940398216248e-02
2.866331338882446289e-01
2.091137319803237915e-01
5.001221299171447754e-01
2.314776480197906494e-01
1.645395755767822266e-01
2.070389091968536377e-01
2.158407866954803467e-01
1.038168892264366150e-01
4.471696913242340088e-03
2.147189676761627197e-01
4.140847325325012207e-01
1.506604552268981934e-01
2.702628821134567261e-02
4.011346027255058289e-02
3.802670240402221680e-01
3.028191924095153809e-01
9.476239234209060669e-02
2.592409253120422363e-01
3.061801195144653320e-01
7.304380834102630615e-02
2.171181440353393555e-01
2.676471769809722900e-01
2.694190740585327148e-01
9.320298433303833008e-01
2.737201154232025146e-01
4.761705920100212097e-02
2.610513567924499512e-02
5.948354005813598633e-01
3.503932431340217590e-02
1.248130947351455688e-01
2.693536318838596344e-02
2.709408104419708252e-02
2.022560834884643555e-01
2.062884271144866943e-01
2.869066782295703888e-02
2.535208463668823242e-01
4.094718396663665771e-01
5.595407634973526001e-02
2.211407572031021118e-02
5.150433257222175598e-02
2.015909105539321899e-01
3.630399703979492188e-01
1.344340443611145020e-01
6.616057157516479492e-01
7.849211990833282471e-02
2.034839391708374023e-01
3.932665288448333740e-01
6.178950071334838867e-01
2.069070488214492798e-01
2.237061113119125366e-01
5.517286062240600586e-02
2.763983607292175293e-01
2.553936541080474854e-01
7.665612697601318359e-01
8.361627459526062012e-01
4.551649391651153564e-01
3.981811404228210449e-01
4.167673885822296143e-01
5.300379395484924316e-01
5.174965858459472656e-01
6.207321882247924805e-01
1.465093111619353294e-03
2.385362237691879272e-01
3.547490835189819336e-01
4.337625205516815186e-02
2.395754680037498474e-03
3.033260703086853027e-01
1.758148372173309326e-01
2.076349407434463501e-02
1.086059564840979874e-04
8.479062467813491821e-03
8.651231229305267334e-02
3.106669187545776367e-01
5.765359401702880859e-01
1.388195604085922241e-01
1.845338493585586548e-01
1.655585169792175293e-01
2.744897902011871338e-01
4.042851030826568604e-01
1.835784912109375000e-01
2.333135157823562622e-01
4.166088700294494629e-01
2.018290013074874878e-01
1.935919225215911865e-01
1.699169725179672241e-02
5.140941739082336426e-01
4.284109771251678467e-01
2.231386750936508179e-01
2.040644735097885132e-01
2.068677395582199097e-01
1.646525226533412933e-02
9.266810864210128784e-02
1.996010541915893555e-01
2.305664569139480591e-01
3.325696289539337158e-01
1.633560657501220703e-01
2.245032638311386108e-01
3.602712452411651611e-01
2.485208064317703247e-01
7.898062467575073242e-01
5.917197465896606445e-02
8.771160244941711426e-01
2.633209824562072754e-01
9.813608601689338684e-03
7.099984213709831238e-03
2.766757011413574219e-01
2.431272119283676147e-01
2.983401417732238770e-01
4.184845020063221455e-04
4.211548715829849243e-02
4.491674602031707764e-01
4.397301077842712402e-01
4.647559225559234619e-01
1.592469774186611176e-02
7.637571692466735840e-01
2.384335994720458984e-01
3.935899734497070312e-01
7.690812647342681885e-02
5.538653135299682617e-01
2.537375688552856445e-01
1.447053849697113037e-01
2.018417119979858398e-01
3.502418398857116699e-01
2.974518537521362305e-01
7.240164279937744141e-02
2.448112964630126953e-01
2.863929271697998047e-01
6.023730635643005371e-01
5.822001099586486816e-01
4.967325832694768906e-03
2.348025590181350708e-01
4.108467698097229004e-01
6.961706280708312988e-01
1.738507747650146484e-01
8.618678152561187744e-02
4.909349679946899414e-01
4.788609147071838379e-01
4.463146328926086426e-01
2.170242667198181152e-01
2.460719943046569824e-01
4.728583693504333496e-01
2.129859663546085358e-02
3.180217742919921875e-01
9.001582860946655273e-03
4.195234179496765137e-01
5.821552872657775879e-01
7.493649721145629883e-01
2.961101243272423744e-03
4.996141791343688965e-01
2.643111944198608398e-01
3.067146241664886475e-01
4.076349139213562012e-01
1.361161321401596069e-01
2.327765822410583496e-01
9.675163030624389648e-01
5.855954885482788086e-01
8.723559230566024780e-02
5.862780809402465820e-01
2.829449474811553955e-01
1.959409415721893311e-01
2.586547136306762695e-01
3.535570800304412842e-01
2.237632274627685547e-01
5.588174462318420410e-01
9.893132448196411133e-01
1.223724335432052612e-02
6.244155764579772949e-02
4.574760794639587402e-01
1.932802796363830566e-01
1.009100228548049927e-01
3.236281871795654297e-01
4.636211991310119629e-01
3.966115117073059082e-01
2.682325243949890137e-01
7.570890244096517563e-03
3.621082007884979248e-01
3.246896266937255859e-01
4.440195858478546143e-01
2.063028514385223389e-01
7.836792469024658203e-01
2.354528605937957764e-01
1.335497200489044189e-01
1.499525755643844604e-01
5.791703462600708008e-01
9.578069448471069336e-01
1.147034466266632080e-01
5.140271782875061035e-01
3.785481452941894531e-01
4.779700189828872681e-02
3.624735027551651001e-02
4.043781161308288574e-01
1.568308174610137939e-01
4.006741642951965332e-01
4.118882715702056885e-01
6.597346663475036621e-01
2.287097275257110596e-01
3.001563549041748047e-01
1.839396208524703979e-01
3.568529188632965088e-01
2.041520774364471436e-01
1.129527091979980469e-01
6.447850912809371948e-02
3.503262996673583984e-01
4.207199811935424805e-01
5.363696813583374023e-02
2.269715368747711182e-01
3.264977931976318359e-01
2.480518221855163574e-01
4.381326213479042053e-02
4.240093529224395752e-01
5.878235101699829102e-01
4.629974961280822754e-01
8.079145918600261211e-04
1.599732786417007446e-01
3.537269532680511475e-01
4.078246653079986572e-01
6.293690800666809082e-01
2.414812892675399780e-01
4.654000997543334961e-01
3.617441058158874512e-01
7.104025781154632568e-02
3.920217752456665039e-01
2.911848723888397217e-01
4.463433921337127686e-01
4.334650933742523193e-01
2.232809364795684814e-01
2.712480127811431885e-01
3.008764982223510742e-01
3.785885870456695557e-01
7.931953072547912598e-01
6.130022406578063965e-01
5.757743120193481445e-01
6.272904872894287109e-01
2.182640880346298218e-01
4.002504050731658936e-01
3.732047379016876221e-01
2.206717431545257568e-01
3.149733841419219971e-01
5.426950007677078247e-02
2.423720508813858032e-01
2.891454398632049561e-01
2.511233389377593994e-01
6.093765497207641602e-01
8.819933049380779266e-03
3.032291494309902191e-02
3.070541918277740479e-01
5.548628568649291992e-01
1.111607849597930908e-01
1.994079723954200745e-02
4.860183894634246826e-01
7.310985326766967773e-01
4.072805643081665039e-01
2.657391428947448730e-01
3.812510371208190918e-01
4.115566015243530273e-01
5.905318856239318848e-01
3.934637308120727539e-01
7.149674892425537109e-01
5.938593149185180664e-01
4.281827807426452637e-01
4.054847955703735352e-01
2.348363846540451050e-01
6.974104046821594238e-02
4.626860618591308594e-01
1.143747824244201183e-03
9.379656612873077393e-02
3.458775877952575684e-01
4.379159212112426758e-01
5.784826278686523438e-01
2.437577545642852783e-01
4.066107571125030518e-01
3.267586529254913330e-01
3.886870443820953369e-01
2.966484129428863525e-01
2.444124370813369751e-01
3.480536341667175293e-01
2.701427340507507324e-01
2.606371650472283363e-03
1.343318372964859009e-01
1.379459649324417114e-01
3.662349581718444824e-01
2.106580883264541626e-01
1.999966055154800415e-01
5.980339050292968750e-01
2.312534600496292114e-01
3.165382742881774902e-01
3.493000268936157227e-01
4.591638147830963135e-01
1.466908771544694901e-02
3.708248138427734375e-01
3.891583383083343506e-01
1.757375337183475494e-02
2.812630534172058105e-01
1.220486909151077271e-01
4.016433060169219971e-01
4.066466093063354492e-01
6.014539599418640137e-01
5.383858680725097656e-01
5.902015566825866699e-01
2.050786651670932770e-02
4.544864892959594727e-01
4.892399907112121582e-01
5.641731023788452148e-01
9.032697975635528564e-02
3.910020291805267334e-01
7.261419892311096191e-01
5.958445072174072266e-01
5.995162725448608398e-01
5.809640884399414062e-01
2.146218568086624146e-01
2.571695744991302490e-01
4.087888896465301514e-01
6.403450965881347656e-01
1.727768592536449432e-02
5.599205493927001953e-01
4.025557041168212891e-01
2.404762506484985352e-01
1.435924507677555084e-02
4.384905695915222168e-01
7.042266130447387695e-01
7.942923307418823242e-01
2.542167007923126221e-01
2.029169946908950806e-01
4.786588549613952637e-01
2.029339969158172607e-01
2.290848046541213989e-01
2.183488607406616211e-01
4.268447756767272949e-01
4.559924006462097168e-01
4.090416431427001953e-01
3.817743435502052307e-02
2.852968275547027588e-01
7.914984822273254395e-01
7.825874090194702148e-01
2.650877535343170166e-01
5.605642870068550110e-02
2.438339032232761383e-02
4.594619870185852051e-01
4.891725182533264160e-01
2.756917178630828857e-01
4.171456992626190186e-01
6.231309175491333008e-01
4.021443724632263184e-01
1.893833428621292114e-01
2.157671302556991577e-01
3.746268451213836670e-01
5.914934873580932617e-01
5.947058796882629395e-01
4.271344840526580811e-01
4.520461261272430420e-01
6.059543490409851074e-01
3.345358371734619141e-01
4.884644448757171631e-01
3.375915884971618652e-01
2.590359449386596680e-01
1.882951520383358002e-02
1.903209984302520752e-01
4.005159139633178711e-01
4.627008922398090363e-03
6.181141138076782227e-01
4.386079031974077225e-03
9.704104065895080566e-02
3.483843505382537842e-01
2.009358257055282593e-01
1.802627113647758961e-03
4.337414866313338280e-04
6.164180114865303040e-02
1.950466781854629517e-01
1.544728991575539112e-03
2.178790047764778137e-02
1.404313743114471436e-01
3.177422657608985901e-02
4.737210273742675781e-01
5.565141439437866211e-01
1.955761611461639404e-01
5.339617133140563965e-01
2.468645945191383362e-02
4.356096964329481125e-03
2.873829007148742676e-01
5.211957171559333801e-02
2.710798680782318115e-01
5.618176073767244816e-04
7.599543780088424683e-02
2.427583485841751099e-01
5.988351106643676758e-01
7.936301231384277344e-01
4.321237802505493164e-01
3.764401078224182129e-01
2.972894906997680664e-01
3.936790823936462402e-01
2.129398752003908157e-03
3.000798225402832031e-01
3.696741163730621338e-01
2.545134127140045166e-01
1.005648821592330933e-01
1.995353698730468750e-01
5.760629773139953613e-01
2.086564749479293823e-01
2.402980178594589233e-01
5.981770157814025879e-01
3.878104686737060547e-01
3.665063381195068359e-01
5.018835067749023438e-01
4.311226010322570801e-01
3.262903094291687012e-01
1.452306061983108521e-01
1.664170622825622559e-01
7.971968501806259155e-03
3.256082162261009216e-02
2.726768255233764648e-01
7.441625595092773438e-01
4.397338926792144775e-01
2.142435759305953979e-01
1.072299703955650330e-01
2.062527984380722046e-01
2.525453567504882812e-01
6.113345026969909668e-01
3.206667024642229080e-03
4.996215105056762695e-01
1.293716281652450562e-01
1.078841625712811947e-03
5.050691217184066772e-02
2.637377083301544189e-01
4.016366302967071533e-01
8.005802035331726074e-01
2.673842012882232666e-01
1.988019794225692749e-01
1.107544898986816406e-01
6.025174856185913086e-01
4.069634079933166504e-01
1.250647008419036865e-01
5.389193296432495117e-01
3.916610479354858398e-01
2.230177400633692741e-03
2.781324982643127441e-01
1.712635606527328491e-01
4.521450698375701904e-01
2.353899627923965454e-01
3.897481858730316162e-01
2.232012748718261719e-01
2.531204372644424438e-02
3.957515358924865723e-01
5.385135412216186523e-01
3.537889104336500168e-03
3.162308409810066223e-02
3.953680098056793213e-01
4.189096391201019287e-03
3.104841411113739014e-01
2.488879859447479248e-01
2.150143831968307495e-01
4.174183607101440430e-01
4.027878344058990479e-01
7.860535383224487305e-02
9.118637442588806152e-01
5.744199454784393311e-02
2.460461705923080444e-01
3.831098147202283144e-04
4.137069880962371826e-01
3.756669461727142334e-01
6.678442955017089844e-01
2.942258119583129883e-01
3.670573830604553223e-01
3.696718215942382812e-01
6.084392070770263672e-01
3.430248200893402100e-01
3.631197661161422729e-02
1.408635228872299194e-01
5.309554338455200195e-01
4.801831245422363281e-01
2.548342570662498474e-03
1.398874521255493164e-01
8.739056438207626343e-02
6.344628334045410156e-02
9.581794962286949158e-03
2.329276651144027710e-01
3.908413946628570557e-01
6.982169747352600098e-01
7.858892083168029785e-01
3.938688605558127165e-04
2.381152808666229248e-01
5.715509057044982910e-01
2.037275731563568115e-01
3.554449416697025299e-03
2.514063194394111633e-02
1.893702447414398193e-01
7.961321473121643066e-01
3.959494829177856445e-02
4.899096209555864334e-03
3.988752067089080811e-01
4.871459603309631348e-01
4.003125429153442383e-01
2.222483158111572266e-01
1.247351914644241333e-01
4.405661821365356445e-01
4.279618561267852783e-01
4.180556163191795349e-03
1.129589825868606567e-01
6.233668327331542969e-02
7.197324037551879883e-01
8.624411188066005707e-03
3.614848479628562927e-02
7.590062916278839111e-02
3.886093795299530029e-01
5.512976050376892090e-01
4.356358051300048828e-01
4.005225300788879395e-01
2.251564860343933105e-01
4.168709814548492432e-01
2.986258640885353088e-02
3.426261246204376221e-02
3.617879152297973633e-01
4.079288616776466370e-02
2.000178843736648560e-01
2.140440046787261963e-01
9.854187965393066406e-01
5.457586646080017090e-01
3.687452375888824463e-01
3.637043535709381104e-01
4.691788554191589355e-01
1.206001639366149902e-02
3.833653926849365234e-01
2.863259017467498779e-01
3.364498019218444824e-01
3.279402852058410645e-01
1.368740499019622803e-01
2.031341642141342163e-01
2.320124953985214233e-01
4.137936830520629883e-01
5.419994592666625977e-01
3.095427453517913818e-01
1.936922222375869751e-01
4.019241929054260254e-01
8.809182047843933105e-02
8.561247377656400204e-04
1.069579506292939186e-03
3.895036578178405762e-01
1.046871300786733627e-03
3.098939545452594757e-03
1.210195943713188171e-02
9.670085459947586060e-02
1.307643298059701920e-02
7.740093469619750977e-01
7.933321595191955566e-01
1.943553835153579712e-01
4.013659954071044922e-01
3.227889537811279297e-01
8.094087988138198853e-02
3.914986848831176758e-01
1.897414028644561768e-01
4.072388708591461182e-01
3.934772014617919922e-01
2.151193916797637939e-01
1.490577906370162964e-01
5.312896966934204102e-01
2.221576422452926636e-01
4.815609157085418701e-01
4.160558746661990881e-04
4.604508280754089355e-01
9.771538525819778442e-02
4.875467158854007721e-03
2.070979401469230652e-02
7.837827503681182861e-02
2.824681997299194336e-01
7.089543342590332031e-02
1.963209807872772217e-01
1.993095427751541138e-01
4.501254558563232422e-01
6.032885313034057617e-01
4.391784965991973877e-01
1.138611882925033569e-02
4.749169647693634033e-01
2.115618139505386353e-01
1.680891066789627075e-01
9.365731477737426758e-02
1.945102810859680176e-01
4.011456966400146484e-01
3.083570860326290131e-03
5.752096176147460938e-01
7.148255407810211182e-02
2.006955146789550781e-01
7.860395312309265137e-01
4.012428820133209229e-01
4.211336374282836914e-03
3.947353363037109375e-01
1.487651914358139038e-01
6.997653096914291382e-02
3.874052166938781738e-01
3.988143801689147949e-01
2.800467312335968018e-01
4.483580291271209717e-01
1.994718462228775024e-01
4.565465450286865234e-01
6.733996272087097168e-01
5.782754421234130859e-01
4.145915210247039795e-01
4.811718687415122986e-02
2.498401254415512085e-01
2.036736160516738892e-01
4.043659269809722900e-01
2.195945233106613159e-01
2.484687417745590210e-01
1.662264764308929443e-01
6.098036766052246094e-01
9.737762738950550556e-04
1.507070958614349365e-01
5.708585381507873535e-01
6.853872537612915039e-01
6.798061728477478027e-01
1.934002637863159180e-01
2.123946696519851685e-01
2.609074413776397705e-01
2.172311842441558838e-01
2.057860791683197021e-01
5.621079802513122559e-01
2.807503938674926758e-01
3.749102950096130371e-01
1.910306662321090698e-01
3.260453939437866211e-01
3.352116644382476807e-01
7.608897686004638672e-01
5.869849324226379395e-01
1.889756023883819580e-01
5.088620185852050781e-01
1.486800909042358398e-01
4.078502058982849121e-01
2.647602558135986328e-01
5.145217180252075195e-01
4.889120459556579590e-01
2.719647288322448730e-01
1.953802257776260376e-01
3.503948152065277100e-01
5.785908102989196777e-01
5.521730184555053711e-01
5.786703824996948242e-01
1.842331439256668091e-01
1.875784099102020264e-01
2.531082332134246826e-01
2.976701259613037109e-01
9.253521263599395752e-02
4.349077641963958740e-01
3.075550794601440430e-01
2.146656960248947144e-01
2.070214748382568359e-01
4.364726543426513672e-01
4.366719126701354980e-01
4.308030605316162109e-01
1.982442885637283325e-01
1.821084618568420410e-01
2.062828391790390015e-01
5.486513972282409668e-01
3.489489853382110596e-01
5.086153745651245117e-02
1.508971899747848511e-01
1.893756985664367676e-01
5.952472798526287079e-03
2.015869021415710449e-01
1.876440644264221191e-01
1.568948924541473389e-01
5.954956412315368652e-01
3.987342715263366699e-01
1.978019326925277710e-01
2.121854424476623535e-01
3.153825402259826660e-01
2.135957032442092896e-01
5.271099209785461426e-01
2.704848162829875946e-02
1.002594456076622009e-01
3.380595147609710693e-01
5.464966967701911926e-02
2.825537323951721191e-01
4.776517674326896667e-02
4.155355691909790039e-01
3.289239406585693359e-01
4.187514260411262512e-02
1.436937898397445679e-01
1.913811415433883667e-01
2.073594480752944946e-01
4.609427750110626221e-01
6.208846569061279297e-01
2.912781536579132080e-01
7.473517209291458130e-02
2.186087667942047119e-01
4.809755384922027588e-01
7.498024702072143555e-01
4.083336293697357178e-01
3.895620107650756836e-01
8.064427413046360016e-03
2.227047532796859741e-01
4.049170017242431641e-01
1.858234107494354248e-01
3.599719405174255371e-01
7.835417389869689941e-01
7.834548354148864746e-01
7.597631961107254028e-02
3.058829903602600098e-01
4.235057532787322998e-01
5.752032995223999023e-01
4.045270085334777832e-01
3.956625759601593018e-01
3.625981509685516357e-01
6.262735128402709961e-01
1.114239245653152466e-01
2.117289751768112183e-01
2.466855049133300781e-01
5.971289277076721191e-01
5.184621214866638184e-01
4.471890628337860107e-01
3.882890567183494568e-02
3.345427215099334717e-01
6.681708097457885742e-01
8.194244503974914551e-01
4.710610508918762207e-01
1.511555463075637817e-01
6.067295074462890625e-01
3.908138871192932129e-01
2.636447548866271973e-01
2.009247541427612305e-01
5.974305868148803711e-01
4.424958825111389160e-01
6.077208518981933594e-01
1.392220109701156616e-01
2.925597131252288818e-01
3.907439708709716797e-01
6.004155278205871582e-01
2.670630216598510742e-01
1.528005301952362061e-02
3.416618406772613525e-01
1.419000029563903809e-01
1.582181006669998169e-01
5.105535984039306641e-01
2.328277975320816040e-01
2.641488611698150635e-01
2.174510955810546875e-01
1.132766623049974442e-02
4.022049307823181152e-01
5.856006592512130737e-02
3.956811428070068359e-01
2.087479829788208008e-01
1.360512524843215942e-02
3.588891625404357910e-01
3.810672163963317871e-01
2.497147768735885620e-01
9.771513938903808594e-01
4.047272205352783203e-01
5.715093389153480530e-02
3.450888097286224365e-01
1.882163584232330322e-01
3.961935639381408691e-01
4.689091742038726807e-01
6.141580343246459961e-01
3.942544460296630859e-01
2.942161262035369873e-01
3.976416289806365967e-01
2.705951333045959473e-01
3.968201875686645508e-01
2.092064917087554932e-01
1.603878848254680634e-02
4.109312295913696289e-01
3.192541375756263733e-02
1.524702012538909912e-01
4.446923732757568359e-01
3.564052581787109375e-01
6.003982424736022949e-01
4.569828808307647705e-01
1.977474614977836609e-02
3.888441622257232666e-01
2.181565463542938232e-01
4.068563878536224365e-01
5.858670473098754883e-01
2.035130858421325684e-01
3.130154907703399658e-01
2.083386778831481934e-01
1.528034955263137817e-01
4.304525852203369141e-01
1.893803328275680542e-01
5.155889987945556641e-01
7.782031893730163574e-01
4.269258351996541023e-04
4.013816118240356445e-01
4.051270782947540283e-01
3.609804511070251465e-01
4.886538088321685791e-01
3.272316455841064453e-01
1.738065183162689209e-01
2.136891633272171021e-01
6.036953330039978027e-01
4.564181268215179443e-01
2.018922418355941772e-01
4.059433639049530029e-01
2.028737068176269531e-01
2.007925063371658325e-01
7.764766216278076172e-01
3.648416996002197266e-01
3.630765974521636963e-01
1.960444450378417969e-02
3.845614790916442871e-01
7.820379734039306641e-01
2.944161295890808105e-01
3.637403249740600586e-01
7.095500230789184570e-01
2.508170604705810547e-01
5.945838689804077148e-01
6.107221841812133789e-01
1.236404627561569214e-01
5.502728223800659180e-01
3.759961947798728943e-02
5.385388731956481934e-01
1.624285131692886353e-01
5.450940132141113281e-01
1.668114066123962402e-01
3.723171353340148926e-01
7.320544123649597168e-01
7.945239543914794922e-01
7.407996654510498047e-01
5.977360010147094727e-01
5.719450712203979492e-01
8.989033102989196777e-02
6.091893911361694336e-01
3.882951438426971436e-01
3.419015407562255859e-01
1.961296051740646362e-01
4.188101291656494141e-01
5.335155129432678223e-01
6.559355854988098145e-01
1.955011636018753052e-01
3.648763895034790039e-01
5.061038732528686523e-01
5.914267897605895996e-01
1.974453330039978027e-01
4.099009558558464050e-03
3.041780591011047363e-01
2.196626514196395874e-01
2.992471158504486084e-01
1.973816752433776855e-01
2.322024554014205933e-01
4.648167490959167480e-01
4.100702702999114990e-01
1.566737331449985504e-02
5.913283228874206543e-01
2.148486971855163574e-01
6.218572854995727539e-01
1.223991066217422485e-01
1.037322804331779480e-01
3.892655372619628906e-01
4.119283854961395264e-01
5.703712701797485352e-01
4.603877663612365723e-01
7.914088368415832520e-01
5.174832940101623535e-01
1.683813482522964478e-01
1.923526227474212646e-01
5.891996622085571289e-01
7.072309255599975586e-01
7.929537296295166016e-01
5.295970439910888672e-01
5.497689247131347656e-01
4.041966795921325684e-01
2.405912578105926514e-01
4.799681603908538818e-01
2.006318271160125732e-01
4.332469105720520020e-01
2.588545382022857666e-01
3.915249253623187542e-04
2.219237759709358215e-02
4.110756143927574158e-02
4.048545360565185547e-01
2.541036009788513184e-01
6.009801030158996582e-01
2.863589208573102951e-03
5.975583791732788086e-01
2.146311700344085693e-01
6.952955722808837891e-01
4.029207229614257812e-01
4.705515205860137939e-01
2.486654184758663177e-02
2.282096259295940399e-02
1.697562336921691895e-01
4.608158394694328308e-02
2.132354974746704102e-01
7.959614992141723633e-01
2.472087591886520386e-01
1.027561947703361511e-01
2.103501409292221069e-01
7.663007378578186035e-01
2.564781010150909424e-01
2.910179272294044495e-02
6.061889696866273880e-03
2.587072253227233887e-01
8.116986718960106373e-04
2.757137455046176910e-02
6.632013618946075439e-02
1.601380705833435059e-01
5.842407345771789551e-01
2.009182274341583252e-01
3.274405896663665771e-01
2.336025983095169067e-01
8.048656582832336426e-01
3.947882652282714844e-01
4.616526365280151367e-01
3.435554504394531250e-01
4.667260646820068359e-01
6.546139121055603027e-01
4.579908028244972229e-02
3.836713433265686035e-01
5.710853934288024902e-01
9.287019371986389160e-01
4.017839133739471436e-01
2.094379365444183350e-01
3.670089840888977051e-01
2.261227965354919434e-01
4.923502355813980103e-02
6.020357608795166016e-01
1.532229036092758179e-01
6.232690811157226562e-01
5.094774961471557617e-01
5.579852033406496048e-03
6.407546252012252808e-02
4.493395686149597168e-01
3.918338716030120850e-01
6.214789748191833496e-01
4.171010255813598633e-01
4.742318391799926758e-01
2.110144793987274170e-01
3.595430776476860046e-02
1.000410765409469604e-01
2.132644355297088623e-01
1.127355843782424927e-01
2.023098468780517578e-01
2.248371765017509460e-02
2.027316838502883911e-01
7.291335612535476685e-02
3.172763586044311523e-01
4.092918932437896729e-01
1.888592243194580078e-01
3.916913270950317383e-01
2.724915444850921631e-01
3.983995914459228516e-01
2.068091183900833130e-01
5.591629073023796082e-02
2.352079190313816071e-02
2.676575630903244019e-02
1.586081981658935547e-01
3.966205120086669922e-01
3.407522439956665039e-01
6.142064332962036133e-01
7.642240524291992188e-01
2.650467120110988617e-02
2.120586931705474854e-01
7.465668320655822754e-01
3.992090523242950439e-01
8.561598137021064758e-03
3.585889637470245361e-01
2.147698774933815002e-02
2.365655265748500824e-02
3.048090077936649323e-02
1.889250427484512329e-01
5.846117138862609863e-01
6.163005232810974121e-01
2.046483457088470459e-01
2.014417201280593872e-03
5.966403484344482422e-01
4.254985153675079346e-01
4.074714481830596924e-01
6.189771890640258789e-01
1.900604963302612305e-01
7.934136316180229187e-03
2.083675563335418701e-01
1.042657718062400818e-02
5.152873992919921875e-01
2.722689509391784668e-01
7.899784445762634277e-01
3.963045477867126465e-01
2.228361070156097412e-01
2.060131281614303589e-01
4.195725545287132263e-02
1.875372380018234253e-01
1.998496651649475098e-01
4.156229794025421143e-01
4.245549440383911133e-01
4.173294901847839355e-01
6.367235619109123945e-05
4.043765366077423096e-01
2.807756662368774414e-01
8.369671702384948730e-01
3.806970119476318359e-01
4.744407488033175468e-04
9.429364800453186035e-01
5.888667106628417969e-01
5.517865419387817383e-01
1.902475059032440186e-01
2.077606618404388428e-01
2.220645695924758911e-01
5.999230146408081055e-01
4.442522185854613781e-04
3.664932548999786377e-01
7.191588878631591797e-01
7.817009091377258301e-01
2.344487756490707397e-01
6.255768537521362305e-01
4.041395187377929688e-01
3.217221423983573914e-02
4.413183331489562988e-01
1.891332864761352539e-01
2.276616245508193970e-01
2.980227470397949219e-01
2.191060334444046021e-01
6.862415000796318054e-03
1.989200562238693237e-01
4.084526896476745605e-01
7.941166162490844727e-01
2.274254560470581055e-01
3.344941139221191406e-01
5.604769587516784668e-01
6.974641084671020508e-01
1.909065991640090942e-01
3.849517181515693665e-02
4.123132228851318359e-01
3.899846374988555908e-01
4.225546959787607193e-03
2.280752956867218018e-01
4.054256379604339600e-01
6.506647332571446896e-04
5.529689788818359375e-01
1.861267089843750000e-01
1.791683882474899292e-01
7.579377889633178711e-01
5.557968840003013611e-02
3.727225661277770996e-01
1.348111033439636230e-01
3.555557429790496826e-01
7.433912754058837891e-01
6.837878823280334473e-01
2.107103727757930756e-02
1.535945981740951538e-01
7.955807447433471680e-01
3.666946291923522949e-01
5.790841579437255859e-01
2.423021476715803146e-03
1.738918274641036987e-01
5.910072326660156250e-01
6.672053337097167969e-01
1.979294568300247192e-01
4.704483151435852051e-01
2.140218615531921387e-01
3.684836626052856445e-02
1.940885484218597412e-01
7.933015935122966766e-03
2.084776610136032104e-01
2.598233819007873535e-01
5.020025968551635742e-01
1.329508842900395393e-03
4.120923280715942383e-01
4.074406623840332031e-01
3.582860231399536133e-01
5.737671852111816406e-01
5.847763419151306152e-01
5.971995592117309570e-01
6.000676751136779785e-01
9.754696511663496494e-04
2.003214061260223389e-01
1.527262479066848755e-01
5.969352722167968750e-01
1.313165761530399323e-02
2.261728346347808838e-01
2.910450100898742676e-01
4.706498980522155762e-01
6.415519863367080688e-02
6.766514778137207031e-01
2.010086625814437866e-01
3.347218334674835205e-01
6.052560806274414062e-01
2.246117964386940002e-02
5.767635703086853027e-01
6.219596266746520996e-01
4.544348716735839844e-01
1.829332262277603149e-01
9.888444095849990845e-03
3.512789011001586914e-01
4.224579930305480957e-01
3.436501324176788330e-01
7.298640608787536621e-01
6.278639435768127441e-01
7.502915263175964355e-01
6.804016828536987305e-01
1.863007247447967529e-01
2.046313732862472534e-01
4.046351909637451172e-01
5.940004587173461914e-01
4.407939612865447998e-01
1.735456138849258423e-01
5.704835429787635803e-02
1.544682681560516357e-01
3.380960822105407715e-01
4.957360625267028809e-01
1.715547889471054077e-01
4.833895564079284668e-01
1.990847289562225342e-01
2.417848299955949187e-04
1.817838475108146667e-02
3.920643925666809082e-01
4.141684770584106445e-01
2.058582305908203125e-01
3.024758100509643555e-01
4.004725217819213867e-01
4.396002590656280518e-01
5.134785175323486328e-01
3.948370218276977539e-01
2.857564091682434082e-01
2.169718444347381592e-01
4.649959206581115723e-01
4.909118264913558960e-02
1.309269815683364868e-01
6.051859855651855469e-01
5.731975287199020386e-02
2.226708829402923584e-01
1.569122821092605591e-02
2.193245142698287964e-01
2.378206104040145874e-01
3.196889460086822510e-01
3.496650159358978271e-01
2.188825756311416626e-01
5.812894701957702637e-01
3.534427285194396973e-01
8.078001737594604492e-01
1.391440778970718384e-01
6.075283288955688477e-01
6.009109020233154297e-01
3.976514935493469238e-01
2.071797996759414673e-01
7.988677024841308594e-01
3.570338785648345947e-01
1.527867466211318970e-01
3.544741868972778320e-01
2.832695841789245605e-01
5.522933602333068848e-01
5.381865501403808594e-01
6.646806597709655762e-01
2.919505909085273743e-02
3.308780789375305176e-01
7.895909547805786133e-01
6.115612573921680450e-03
1.720420122146606445e-01
1.496752351522445679e-02
4.284179806709289551e-01
5.402907133102416992e-01
5.536059737205505371e-01
8.517874777317047119e-02
3.680065572261810303e-01
2.903972864151000977e-01
2.284938097000122070e-01
5.114025250077247620e-02
3.603207170963287354e-01
7.455006837844848633e-01
5.457393527030944824e-01
1.812766045331954956e-01
2.077368348836898804e-01
5.667585134506225586e-01
4.261834919452667236e-01
5.182516574859619141e-01
3.433725535869598389e-01
2.309392243623733521e-01
3.448636084794998169e-02
3.996923863887786865e-01
1.769725382328033447e-01
6.683164238929748535e-01
7.775396108627319336e-01
4.562705457210540771e-01
3.455737531185150146e-01
5.937325358390808105e-01
2.272289097309112549e-01
4.409858584403991699e-01
5.358234643936157227e-01
4.118465185165405273e-01
4.120348095893859863e-01
2.396494746208190918e-01
2.511364817619323730e-01
8.385601639747619629e-02
1.454971432685852051e-01
6.124042272567749023e-01
3.237445056438446045e-01
1.722698360681533813e-01
5.440695285797119141e-01
2.245743274688720703e-01
7.111797332763671875e-01
2.675818204879760742e-01
1.293346169404685497e-03
5.629301667213439941e-01
5.602047443389892578e-01
5.654369592666625977e-01
2.009013891220092773e-01
2.023399770259857178e-01
