7.008493198798253498e-01
8.885964751243591309e-01
6.966770019095677169e-01
7.182007678426228781e-01
8.427272651057976516e-01
3.392007316758211544e-01
6.542156596596424567e-01
9.611077996400686496e-01
8.826204354946429742e-01
9.012679480589352865e-01
8.683044469127287890e-01
7.988023287974871378e-01
8.507710557717543809e-01
8.079672364088205105e-01
5.775352274784102402e-01
6.428342521047363256e-01
7.116501477475349891e-01
7.567520272703125439e-01
6.204156150611547238e-01
7.555336436400046374e-01
9.308884143829345703e-01
9.332802983430715793e-01
8.912306760366146552e-01
8.250040411949157715e-01
9.366478599034823160e-01
8.567474874166342014e-01
8.269418907853273160e-01
6.983642143627198928e-01
9.124714090273930989e-01
9.287402927875518799e-01
9.572006051356976020e-01
9.487306750737704020e-01
9.318260275400601644e-01
9.585914932764493246e-01
9.368709096541771864e-01
9.453096481469961399e-01
9.615394748174227457e-01
5.908077000819608182e-01
8.392292765470651394e-01
8.375016519656548475e-01
5.218875605899554460e-01
5.085700210497284823e-01
7.974251932822741251e-01
7.287347985861393207e-01
7.874284065686739664e-01
8.342002552862350928e-01
8.968540567618149550e-01
8.120278899486248481e-01
7.457083214360934464e-01
8.923016305153186334e-01
6.534793836838687087e-01
9.019793117275605177e-01
8.559437514497683086e-01
9.341117487503931560e-01
9.438177347183227539e-01
8.794139130757405720e-01
7.520445699875171197e-01
9.274848470321068739e-01
8.877196804835245647e-01
8.899646642116399997e-01
7.558210970466741063e-01
9.318652840761038059e-01
6.960193569270464176e-01
9.027234923381072251e-01
9.124198212073399983e-01
8.689019702948056478e-01
9.685311821790841824e-01
9.345059990882873535e-01
7.474315096265994329e-01
8.123089987784624100e-01
9.097236807529742730e-01
9.737626039064847250e-01
9.646030297646155383e-01
9.581278470846322781e-01
8.018005880025717014e-01
7.657212250543614651e-01
8.482330750960570542e-01
8.933622710979901571e-01
9.202407644345209636e-01
8.447692417181454916e-01
9.298728337654700304e-01
8.421706368143742072e-01
8.669584806148822320e-01
8.023713122193629754e-01
7.789498836948320903e-01
9.510037165421706407e-01
8.767301245377614460e-01
9.691000168140118110e-01
9.688520385668828450e-01
8.318328533249979007e-01
9.768017622140737766e-01
9.592791795730590820e-01
9.813432968579806071e-01
9.444829408939068305e-01
9.752194973138662570e-01
9.578376825039203180e-01
8.881074740336492024e-01
9.619268820835993328e-01
9.583436709183913438e-01
9.410363756693326254e-01
9.726330271134009386e-01
