1.891456652575960462e-01
2.861161671865444789e-01
1.476643661108727745e-01
1.894059204289358367e-01
2.733971596910403368e-01
5.927417823225438614e-02
2.115973575273528695e-01
1.597346636968163258e-01
2.381728003070188171e-01
2.145304286028616725e-01
1.911159389867232439e-01
2.333692445491369061e-01
2.197822359605477449e-01
4.273726963079892416e-01
1.666866074178520174e-01
2.695561870932579041e-01
2.254618267313792113e-01
2.889156473594574615e-01
2.944319080561399460e-01
3.645163655209426867e-01
3.160708738813319818e-01
3.751408807360209208e-01
3.047785052241614445e-01
3.524044041450207221e-01
2.950057117984845045e-01
2.859118872886308726e-01
3.466187692605532389e-01
3.825797719451097256e-01
3.326524843533451570e-01
3.671144082193047997e-01
2.880517836266125453e-01
2.738832240351117830e-01
4.515426349467955847e-01
3.906701843325908197e-01
3.682541620845978247e-01
3.518953470943065875e-01
3.619427367901572601e-01
1.325634221564261916e-01
2.551960505661554635e-01
3.311060799214129435e-01
3.247006231775650398e-01
2.446538457700696001e-01
3.343398578715725544e-01
2.320785487715441575e-01
3.540553703496698290e-01
2.358770447854812435e-01
3.042661950972754825e-01
2.402193999777619549e-01
3.295599594712257385e-01
3.137956078235919488e-01
1.579003738588653505e-01
3.726319813957580940e-01
1.973372289190032935e-01
2.652465832204772833e-01
3.576163987700755609e-01
2.973458959156862202e-01
3.480745737369244086e-01
4.051359399006916884e-01
3.217894698564822686e-01
2.198655223473906517e-01
2.546647287045533670e-01
3.250766588518252953e-01
3.789955469994590875e-01
3.817863232241227034e-01
4.133789974909562459e-01
2.478163509558026500e-01
3.419340662658214569e-01
3.068734855892566449e-01
3.211064370205768959e-01
3.790073148422659632e-01
3.937486100655335775e-01
4.591836101160599592e-01
4.207561337030850668e-01
2.878749617017232199e-01
4.343075631902768019e-01
3.352580824643015545e-01
2.858204213687433604e-01
2.252128939009988007e-01
4.209969195608909143e-01
3.530223627861302504e-01
2.367764768692163235e-01
2.451540654381880457e-01
3.060824226301450124e-01
3.135304541255419242e-01
3.067076673066297388e-01
4.313708078877355745e-01
3.128858043883855355e-01
3.295426177031073878e-01
3.840228079889829171e-01
2.853887252008112663e-01
3.577544912561559376e-01
3.616086386430721888e-01
4.114332362436331492e-01
2.706309567337694677e-01
3.402937816885801547e-01
3.177129465800065389e-01
4.051852309359953996e-01
2.991206262690516704e-01
3.880943558537043314e-01
3.785519324816190023e-01
3.806869662635458118e-01
