5.595991015434265137e-01
4.157541096210479736e-01
6.138093769550323486e-03
7.497919797897338867e-01
1.619977205991744995e-01
2.031389027833938599e-01
3.521717190742492676e-01
3.927661180496215820e-01
1.953252404928207397e-01
6.163561940193176270e-01
3.075202107429504395e-01
5.147830247879028320e-01
4.174377322196960449e-01
8.585802316665649414e-01
6.093370914459228516e-01
8.604219183325767517e-03
5.485610105097293854e-03
4.273571968078613281e-01
1.503774374723434448e-01
2.036153227090835571e-01
2.660283818840980530e-02
6.189285516738891602e-01
4.693111479282379150e-01
5.348212644457817078e-02
1.980296224355697632e-01
2.877048030495643616e-02
4.609813392162322998e-01
4.286303520202636719e-01
3.937286734580993652e-01
3.033814728260040283e-01
1.756969606503844261e-03
1.910013705492019653e-01
4.436708092689514160e-01
7.156464457511901855e-02
3.551959060132503510e-03
5.852005481719970703e-01
3.020404577255249023e-01
3.123415447771549225e-02
1.869895905256271362e-01
2.192302606999874115e-02
1.927515864372253418e-01
5.166642665863037109e-01
4.093910753726959229e-01
7.796369791030883789e-01
2.082395404577255249e-01
7.951917648315429688e-01
1.983334720134735107e-01
1.626197099685668945e-01
1.934013217687606812e-01
5.834528803825378418e-01
6.305132061243057251e-02
2.365701645612716675e-01
2.106843292713165283e-01
3.205479308962821960e-02
7.931871414184570312e-01
7.116852402687072754e-01
7.960253953933715820e-01
7.835304737091064453e-01
3.990968465805053711e-01
3.775402158498764038e-02
1.312510222196578979e-01
2.039508819580078125e-01
1.987268179655075073e-01
8.754895534366369247e-04
9.543573483824729919e-03
4.674029648303985596e-01
2.102929204702377319e-01
1.282541751861572266e-01
1.736873015761375427e-02
2.184632867574691772e-01
4.764425754547119141e-02
1.263416707515716553e-01
2.019042670726776123e-01
1.872624754905700684e-01
3.211354613304138184e-01
5.903753042221069336e-01
3.839698135852813721e-01
6.509588360786437988e-01
2.075130790472030640e-01
3.355320990085601807e-01
4.837360382080078125e-01
2.141839265823364258e-01
3.704791963100433350e-01
7.801077365875244141e-01
9.149924516677856445e-01
2.050912082195281982e-01
4.874199926853179932e-01
5.451760068535804749e-02
5.040459632873535156e-01
2.499903738498687744e-01
2.066590040922164917e-01
1.384675269946455956e-03
1.922709494829177856e-01
2.271142452955245972e-01
2.107383012771606445e-01
1.701492146821692586e-04
9.002288803458213806e-03
4.001165628433227539e-01
2.685707211494445801e-01
4.430136978626251221e-01
2.824929356575012207e-01
1.654198858886957169e-03
5.781587958335876465e-01
5.068596601486206055e-01
3.451279997825622559e-01
1.452174335718154907e-01
2.850592136383056641e-01
6.318241953849792480e-01
5.473893284797668457e-01
1.058628708124160767e-01
5.913223624229431152e-01
6.685610413551330566e-01
4.636109471321105957e-01
4.139696061611175537e-01
6.099985837936401367e-01
2.836067928001284599e-03
4.227934479713439941e-01
1.260116398334503174e-01
2.020071446895599365e-01
5.155889317393302917e-03
2.289068326354026794e-02
7.367756962776184082e-01
3.970151543617248535e-01
1.432581245899200439e-01
2.087970525026321411e-01
3.997700214385986328e-01
8.383742570877075195e-01
2.833721339702606201e-01
2.000619620084762573e-01
3.430225253105163574e-01
5.908728241920471191e-01
3.808868527412414551e-01
5.876699686050415039e-01
2.978771030902862549e-01
5.547790527343750000e-01
2.194301784038543701e-01
7.895003557205200195e-01
1.957006305456161499e-01
2.250440567731857300e-01
6.655266284942626953e-01
2.216707915067672729e-01
1.804842203855514526e-01
5.978630781173706055e-01
4.782959294971078634e-04
4.276473820209503174e-01
4.657793641090393066e-01
1.550718545913696289e-01
3.840932846069335938e-01
6.073192358016967773e-01
2.635308504104614258e-01
4.018001258373260498e-01
1.183814555406570435e-02
1.674542762339115143e-02
4.201385080814361572e-01
2.557720839977264404e-01
2.730118110775947571e-02
2.843100726604461670e-01
3.989815413951873779e-01
5.921776890754699707e-01
1.891361325979232788e-01
6.907070875167846680e-01
2.001757919788360596e-01
6.223320960998535156e-01
6.406402587890625000e-01
8.720550537109375000e-01
9.469818323850631714e-04
1.317578405141830444e-01
2.196848988533020020e-01
1.760429441928863525e-01
6.006855964660644531e-01
4.112387001514434814e-01
1.960162371397018433e-01
7.118343710899353027e-01
2.835108935832977295e-01
3.907013237476348877e-01
3.926203846931457520e-01
5.319511145353317261e-02
1.126172486692667007e-02
4.955500364303588867e-01
6.090484261512756348e-01
2.419835925102233887e-01
7.318667173385620117e-01
4.157245457172393799e-01
3.472482264041900635e-01
1.981496661901473999e-01
2.267723344266414642e-02
4.298184216022491455e-01
3.703590631484985352e-01
5.957736968994140625e-01
1.137042343616485596e-01
6.527651846408843994e-02
2.987110316753387451e-01
6.109247207641601562e-01
5.576933622360229492e-01
1.932596713304519653e-01
8.106567859649658203e-01
5.931005477905273438e-01
5.296986699104309082e-01
2.143794596195220947e-01
4.198918342590332031e-01
5.233669281005859375e-01
4.061370790004730225e-01
5.861582159996032715e-01
6.166944503784179688e-01
1.928042620420455933e-01
1.095385756343603134e-03
4.276783168315887451e-01
9.222031831741333008e-01
3.484300971031188965e-01
4.298135265707969666e-02
7.784706950187683105e-01
2.081376910209655762e-01
7.605185382999479771e-04
2.101450413465499878e-01
7.830811142921447754e-01
5.383802056312561035e-01
6.406050324440002441e-01
6.926786154508590698e-02
7.757726907730102539e-01
2.280637919902801514e-01
2.269378453493118286e-01
3.791034221649169922e-01
1.838821023702621460e-01
2.459654510021209717e-01
4.051494002342224121e-01
