9.896882772445678711e-01
9.939014911651611328e-01
9.747334718704223633e-01
9.939892888069152832e-01
9.600912332534790039e-01
9.961290955543518066e-01
9.641560912132263184e-01
9.848845601081848145e-01
9.697579741477966309e-01
9.952868223190307617e-01
9.893267154693603516e-01
9.557301402091979980e-01
9.778795242309570312e-01
9.978352189064025879e-01
9.899337291717529297e-01
6.676552295684814453e-01
8.858988285064697266e-01
9.990570545196533203e-01
8.877913951873779297e-01
9.274592399597167969e-01
9.696973562240600586e-01
9.802320003509521484e-01
9.138140082359313965e-01
9.925653338432312012e-01
9.675635695457458496e-01
9.387475252151489258e-01
9.983267784118652344e-01
9.894552230834960938e-01
9.280184507369995117e-01
9.043876528739929199e-01
8.352580070495605469e-01
9.919934272766113281e-01
9.142461419105529785e-01
9.866253733634948730e-01
9.856805205345153809e-01
9.763936996459960938e-01
9.746363759040832520e-01
9.923024177551269531e-01
9.881607294082641602e-01
9.525684714317321777e-01
9.950789809226989746e-01
9.933933019638061523e-01
9.138001799583435059e-01
9.294968843460083008e-01
9.926161170005798340e-01
9.964261651039123535e-01
9.886043071746826172e-01
9.955657124519348145e-01
9.880290627479553223e-01
9.872136712074279785e-01
9.777860641479492188e-01
9.910044074058532715e-01
9.949882626533508301e-01
9.763327240943908691e-01
9.946237206459045410e-01
9.961450695991516113e-01
9.811397194862365723e-01
9.999494552612304688e-01
9.985144734382629395e-01
9.845197200775146484e-01
9.373545646667480469e-01
9.984078407287597656e-01
9.660250544548034668e-01
7.758228778839111328e-01
9.712262749671936035e-01
9.961568713188171387e-01
9.894492030143737793e-01
9.818464517593383789e-01
9.847785234451293945e-01
9.958547353744506836e-01
9.991368651390075684e-01
9.970148205757141113e-01
9.982455968856811523e-01
9.951884746551513672e-01
9.303066134452819824e-01
9.953639507293701172e-01
9.931651353836059570e-01
9.935050010681152344e-01
9.618168473243713379e-01
9.753926396369934082e-01
9.895347356796264648e-01
9.796799421310424805e-01
9.794800877571105957e-01
9.884793758392333984e-01
9.503029584884643555e-01
9.643163084983825684e-01
9.852549433708190918e-01
9.964660406112670898e-01
9.948974847793579102e-01
9.284893870353698730e-01
9.891409873962402344e-01
9.765032529830932617e-01
9.576287865638732910e-01
9.865577220916748047e-01
9.942707419395446777e-01
9.051663875579833984e-01
9.965634346008300781e-01
9.932140111923217773e-01
9.885461330413818359e-01
9.921907186508178711e-01
9.934735298156738281e-01
9.302912950515747070e-01
9.961940646171569824e-01
9.828097820281982422e-01
9.953299164772033691e-01
9.885818362236022949e-01
9.896720051765441895e-01
9.982429742813110352e-01
9.883012175559997559e-01
9.776325821876525879e-01
9.931417107582092285e-01
9.937903881072998047e-01
9.985876679420471191e-01
9.975101947784423828e-01
9.966866970062255859e-01
9.601018428802490234e-01
8.569914698600769043e-01
9.191723465919494629e-01
9.983810186386108398e-01
8.959833383560180664e-01
9.951192140579223633e-01
9.964105486869812012e-01
9.788030982017517090e-01
9.876831173896789551e-01
9.860643148422241211e-01
9.956731200218200684e-01
9.987577795982360840e-01
9.908939003944396973e-01
9.938512444496154785e-01
9.902278184890747070e-01
9.893354177474975586e-01
9.063718914985656738e-01
9.971883893013000488e-01
9.799565076828002930e-01
9.869496226310729980e-01
9.934962987899780273e-01
9.939289093017578125e-01
9.687384366989135742e-01
9.790624976158142090e-01
9.810629487037658691e-01
9.526067376136779785e-01
9.887018203735351562e-01
9.935488104820251465e-01
9.861735105514526367e-01
9.968013763427734375e-01
8.408232927322387695e-01
9.925651550292968750e-01
9.984674453735351562e-01
9.823257327079772949e-01
9.341427683830261230e-01
9.922613501548767090e-01
9.398046731948852539e-01
9.976696968078613281e-01
9.844953417778015137e-01
9.529533982276916504e-01
9.906973242759704590e-01
9.927069544792175293e-01
9.838282465934753418e-01
9.948765039443969727e-01
9.318690299987792969e-01
9.923475980758666992e-01
9.772570729255676270e-01
9.837448000907897949e-01
9.741833806037902832e-01
9.926966428756713867e-01
9.769152402877807617e-01
9.976049065589904785e-01
9.960976839065551758e-01
9.835221171379089355e-01
9.859516620635986328e-01
9.926908612251281738e-01
9.555387496948242188e-01
9.953498244285583496e-01
9.913784265518188477e-01
9.920378327369689941e-01
9.363920092582702637e-01
9.824959635734558105e-01
9.847685098648071289e-01
9.936167597770690918e-01
9.920079708099365234e-01
9.913833737373352051e-01
9.977954030036926270e-01
9.873626828193664551e-01
9.478291869163513184e-01
9.853861927986145020e-01
9.514085054397583008e-01
9.965641498565673828e-01
9.591233134269714355e-01
9.918470978736877441e-01
9.798304438591003418e-01
9.788028001785278320e-01
9.682941436767578125e-01
9.964622259140014648e-01
9.811720848083496094e-01
9.169104099273681641e-01
9.739070534706115723e-01
9.835636615753173828e-01
8.807865381240844727e-01
9.591010808944702148e-01
9.855867624282836914e-01
9.950136542320251465e-01
8.917470574378967285e-01
9.866878986358642578e-01
9.935821294784545898e-01
9.767673611640930176e-01
8.864675760269165039e-01
9.569799304008483887e-01
9.145188927650451660e-01
9.307723045349121094e-01
9.270899295806884766e-01
9.366279840469360352e-01
9.827074408531188965e-01
9.913144707679748535e-01
9.775377511978149414e-01
9.968069195747375488e-01
9.316633939743041992e-01
9.937794208526611328e-01
9.926347136497497559e-01
9.868186712265014648e-01
9.730762243270874023e-01
9.955755472183227539e-01
9.843642711639404297e-01
9.598188996315002441e-01
9.902722239494323730e-01
9.833504557609558105e-01
