2.069838222993824473e-01
2.750800382239573794e-01
1.764511853809311304e-01
2.272607248305401062e-01
1.699995380343422569e-01
7.275013462052672131e-02
1.416326680234935576e-01
1.894866240819772785e-01
1.910719166850098072e-01
1.592078762693675542e-01
1.546651419760634583e-01
1.802340105252649427e-01
2.147734898300348860e-01
2.851134004214635476e-01
2.045329051235547368e-01
2.024014113055815078e-01
3.472011663039805685e-01
2.704381347097309374e-01
2.129473332494783988e-01
2.475939408446160561e-01
3.032775025080459708e-01
2.571185600155821427e-01
2.494744041804761447e-01
2.148575135450720708e-01
3.588624502926205384e-01
2.314794756149729793e-01
3.284372761140380570e-01
3.462847181676457220e-01
5.507232512419040216e-01
3.139831258628804078e-01
3.390659120229359558e-01
3.606560207330263834e-01
3.038583415058943027e-01
3.605040535330772400e-01
4.127584810440356744e-01
3.785190421801347127e-01
3.297559148990191202e-01
2.009057588024566465e-01
2.488952191689839666e-01
3.714386613543095850e-01
2.920304929676393879e-01
1.898185314010972236e-01
1.513641899308333094e-01
2.623415051874382065e-01
2.562819384083223628e-01
2.709345465096143490e-01
2.507952335648812037e-01
3.543246197872437220e-01
2.398896471330282665e-01
2.893606539314182990e-01
2.416915087616276769e-01
2.899855272128031847e-01
3.051437205420090559e-01
3.679317711637570265e-01
3.192970318117519524e-01
3.803823723622791753e-01
2.962198039660087212e-01
2.718372566338915219e-01
3.385764763045769343e-01
3.204615545468046944e-01
2.772262652624004620e-01
3.827049762868017790e-01
3.850743627318969353e-01
3.314692263419811713e-01
3.575061719882516864e-01
3.381461225306758300e-01
2.844254575096644144e-01
2.527913577908363352e-01
2.440955942729488015e-01
3.709256955279180423e-01
2.982246950246357775e-01
3.128369681161040083e-01
2.842243788942981353e-01
3.679341352186523695e-01
4.875934972212864760e-01
1.896554827869225135e-01
2.783422366930888292e-01
3.106934654508502480e-01
3.648890798481611020e-01
3.275679791202911750e-01
3.204939311656814227e-01
3.252544028397936215e-01
3.239864076559360040e-01
2.844030962889799174e-01
3.173988639162136915e-01
3.168623304137817009e-01
3.553171491769787083e-01
2.912821140713416357e-01
4.135876148939132690e-01
3.292437264580642675e-01
2.844302144412023114e-01
3.082604580155860474e-01
3.445115485253784082e-01
3.361290683969855309e-01
3.155634749071815626e-01
2.855008661796231140e-01
3.289063965471891171e-01
3.699158362757701268e-01
2.972858480106179702e-01
2.711635885330346829e-01
4.298039527180103070e-01
