7.300059199333190918e-01
9.999996423721313477e-01
9.944645166397094727e-01
9.396662712097167969e-01
3.337759077548980713e-01
9.999220967292785645e-01
9.986619949340820312e-01
9.953520298004150391e-01
9.949038624763488770e-01
9.826044440269470215e-01
9.987657070159912109e-01
9.988129734992980957e-01
9.997271299362182617e-01
3.140047788619995117e-01
9.999998807907104492e-01
2.856688797473907471e-01
2.973472774028778076e-01
6.923952102661132812e-01
9.999262690544128418e-01
9.951848387718200684e-01
9.932156205177307129e-01
9.895693659782409668e-01
9.996806383132934570e-01
9.999470114707946777e-01
9.998347759246826172e-01
9.999926686286926270e-01
5.584916380030335858e-06
2.187765494454652071e-05
9.999998807907104492e-01
2.829548611771315336e-05
9.231146395904943347e-05
9.999998211860656738e-01
9.991815090179443359e-01
7.336069364100694656e-03
1.049245707690715790e-02
9.983419179916381836e-01
9.936440587043762207e-01
9.553732872009277344e-01
9.962149262428283691e-01
1.840932236518710852e-05
1.044605596689507365e-04
1.000000000000000000e+00
9.986926317214965820e-01
6.471351953223347664e-04
9.999102950096130371e-01
9.991696476936340332e-01
9.984847903251647949e-01
9.948213100433349609e-01
9.985486268997192383e-01
9.970567226409912109e-01
9.265813827514648438e-01
9.900361895561218262e-01
6.901195645332336426e-01
3.705058188643306494e-04
9.999997615814208984e-01
9.907943606376647949e-01
9.516649842262268066e-01
9.999229311943054199e-01
9.979435801506042480e-01
9.965705275535583496e-01
9.941749572753906250e-01
9.990362524986267090e-01
9.981657266616821289e-01
9.915915131568908691e-01
9.999222159385681152e-01
5.839874502271413803e-04
1.882329815998673439e-03
9.999996423721313477e-01
1.575684361159801483e-02
2.290082350373268127e-02
9.880786761641502380e-03
6.963542196899652481e-03
7.739507555961608887e-01
5.518245697021484375e-01
3.280685096979141235e-02
1.918702013790607452e-02
3.162398934364318848e-01
4.519185125827789307e-01
1.311142295598983765e-01
2.793603762984275818e-02
9.999995827674865723e-01
9.547804482281208038e-03
8.331103324890136719e-01
3.804213181138038635e-02
9.999396204948425293e-01
1.694738566875457764e-01
3.023876808583736420e-02
9.997497797012329102e-01
9.253906011581420898e-01
6.456335540860891342e-03
1.175799779593944550e-02
1.661373525857925415e-01
2.206993103027343750e-01
9.999997615814208984e-01
9.872555136680603027e-01
4.781600534915924072e-01
5.753024220466613770e-01
9.999213814735412598e-01
9.902618527412414551e-01
2.407868206501007080e-02
9.996464848518371582e-01
9.999938011169433594e-01
9.999410510063171387e-01
9.999952912330627441e-01
2.037649601697921753e-01
8.708526492118835449e-01
9.999998211860656738e-01
3.703378438949584961e-01
3.322161138057708740e-01
5.115953832864761353e-02
9.999060034751892090e-01
9.889772534370422363e-01
9.890477657318115234e-01
9.996983408927917480e-01
8.363716602325439453e-01
9.999199509620666504e-01
9.999893903732299805e-01
6.208996772766113281e-01
9.220300912857055664e-01
1.000000000000000000e+00
7.181705832481384277e-01
9.457505941390991211e-01
9.694299697875976562e-01
9.999794960021972656e-01
9.999983906745910645e-01
9.991741180419921875e-01
9.985931515693664551e-01
9.662938117980957031e-01
9.767062067985534668e-01
9.877444505691528320e-01
3.493704497814178467e-01
7.502588033676147461e-01
1.000000000000000000e+00
7.185879945755004883e-01
5.404019951820373535e-01
8.201084733009338379e-01
9.999635219573974609e-01
9.670484662055969238e-01
9.996134638786315918e-01
9.971398711204528809e-01
9.998443126678466797e-01
5.071465373039245605e-01
9.821368455886840820e-01
8.091978430747985840e-01
8.670657873153686523e-01
1.000000000000000000e+00
9.890196323394775391e-01
1.333712935447692871e-01
9.499794244766235352e-01
9.999421834945678711e-01
9.985336661338806152e-01
9.962835907936096191e-01
9.996123909950256348e-01
9.991299510002136230e-01
9.997833967208862305e-01
7.868181467056274414e-01
6.819035410881042480e-01
9.288958311080932617e-01
9.999998807907104492e-01
9.752908945083618164e-01
9.852570295333862305e-01
9.754251241683959961e-01
9.999584555625915527e-01
9.986110925674438477e-01
9.987528324127197266e-01
9.970400929450988770e-01
9.984357357025146484e-01
9.974437355995178223e-01
9.762507081031799316e-01
6.967278122901916504e-01
9.992463588714599609e-01
1.842144876718521118e-02
5.611197277903556824e-02
2.188179939985275269e-01
9.992966055870056152e-01
9.850662350654602051e-01
9.234439134597778320e-01
8.924598097801208496e-01
9.995392560958862305e-01
9.999880194664001465e-01
9.999870657920837402e-01
9.999939799308776855e-01
9.999918937683105469e-01
5.704636573791503906e-01
9.740284085273742676e-01
9.018929600715637207e-01
5.161229372024536133e-01
2.918320000171661377e-01
4.548399448394775391e-01
7.266422510147094727e-01
9.883248209953308105e-01
4.595810472965240479e-01
4.261651635169982910e-01
9.547666907310485840e-01
9.805265665054321289e-01
2.428745664656162262e-02
4.239133340888656676e-05
9.997002482414245605e-01
9.636511094868183136e-05
5.422310550784459338e-06
9.995599985122680664e-01
9.960876107215881348e-01
9.029505252838134766e-01
6.867560744285583496e-01
9.998061060905456543e-01
9.998821020126342773e-01
9.997760057449340820e-01
9.997188448905944824e-01
3.423818945884704590e-01
1.088983117369934916e-04
9.992909431457519531e-01
1.009737625718116760e-01
1.504285028204321861e-04
9.991737008094787598e-01
9.943739175796508789e-01
9.881881475448608398e-01
9.855731129646301270e-01
9.994407892227172852e-01
9.662318825721740723e-01
9.994054436683654785e-01
9.998233318328857422e-01
9.987996816635131836e-01
4.175535216927528381e-02
9.946216940879821777e-01
9.986695647239685059e-01
5.051546096801757812e-01
3.063296154141426086e-02
6.725696921348571777e-01
9.822617173194885254e-01
9.547196030616760254e-01
1.580909937620162964e-01
1.737739145755767822e-01
9.969891309738159180e-01
9.998715519905090332e-01
9.963588118553161621e-01
1.823528856039047241e-01
9.981451630592346191e-01
7.055085897445678711e-01
8.648262619972229004e-01
6.647253036499023438e-02
9.982613921165466309e-01
1.127181574702262878e-01
9.179497957229614258e-01
9.988291859626770020e-01
9.990079998970031738e-01
2.517334744334220886e-02
3.558000177145004272e-02
9.972218871116638184e-01
3.358059525489807129e-01
9.882044792175292969e-01
9.925348758697509766e-01
8.567146658897399902e-01
5.195071101188659668e-01
9.980776309967041016e-01
9.973687529563903809e-01
2.201786935329437256e-01
9.988706111907958984e-01
9.999067783355712891e-01
9.723266959190368652e-01
9.948995709419250488e-01
9.929174780845642090e-01
6.625928878784179688e-01
9.974374175071716309e-01
8.207715749740600586e-01
4.448748528957366943e-01
5.701094865798950195e-01
9.977117180824279785e-01
9.833076596260070801e-01
9.751188755035400391e-01
9.989570975303649902e-01
9.999806880950927734e-01
9.992298483848571777e-01
9.998059868812561035e-01
9.772359132766723633e-01
8.672354817390441895e-01
9.977816939353942871e-01
7.890525460243225098e-01
9.016704559326171875e-01
8.327266573905944824e-01
9.997426867485046387e-01
9.999951124191284180e-01
9.983841180801391602e-01
9.962430000305175781e-01
9.431936740875244141e-01
9.845306873321533203e-01
9.980979561805725098e-01
9.939337968826293945e-01
6.513632535934448242e-01
9.976820945739746094e-01
7.133463025093078613e-01
3.853106200695037842e-01
5.258782505989074707e-01
9.992170333862304688e-01
9.798846244812011719e-01
9.999105334281921387e-01
9.926049113273620605e-01
9.994550943374633789e-01
4.674467742443084717e-01
9.980656504631042480e-01
9.943721294403076172e-01
8.100137114524841309e-01
9.961167573928833008e-01
9.156090617179870605e-01
7.886214256286621094e-01
8.608883023262023926e-01
9.991940855979919434e-01
9.975019693374633789e-01
9.943715333938598633e-01
9.991005063056945801e-01
9.989636540412902832e-01
9.989469051361083984e-01
9.733211398124694824e-01
9.777567386627197266e-01
6.574111580848693848e-01
9.981569051742553711e-01
9.653050899505615234e-01
9.888873696327209473e-01
9.822427034378051758e-01
9.994916319847106934e-01
9.965105652809143066e-01
9.981221556663513184e-01
9.974097013473510742e-01
9.971679449081420898e-01
9.810757637023925781e-01
9.860344529151916504e-01
9.999969005584716797e-01
9.977082014083862305e-01
8.497534990310668945e-01
9.953740239143371582e-01
5.760188698768615723e-01
5.885052084922790527e-01
8.200148940086364746e-01
9.770587682723999023e-01
9.233724474906921387e-01
9.721183180809020996e-01
9.691798090934753418e-01
9.120796918869018555e-01
9.388003349304199219e-01
9.990488886833190918e-01
9.997022151947021484e-01
9.641789197921752930e-01
9.981630444526672363e-01
7.426798939704895020e-01
9.638246893882751465e-01
6.962770819664001465e-01
9.846403002738952637e-01
9.869282841682434082e-01
9.995480775833129883e-01
9.995782375335693359e-01
8.502444624900817871e-01
9.341160655021667480e-01
7.377040386199951172e-01
9.907820820808410645e-02
9.975522160530090332e-01
5.235513448715209961e-01
3.531432412273716182e-06
9.985691308975219727e-01
9.717238545417785645e-01
9.129443764686584473e-01
8.811383247375488281e-01
9.993884563446044922e-01
9.999791979789733887e-01
9.999664425849914551e-01
9.999861717224121094e-01
9.421696066856384277e-01
9.013509154319763184e-01
9.950393438339233398e-01
5.873438715934753418e-01
1.030338630080223083e-01
9.967430233955383301e-01
7.018193006515502930e-01
3.232968598604202271e-02
6.264263987541198730e-01
9.990504384040832520e-01
9.999586939811706543e-01
9.996241331100463867e-01
9.999070167541503906e-01
9.991793036460876465e-01
9.983635544776916504e-01
9.061094522476196289e-01
7.267152667045593262e-01
9.981230497360229492e-01
4.220894277095794678e-01
9.159072041511535645e-01
9.528060555458068848e-01
9.144522547721862793e-01
9.487024545669555664e-01
9.838168621063232422e-01
9.866863489151000977e-01
9.888063073158264160e-01
9.989262819290161133e-01
9.980733990669250488e-01
7.351980805397033691e-01
6.739383935928344727e-01
9.988554716110229492e-01
2.510935068130493164e-01
9.885288476943969727e-01
9.720783233642578125e-01
8.515895009040832520e-01
9.839769601821899414e-01
9.723515510559082031e-01
9.862983226776123047e-01
9.939554929733276367e-01
9.981224536895751953e-01
9.922116994857788086e-01
7.255926728248596191e-01
9.041264057159423828e-01
9.527304768562316895e-01
7.932541370391845703e-01
9.881150722503662109e-01
8.456596732139587402e-01
9.469459652900695801e-01
9.972007870674133301e-01
9.992977380752563477e-01
9.960281252861022949e-01
9.948621988296508789e-01
9.954245686531066895e-01
9.929131865501403809e-01
9.701495766639709473e-01
9.652120471000671387e-01
9.095872640609741211e-01
7.039391994476318359e-01
9.912930130958557129e-01
8.353456854820251465e-01
7.371969819068908691e-01
9.985361695289611816e-01
9.996794462203979492e-01
9.972307682037353516e-01
9.984971284866333008e-01
9.947596192359924316e-01
9.916706681251525879e-01
9.266867041587829590e-01
9.739108085632324219e-01
8.406453728675842285e-01
9.300593733787536621e-01
9.983310103416442871e-01
9.989318847656250000e-01
9.914746880531311035e-01
9.879527091979980469e-01
9.880189299583435059e-01
9.967244267463684082e-01
9.999651908874511719e-01
9.967561960220336914e-01
9.939766526222229004e-01
9.378373026847839355e-01
9.628939628601074219e-01
9.991490244865417480e-01
8.099510669708251953e-01
9.880819320678710938e-01
9.712433815002441406e-01
9.494400024414062500e-01
9.788848757743835449e-01
9.983487129211425781e-01
6.009448766708374023e-01
9.995760321617126465e-01
9.976700544357299805e-01
9.948198795318603516e-01
9.391230344772338867e-01
9.771083593368530273e-01
8.957145214080810547e-01
9.148460626602172852e-01
9.851244091987609863e-01
9.928715229034423828e-01
9.828984737396240234e-01
9.991813302040100098e-01
9.987679719924926758e-01
9.998916983604431152e-01
9.870101809501647949e-01
9.973892569541931152e-01
9.921603202819824219e-01
8.297449946403503418e-01
9.652375578880310059e-01
9.300747513771057129e-01
9.892655611038208008e-01
9.949854016304016113e-01
9.404604434967041016e-01
9.918615818023681641e-01
9.931933283805847168e-01
9.984015822410583496e-01
9.957697987556457520e-01
9.968565702438354492e-01
9.999991655349731445e-01
9.999943971633911133e-01
9.981488585472106934e-01
1.435377448797225952e-01
8.862661719322204590e-01
1.826253384351730347e-01
4.091675281524658203e-01
3.782964944839477539e-01
9.985746741294860840e-01
7.433042675256729126e-02
7.242979109287261963e-02
4.618557989597320557e-01
8.009891510009765625e-01
9.999947547912597656e-01
9.965425133705139160e-01
9.987076520919799805e-01
9.499287605285644531e-01
8.262832164764404297e-01
5.140096545219421387e-01
7.322598695755004883e-01
4.191989898681640625e-01
2.007089108228683472e-01
7.119746208190917969e-01
9.423145055770874023e-01
9.264788627624511719e-01
5.640882849693298340e-01
9.999935030937194824e-01
9.964050650596618652e-01
9.867172837257385254e-01
8.845962882041931152e-01
8.747143149375915527e-01
6.477039456367492676e-01
8.401505351066589355e-01
9.578195214271545410e-01
2.960734069347381592e-02
9.744032621383666992e-01
9.164012670516967773e-01
8.893935084342956543e-01
8.901833295822143555e-01
9.999994635581970215e-01
9.992967247962951660e-01
9.976394176483154297e-01
5.494476109743118286e-02
1.266244947910308838e-01
6.776462197303771973e-01
2.766454219818115234e-01
3.472005426883697510e-01
9.955172538757324219e-01
9.234966635704040527e-01
7.305408120155334473e-01
8.960319757461547852e-01
9.583705663681030273e-01
9.999991655349731445e-01
9.991500377655029297e-01
9.979058504104614258e-01
3.155158460140228271e-02
8.710100501775741577e-02
2.027967572212219238e-01
5.537020973861217499e-03
5.660663843154907227e-01
2.157131135463714600e-01
9.342207908630371094e-01
9.916358590126037598e-01
5.199172496795654297e-01
6.732250452041625977e-01
9.999961853027343750e-01
9.975700378417968750e-01
9.936946630477905273e-01
3.114022016525268555e-01
6.303281784057617188e-01
9.512960910797119141e-01
2.568693161010742188e-01
4.101324677467346191e-01
4.938057959079742432e-01
7.281341552734375000e-01
3.333026170730590820e-02
1.509591937065124512e-01
3.178179860115051270e-01
9.999956488609313965e-01
9.971131682395935059e-01
9.916868209838867188e-01
1.849294900894165039e-01
7.581155896186828613e-01
9.873117804527282715e-01
3.940147757530212402e-01
5.138441920280456543e-01
1.502207517623901367e-01
9.789915680885314941e-01
8.172633647918701172e-01
7.399109005928039551e-01
5.400533080101013184e-01
9.999994635581970215e-01
9.976568222045898438e-01
9.918920397758483887e-01
7.217184305191040039e-01
9.011164903640747070e-01
9.953026771545410156e-01
3.134310245513916016e-01
9.354709982872009277e-01
9.815031886100769043e-01
9.913861751556396484e-01
9.520109295845031738e-01
9.833147525787353516e-01
9.975951313972473145e-01
9.999995231628417969e-01
9.990987181663513184e-01
9.965193867683410645e-01
8.674333244562149048e-02
2.197079509496688843e-01
6.936249136924743652e-01
3.960066139698028564e-01
2.684312462806701660e-01
8.582435250282287598e-01
9.992350339889526367e-01
1.481409668922424316e-01
8.377875387668609619e-02
9.763911366462707520e-01
9.999991655349731445e-01
9.987372159957885742e-01
9.961829185485839844e-01
3.699161112308502197e-01
6.542559266090393066e-01
9.986733198165893555e-01
3.606240153312683105e-01
4.009037315845489502e-01
9.823063611984252930e-01
9.977747797966003418e-01
8.873810172080993652e-01
9.706161618232727051e-01
9.485455751419067383e-01
9.999979734420776367e-01
9.967448115348815918e-01
9.923247098922729492e-01
8.440101742744445801e-01
5.651034712791442871e-01
9.938077330589294434e-01
4.782878458499908447e-01
9.528576731681823730e-01
9.849706888198852539e-01
9.642416834831237793e-01
9.750498533248901367e-01
9.796577095985412598e-01
9.446311593055725098e-01
9.983615279197692871e-01
9.996018409729003906e-01
9.998012185096740723e-01
9.828155040740966797e-01
9.975813627243041992e-01
9.967623353004455566e-01
6.520015001296997070e-02
2.411726266145706177e-01
1.441361568868160248e-02
9.997642040252685547e-01
9.998034238815307617e-01
9.994363188743591309e-01
9.956483840942382812e-01
9.987038373947143555e-01
9.994408488273620605e-01
9.881549477577209473e-01
9.816948771476745605e-01
9.367033243179321289e-01
9.821744561195373535e-01
6.949700117111206055e-01
9.785749912261962891e-01
9.480972886085510254e-01
9.993440508842468262e-01
9.987676143646240234e-01
8.645255565643310547e-01
9.164967536926269531e-01
9.996697902679443359e-01
9.998391866683959961e-01
9.963139891624450684e-01
8.185831308364868164e-01
6.673488020896911621e-01
9.983801841735839844e-01
7.674199063330888748e-03
4.530638754367828369e-01
9.994595646858215332e-01
1.064997985959053040e-01
6.966347247362136841e-02
9.020557999610900879e-01
9.938020706176757812e-01
9.980100989341735840e-01
9.995428323745727539e-01
9.794498085975646973e-01
9.129675030708312988e-01
9.368058443069458008e-01
9.714599251747131348e-01
9.917084574699401855e-01
5.864280462265014648e-01
9.495378136634826660e-01
9.976871609687805176e-01
9.954821467399597168e-01
9.520037770271301270e-01
7.334470748901367188e-01
9.967477321624755859e-01
9.995716214179992676e-01
9.769189357757568359e-01
9.960883259773254395e-01
9.352598190307617188e-01
9.139945507049560547e-01
9.655782580375671387e-01
1.619770675897598267e-01
4.547953903675079346e-01
9.993205070495605469e-01
9.988980889320373535e-01
9.849700331687927246e-01
9.627864956855773926e-01
9.992748498916625977e-01
9.995805621147155762e-01
9.951247572898864746e-01
2.930310182273387909e-02
7.638671994209289551e-01
8.946712017059326172e-01
6.899068951606750488e-01
4.137243628501892090e-01
3.248691558837890625e-01
9.978902339935302734e-01
9.928906559944152832e-01
2.786618173122406006e-01
5.841990709304809570e-01
9.983707666397094727e-01
9.997400641441345215e-01
9.885001182556152344e-01
9.927684068679809570e-01
9.861168265342712402e-01
9.414989948272705078e-01
9.986048936843872070e-01
9.120722413063049316e-01
9.817946553230285645e-01
9.953425526618957520e-01
9.653053283691406250e-01
6.816598773002624512e-01
9.145489931106567383e-01
9.997091889381408691e-01
9.998728632926940918e-01
9.981669187545776367e-01
7.395599484443664551e-01
2.784224152565002441e-01
9.978433251380920410e-01
6.461858749389648438e-01
7.922120094299316406e-01
5.673384070396423340e-01
9.987965226173400879e-01
9.988428950309753418e-01
2.552443183958530426e-02
9.962443709373474121e-01
9.988819360733032227e-01
9.996821284294128418e-01
9.819334149360656738e-01
9.101368188858032227e-01
6.973485946655273438e-01
8.117583990097045898e-01
6.056697964668273926e-01
3.497044742107391357e-01
9.114115834236145020e-01
9.982776641845703125e-01
9.991567134857177734e-01
9.993060827255249023e-01
3.655487895011901855e-01
9.992964267730712891e-01
9.996656179428100586e-01
9.944274425506591797e-01
9.870671629905700684e-01
9.739397764205932617e-01
9.923712015151977539e-01
9.517291784286499023e-01
8.320080637931823730e-01
9.631556272506713867e-01
9.942585825920104980e-01
9.990944266319274902e-01
9.967567920684814453e-01
9.947742223739624023e-01
9.154910445213317871e-01
4.157228171825408936e-01
8.682905435562133789e-01
9.967561364173889160e-01
9.825262427330017090e-01
9.972391128540039062e-01
9.668087363243103027e-01
8.131452798843383789e-01
7.996807694435119629e-01
9.991124272346496582e-01
9.998669028282165527e-01
9.999430179595947266e-01
9.999864697456359863e-01
9.992536306381225586e-01
9.978243708610534668e-01
9.991286396980285645e-01
9.695115685462951660e-01
8.490467667579650879e-01
7.039723396301269531e-01
9.658212661743164062e-01
5.800127238035202026e-02
4.261539876461029053e-01
8.642249107360839844e-01
9.833957552909851074e-01
9.585502147674560547e-01
7.387859821319580078e-01
9.992728829383850098e-01
9.975391626358032227e-01
9.990476369857788086e-01
9.643869400024414062e-01
2.653996944427490234e-01
7.280948162078857422e-01
9.941134452819824219e-01
3.538180681061930954e-05
1.890438795089721680e-01
9.990656375885009766e-01
9.990510940551757812e-01
6.922630667686462402e-01
1.770591884851455688e-01
9.981767535209655762e-01
9.929900765419006348e-01
9.982779622077941895e-01
9.760197401046752930e-01
9.626548290252685547e-01
8.324921131134033203e-01
9.880088567733764648e-01
9.604595303535461426e-01
3.457939624786376953e-01
9.970579743385314941e-01
9.993377923965454102e-01
8.430334329605102539e-01
9.990382790565490723e-01
9.979534745216369629e-01
9.926421642303466797e-01
9.982668757438659668e-01
9.411861896514892578e-01
9.549911618232727051e-01
5.940608978271484375e-01
9.820092916488647461e-01
9.403806924819946289e-01
6.614594459533691406e-01
9.975031018257141113e-01
9.996694922447204590e-01
9.996570944786071777e-01
9.989364743232727051e-01
9.971526265144348145e-01
9.942780733108520508e-01
9.989582896232604980e-01
9.901526570320129395e-01
9.738937616348266602e-01
9.976973533630371094e-01
9.992396235466003418e-01
9.999153614044189453e-01
9.862973690032958984e-01
9.655814170837402344e-01
8.793361783027648926e-01
9.996535181999206543e-01
9.998932480812072754e-01
9.966748952865600586e-01
9.945736527442932129e-01
9.989943504333496094e-01
9.899442791938781738e-01
7.362731099128723145e-01
9.984020590782165527e-01
9.965903162956237793e-01
8.746100068092346191e-01
9.879676699638366699e-01
8.005728721618652344e-01
9.990695118904113770e-01
9.562947750091552734e-01
9.929251074790954590e-01
9.985903501510620117e-01
9.970211386680603027e-01
9.993247389793395996e-01
9.493111968040466309e-01
8.666523098945617676e-01
9.980940222740173340e-01
9.951094985008239746e-01
9.948743581771850586e-01
9.375851154327392578e-01
9.853631258010864258e-01
9.986998438835144043e-01
9.973906278610229492e-01
9.766124486923217773e-01
9.978585243225097656e-01
9.964271187782287598e-01
9.990990757942199707e-01
9.663460254669189453e-01
9.663589000701904297e-01
9.770765304565429688e-01
9.969154596328735352e-01
9.977881312370300293e-01
9.920271635055541992e-01
9.838066697120666504e-01
9.982594847679138184e-01
9.958069324493408203e-01
9.943480491638183594e-01
9.992702603340148926e-01
9.975025653839111328e-01
9.914100766181945801e-01
9.242215156555175781e-01
8.665167689323425293e-01
7.145704627037048340e-01
8.963472843170166016e-01
9.441679120063781738e-01
4.062056541442871094e-01
9.748290777206420898e-01
9.806393384933471680e-01
9.590799808502197266e-01
9.566935896873474121e-01
9.993413686752319336e-01
9.972656369209289551e-01
9.931558370590209961e-01
7.986617088317871094e-01
6.689104437828063965e-01
1.601898372173309326e-01
9.350019693374633789e-01
8.100287616252899170e-02
1.668738573789596558e-02
9.719012975692749023e-01
9.295198321342468262e-01
9.429506063461303711e-01
9.572206139564514160e-01
9.935939908027648926e-01
8.929202556610107422e-01
7.178415060043334961e-01
9.888660907745361328e-01
7.984485030174255371e-01
5.389381051063537598e-01
9.944815635681152344e-01
9.828388690948486328e-01
1.502751692896708846e-04
9.979156255722045898e-01
9.996228814125061035e-01
9.983322024345397949e-01
9.989192485809326172e-01
9.524918198585510254e-01
6.873145699501037598e-01
1.542631834745407104e-01
9.973744750022888184e-01
2.372023910284042358e-01
9.512049704790115356e-02
9.972466826438903809e-01
5.372628569602966309e-01
3.243777453899383545e-01
9.990097880363464355e-01
9.998597502708435059e-01
9.995018243789672852e-01
9.993295073509216309e-01
9.973772168159484863e-01
9.824039340019226074e-01
9.509760737419128418e-01
9.473064541816711426e-01
9.690637588500976562e-01
9.700886607170104980e-01
9.987854361534118652e-01
9.993121027946472168e-01
9.859168529510498047e-01
9.814111590385437012e-01
9.854449033737182617e-01
9.934723973274230957e-01
9.999302029609680176e-01
9.984247088432312012e-01
9.907256960868835449e-01
9.757448434829711914e-01
8.473991155624389648e-01
9.620580673217773438e-01
9.662507772445678711e-01
9.850695133209228516e-01
9.462419748306274414e-01
9.938589334487915039e-01
9.413366317749023438e-01
9.978525638580322266e-01
6.527088284492492676e-01
9.877883791923522949e-01
9.978798627853393555e-01
9.837087392807006836e-01
9.691029787063598633e-01
9.695466756820678711e-01
9.735662341117858887e-01
9.223054647445678711e-01
9.911561012268066406e-01
9.853550195693969727e-01
9.690204858779907227e-01
9.939695000648498535e-01
9.986339211463928223e-01
9.998836517333984375e-01
5.344991087913513184e-01
9.970093965530395508e-01
9.665582180023193359e-01
9.695452451705932617e-01
9.471948742866516113e-01
9.619626998901367188e-01
8.418672084808349609e-01
9.984948039054870605e-01
9.867786765098571777e-01
9.847186803817749023e-01
9.874793291091918945e-01
9.984265565872192383e-01
9.976689815521240234e-01
9.962465763092041016e-01
9.997290968894958496e-01
9.982368350028991699e-01
9.963798522949218750e-01
5.283827185630798340e-01
3.614226281642913818e-01
1.005532369017601013e-01
9.970380067825317383e-01
6.052934527397155762e-01
9.991675615310668945e-01
5.432395339012145996e-01
1.301246583461761475e-01
6.575064659118652344e-01
9.929964542388916016e-01
9.994372725486755371e-01
9.980049133300781250e-01
9.964500665664672852e-01
5.407148003578186035e-01
6.219222545623779297e-01
1.989660859107971191e-01
9.908782839775085449e-01
9.025390744209289551e-01
7.976323366165161133e-01
9.296892881393432617e-01
9.248812794685363770e-01
1.029004976153373718e-01
2.389190793037414551e-01
9.995252490043640137e-01
9.984777569770812988e-01
9.958315491676330566e-01
4.375949800014495850e-01
3.326764702796936035e-01
4.852016270160675049e-01
9.854984283447265625e-01
6.058711409568786621e-01
2.390772551298141479e-01
9.581456780433654785e-01
9.789150357246398926e-01
7.451993823051452637e-01
5.363587737083435059e-01
9.996242523193359375e-01
9.986052513122558594e-01
9.949878454208374023e-01
7.088037133216857910e-01
7.365400791168212891e-01
7.890723347663879395e-01
9.988479614257812500e-01
9.037456512451171875e-01
9.535356760025024414e-01
9.996645450592041016e-01
8.417198657989501953e-01
8.854452967643737793e-01
9.998082518577575684e-01
9.995898604393005371e-01
9.982771873474121094e-01
9.948836565017700195e-01
7.186971902847290039e-01
6.727390885353088379e-01
2.277853488922119141e-01
9.966857433319091797e-01
4.189422428607940674e-01
9.631112217903137207e-01
9.968812465667724609e-01
9.677987694740295410e-01
9.838201999664306641e-01
9.062997698783874512e-01
9.995772242546081543e-01
9.978244304656982422e-01
9.932897090911865234e-01
6.862326860427856445e-01
8.268676996231079102e-01
2.338898479938507080e-01
9.974570274353027344e-01
9.710745215415954590e-01
9.640165567398071289e-01
9.950379729270935059e-01
9.564933776855468750e-01
9.889314174652099609e-01
9.968389272689819336e-01
9.996471405029296875e-01
9.987957477569580078e-01
9.971781373023986816e-01
4.718602821230888367e-02
5.908583477139472961e-02
1.527031213045120239e-01
2.509786784648895264e-01
6.165285706520080566e-01
7.539270520210266113e-01
9.403647184371948242e-01
8.668178319931030273e-01
5.309400614351034164e-03
7.375471293926239014e-02
9.994918107986450195e-01
9.982730150222778320e-01
9.958056807518005371e-01
5.359472036361694336e-01
1.814008951187133789e-01
2.408950328826904297e-01
9.172825813293457031e-01
9.214745163917541504e-01
1.126278713345527649e-01
9.117073416709899902e-01
2.906957864761352539e-01
5.016884803771972656e-01
5.678098797798156738e-01
9.997697472572326660e-01
9.984254240989685059e-01
9.964629411697387695e-01
2.589643299579620361e-01
7.938312888145446777e-01
8.285437226295471191e-01
9.992842674255371094e-01
5.631214976310729980e-01
8.953244090080261230e-01
9.998521208763122559e-01
1.402523717842996120e-03
5.495475530624389648e-01
9.998949170112609863e-01
9.997420310974121094e-01
9.992127418518066406e-01
9.974995255470275879e-01
4.529326856136322021e-01
1.311021447181701660e-01
1.515432596206665039e-01
8.347256183624267578e-01
3.385295271873474121e-01
2.338763326406478882e-01
7.416410446166992188e-01
9.961864948272705078e-01
1.885332018136978149e-01
9.975333809852600098e-01
9.994250535964965820e-01
9.968646168708801270e-01
9.911022782325744629e-01
9.412016868591308594e-01
9.668549895286560059e-01
9.641602635383605957e-01
9.217702746391296387e-01
9.875049591064453125e-01
9.474324584007263184e-01
9.995023012161254883e-01
9.953129887580871582e-01
8.832848072052001953e-01
9.121841788291931152e-01
9.995602965354919434e-01
9.969213008880615234e-01
9.945708513259887695e-01
5.504915118217468262e-01
6.614570617675781250e-01
9.069389700889587402e-01
9.963360428810119629e-01
9.308029413223266602e-01
9.260783195495605469e-01
9.799251556396484375e-01
9.532976746559143066e-01
9.690403938293457031e-01
7.739622592926025391e-01
9.938759207725524902e-01
8.988738656044006348e-01
9.254406690597534180e-01
9.882454872131347656e-01
8.304234147071838379e-01
2.656030654907226562e-01
9.978239536285400391e-01
9.965865612030029297e-01
4.368697106838226318e-02
9.988305568695068359e-01
9.983231425285339355e-01
9.720500707626342773e-01
8.938945531845092773e-01
9.989032745361328125e-01
9.954422712326049805e-01
9.934661984443664551e-01
5.750888586044311523e-01
9.671135544776916504e-01
9.646552205085754395e-01
9.996008872985839844e-01
9.992116689682006836e-01
9.926241040229797363e-01
9.995875358581542969e-01
4.445873498916625977e-01
9.969415068626403809e-01
9.769046306610107422e-01
9.993996620178222656e-01
9.970417618751525879e-01
9.962092041969299316e-01
5.230697393417358398e-01
6.362913846969604492e-01
9.273921847343444824e-01
9.994926452636718750e-01
9.961941242218017578e-01
9.477227330207824707e-01
9.992502331733703613e-01
9.969139695167541504e-01
4.605057835578918457e-02
5.676817521452903748e-02
9.991840124130249023e-01
9.957793951034545898e-01
9.962657094001770020e-01
3.877640366554260254e-01
7.978029251098632812e-01
9.571776390075683594e-01
9.997671246528625488e-01
9.757885336875915527e-01
9.814134836196899414e-01
9.977502822875976562e-01
9.975936412811279297e-01
9.999299049377441406e-01
3.191312402486801147e-02
9.990343451499938965e-01
9.961225986480712891e-01
9.957997202873229980e-01
3.958796262741088867e-01
7.578243613243103027e-01
9.373949766159057617e-01
9.922035932540893555e-01
9.449364542961120605e-01
9.887666702270507812e-01
8.179085850715637207e-01
9.926431775093078613e-01
9.982460737228393555e-01
9.921029806137084961e-01
9.989631772041320801e-01
9.955513477325439453e-01
9.908171296119689941e-01
7.309482097625732422e-01
9.438648819923400879e-01
9.661453366279602051e-01
9.911244511604309082e-01
9.957543611526489258e-01
9.933987259864807129e-01
9.777017235755920410e-01
7.485824227333068848e-01
9.964298605918884277e-01
9.987270832061767578e-01
9.993371963500976562e-01
9.970518946647644043e-01
9.935863614082336426e-01
6.631102561950683594e-01
8.110206127166748047e-01
9.290741682052612305e-01
9.960117340087890625e-01
9.581964015960693359e-01
9.720810055732727051e-01
8.210673332214355469e-01
9.953188300132751465e-01
9.471802711486816406e-01
6.957427859306335449e-01
9.990701079368591309e-01
9.977473020553588867e-01
9.965009689331054688e-01
3.556794226169586182e-01
5.019233822822570801e-01
8.492783308029174805e-01
9.507240056991577148e-01
8.157290220260620117e-01
9.350786805152893066e-01
6.694433093070983887e-01
9.872660636901855469e-01
9.093650579452514648e-01
8.651334047317504883e-01
9.997388720512390137e-01
9.973256587982177734e-01
9.928711652755737305e-01
1.863638311624526978e-02
1.231241226196289062e-01
4.078833758831024170e-01
9.995387792587280273e-01
5.954984426498413086e-01
8.726822733879089355e-01
9.816840291023254395e-01
9.993131756782531738e-01
1.242149621248245239e-02
9.834406375885009766e-01
9.989700317382812500e-01
9.948022961616516113e-01
9.910326600074768066e-01
4.007229208946228027e-01
9.518444538116455078e-01
9.823752641677856445e-01
9.884900450706481934e-01
9.876199364662170410e-01
9.936083555221557617e-01
9.949882626533508301e-01
9.999868869781494141e-01
9.725772142410278320e-01
9.402143955230712891e-01
9.979826211929321289e-01
9.798224568367004395e-01
9.749397635459899902e-01
8.518873453140258789e-01
9.807752966880798340e-01
7.644700407981872559e-01
9.767979383468627930e-01
9.991126656532287598e-01
9.999677538871765137e-01
9.975845217704772949e-01
9.974610805511474609e-01
9.391487240791320801e-01
9.901240468025207520e-01
9.988795518875122070e-01
9.940758943557739258e-01
9.795793294906616211e-01
7.134341597557067871e-01
8.736593723297119141e-01
9.709081649780273438e-01
8.770939111709594727e-01
9.304348230361938477e-01
9.870670437812805176e-01
9.994509816169738770e-01
9.999518990516662598e-01
9.964091181755065918e-01
9.983966350555419922e-01
9.979577064514160156e-01
9.951710700988769531e-01
9.775996208190917969e-01
8.906435370445251465e-01
9.799080491065979004e-01
9.138243794441223145e-01
8.771502971649169922e-01
9.962796568870544434e-01
2.957142889499664307e-01
9.997866749763488770e-01
9.937070608139038086e-01
9.986240863800048828e-01
2.097998261451721191e-01
9.972011446952819824e-01
9.543163776397705078e-01
8.833859562873840332e-01
9.559945464134216309e-01
9.459227919578552246e-01
1.957201510667800903e-01
1.440199315547943115e-01
9.962116479873657227e-01
8.348058462142944336e-01
8.240462541580200195e-01
9.977911114692687988e-01
9.989240169525146484e-01
9.999619722366333008e-01
