9.205124997175656576e-01
8.128282473637507000e-01
5.354409228536076704e-01
7.618516616706844102e-01
8.930982216328490209e-01
2.464535044721112844e-01
3.986736214003310796e-01
7.262609967818627332e-01
7.417108685924456157e-01
9.311361954762384929e-01
8.178169796100029920e-01
8.868259466611422281e-01
9.625588426223168348e-01
7.530077286064624786e-01
7.111675647588876492e-01
6.622053193329100473e-01
7.211627887165656947e-01
6.544546513603284321e-01
6.077833940776494748e-01
8.362782849715306721e-01
8.802165824633377822e-01
9.450684602443988336e-01
8.233922261458176406e-01
9.482323985833388535e-01
9.635055523652297227e-01
8.861523820803716145e-01
9.322253969999459988e-01
7.785834841893469749e-01
7.603689455069028158e-01
9.032121186073009955e-01
8.772972409541790473e-01
9.333959542787991781e-01
9.303850027231069797e-01
9.707024143292353191e-01
9.374680014757009738e-01
9.742328845537625570e-01
9.704154729843139648e-01
5.697088877742106927e-01
7.524992766288610690e-01
8.375453203916549683e-01
6.910734090667504104e-01
5.557553741651085621e-01
5.596412718296051025e-01
6.964193353286156629e-01
9.047998556723961805e-01
5.943016232206270733e-01
8.127627922938420735e-01
8.978219605409182291e-01
7.915663471302161192e-01
9.452037352782028945e-01
6.932579895409827220e-01
9.234254222649794785e-01
8.728389866076983195e-01
6.895356818747061523e-01
9.504864399249737250e-01
7.722091670506275873e-01
8.176012612306154947e-01
9.752726554870605469e-01
9.041976538988260037e-01
8.087439004045265944e-01
6.926440635929443923e-01
9.148724079132080078e-01
9.275935659041771864e-01
9.832345751615670926e-01
9.479148158660302137e-01
9.765099057784447645e-01
9.893936973351699082e-01
8.931888066805325765e-01
7.270622625946998596e-01
8.386822397845278276e-01
6.907965454917687209e-01
9.816530117621788953e-01
9.419584641089806532e-01
9.452790572093083821e-01
9.718424035952641926e-01
6.853900385590699917e-01
7.109950179090867017e-01
7.152594866660925144e-01
9.084923634162316297e-01
8.342701173745669108e-01
8.928870306565210857e-01
5.201751519209489860e-01
6.288538535053913581e-01
7.603403648200373066e-01
6.202352299140050373e-01
9.620462197523850234e-01
8.953371368921719808e-01
8.310506332379120620e-01
9.157020816436181043e-01
7.785997227407418508e-01
8.552407547831535339e-01
9.083740894611065375e-01
9.483083624106186660e-01
9.060599116178659207e-01
8.333030045032501221e-01
6.910891085863113403e-01
9.382486710181603407e-01
9.576980196512662191e-01
9.476416065142705403e-01
8.558589426370767361e-01
8.252539806641064901e-01
