5.305465776473283768e-03
5.755792856216430664e-01
3.608613833785057068e-02
2.443006727844476700e-03
8.520912379026412964e-04
4.786926507949829102e-01
3.236523866653442383e-01
9.717281162738800049e-02
1.798759102821350098e-01
1.993128657341003418e-01
2.050169706344604492e-01
1.266368315555155277e-03
5.855337381362915039e-01
8.982328290585428476e-05
5.983232259750366211e-01
9.197992831468582153e-02
1.216171830892562866e-01
6.366345565766096115e-03
4.487302601337432861e-01
3.969029784202575684e-01
2.068831920623779297e-01
7.410848140716552734e-02
5.183985233306884766e-01
6.892635822296142578e-01
9.154839062830433249e-05
4.232854247093200684e-01
4.357930720289004967e-06
1.184389181435108185e-02
8.057572841644287109e-01
2.329591661691665649e-02
7.108405232429504395e-03
1.181244105100631714e-01
2.310498952865600586e-01
2.877987921237945557e-02
3.843710944056510925e-02
7.458256185054779053e-02
1.965887844562530518e-01
4.051860868930816650e-01
3.531068265438079834e-01
1.347056013401015662e-06
6.182503420859575272e-04
5.020655989646911621e-01
1.098899990320205688e-01
1.480650752782821655e-01
2.032996118068695068e-01
2.315801829099655151e-01
7.829273492097854614e-02
2.188587635755538940e-01
3.714695274829864502e-01
2.035453766584396362e-01
3.388133645057678223e-01
5.478895902633666992e-01
1.083458264474757016e-04
1.341307597613194957e-05
3.601539433002471924e-01
6.823237240314483643e-02
3.352823667228221893e-03
1.404553353786468506e-01
2.157901227474212646e-01
1.196244545280933380e-02
1.890144348144531250e-01
2.118296474218368530e-01
2.121913880109786987e-01
1.976008415222167969e-01
5.992888808250427246e-01
4.114025796297937632e-05
1.243328792043030262e-03
2.928271591663360596e-01
3.274370133876800537e-01
9.285946935415267944e-02
1.885386882349848747e-03
3.402861533686518669e-03
7.423764094710350037e-03
1.689801691100001335e-03
5.857651922269724309e-05
1.355639833491295576e-04
2.077498845756053925e-02
1.959726959466934204e-01
4.357260695542208850e-05
3.873877972364425659e-02
2.662264406681060791e-01
3.221405744552612305e-01
1.092021539807319641e-01
2.830847352743148804e-02
1.075432822108268738e-01
7.882213220000267029e-03
2.280296087265014648e-01
5.258532762527465820e-01
1.864665136963594705e-05
1.995196342468261719e-01
7.718028035014867783e-03
2.448345907032489777e-02
1.815095841884613037e-01
6.000886559486389160e-01
8.639728277921676636e-02
2.738942392170429230e-03
1.393283484503626823e-03
1.994288116693496704e-01
3.174575567245483398e-01
2.242428809404373169e-02
7.271611690521240234e-02
3.033002912998199463e-01
6.307940483093261719e-01
2.059379220008850098e-02
3.822744183707982302e-04
1.487703155726194382e-02
4.116156697273254395e-01
5.512227863073348999e-02
2.845497336238622665e-03
4.706572217401117086e-04
5.792821198701858521e-02
3.972455859184265137e-01
3.043235838413238525e-01
2.804748248308897018e-03
4.587439000606536865e-01
1.680252403020858765e-01
6.095502376556396484e-01
5.758632687502540648e-05
2.030748873949050903e-02
3.222251236438751221e-01
2.310502901673316956e-02
1.695326296612620354e-03
2.067046152660623193e-04
4.252693057060241699e-01
4.848141968250274658e-01
2.013534903526306152e-01
2.304122783243656158e-02
2.600219249725341797e-01
2.101113274693489075e-02
2.865938544273376465e-01
1.853859612310770899e-05
1.601477526128292084e-02
7.597873806953430176e-01
3.291727900505065918e-01
1.674232631921768188e-01
3.268894215580075979e-04
7.392090559005737305e-02
9.293089807033538818e-02
3.446421772241592407e-02
2.198302187025547028e-03
6.181055307388305664e-02
1.188642233610153198e-01
3.537141084671020508e-01
9.917087852954864502e-03
3.025938713108189404e-05
4.610805511474609375e-01
1.412142068147659302e-01
2.108768792822957039e-03
5.987217300571501255e-04
3.996107876300811768e-01
5.778358578681945801e-01
3.147356212139129639e-01
4.232921078801155090e-02
1.935085952281951904e-01
2.000024318695068359e-01
7.003650534898042679e-05
4.950987204210832715e-05
3.675589803606271744e-03
2.842183411121368408e-01
2.733218371868133545e-01
1.684201061725616455e-01
7.611721754074096680e-02
5.859441161155700684e-01
7.233504205942153931e-03
1.120957657694816589e-01
1.176733374595642090e-01
4.231515824794769287e-01
1.462891846895217896e-01
5.938652753829956055e-01
4.293850660324096680e-01
3.452990651130676270e-01
5.999764204025268555e-01
2.811484932899475098e-01
2.504723705351352692e-02
4.143568873405456543e-01
4.536982998251914978e-02
1.459970772266387939e-01
1.271036863327026367e-01
2.002681791782379150e-01
3.878857195377349854e-01
2.706585228443145752e-01
4.339780211448669434e-01
7.049037218093872070e-01
1.114577986299991608e-02
2.093575000762939453e-01
6.048123538494110107e-02
1.017258595675230026e-02
1.949724927544593811e-02
2.733680307865142822e-01
1.224943902343511581e-02
5.137662291526794434e-01
9.349105879664421082e-03
2.482134699821472168e-01
3.834702819585800171e-02
5.480763912200927734e-01
4.621276557445526123e-01
2.511005732230842113e-05
2.041537761688232422e-01
1.765440060808032285e-06
6.858333479613065720e-03
6.077448129653930664e-01
1.899069524370133877e-03
2.696662023663520813e-02
2.120667695999145508e-01
2.283344715833663940e-01
3.110858201980590820e-01
4.813533425331115723e-01
8.860079944133758545e-02
8.167895078659057617e-01
4.693570372182875872e-05
3.990366458892822266e-01
3.380416333675384521e-01
1.809239760041236877e-02
3.191880583763122559e-01
2.002373784780502319e-01
4.475744366645812988e-01
3.372257053852081299e-01
4.946516454219818115e-02
4.417355954647064209e-01
5.876211524009704590e-01
5.585605502128601074e-01
6.001738309860229492e-01
6.071511283516883850e-02
5.168898701667785645e-01
7.724890708923339844e-01
8.151459693908691406e-02
1.185973989777266979e-03
3.959126472473144531e-01
2.162239700555801392e-01
4.210722073912620544e-02
1.417249393398378743e-07
2.206896692514419556e-01
6.025232672691345215e-01
5.270379129797220230e-03
5.990465879440307617e-01
6.298536807298660278e-02
2.018944025039672852e-01
4.007691740989685059e-01
1.119961217045783997e-01
4.775808192789554596e-03
3.976351618766784668e-01
4.742214456200599670e-03
1.471561193466186523e-01
8.756623417139053345e-02
3.607719438150525093e-03
3.428543210029602051e-01
4.032860994338989258e-01
3.962490856647491455e-01
1.612928211688995361e-01
3.401010632514953613e-01
4.045344293117523193e-01
1.841077581048011780e-02
5.636253859847784042e-03
3.839510679244995117e-02
3.349618613719940186e-01
1.323031634092330933e-02
1.912784129381179810e-01
5.964724421501159668e-01
2.687054872512817383e-01
4.494531750679016113e-01
8.837995529174804688e-01
1.379212713800370693e-03
3.855624794960021973e-01
2.134589403867721558e-01
1.484835892915725708e-01
1.129417587071657181e-02
2.283267229795455933e-01
1.002924293279647827e-01
1.642020940780639648e-01
3.756335973739624023e-01
3.861156702041625977e-01
4.749642908573150635e-01
5.690947771072387695e-01
5.590820312500000000e-01
5.406996235251426697e-03
3.913146555423736572e-01
5.247723460197448730e-01
2.884022332727909088e-02
8.202407509088516235e-02
2.030984163284301758e-01
3.889360129833221436e-01
1.140882894396781921e-01
9.998637437820434570e-02
6.296548061072826385e-03
2.932577133178710938e-01
6.454375982284545898e-01
4.021656215190887451e-01
1.093253667932003736e-04
2.420592457056045532e-01
5.439288020133972168e-01
1.073687803000211716e-02
4.408981651067733765e-03
3.616364598274230957e-01
3.892958760261535645e-01
3.851467967033386230e-01
3.205116391181945801e-01
2.324238568544387817e-01
1.075896713882684708e-02
3.399848043918609619e-01
3.230998516082763672e-01
4.990164190530776978e-03
1.982776224613189697e-01
2.304850071668624878e-01
2.466117888689041138e-01
1.202212460339069366e-02
4.701180160045623779e-01
9.306290745735168457e-02
3.956856131553649902e-01
4.195967316627502441e-01
8.854554034769535065e-03
3.902107179164886475e-01
1.325769553659483790e-04
9.563691616058349609e-01
2.464986639097332954e-03
4.048990607261657715e-01
1.702744327485561371e-02
2.315601259469985962e-01
3.836290538311004639e-02
8.200708031654357910e-01
6.218019127845764160e-01
3.096165657043457031e-01
3.221217095851898193e-01
3.930535316467285156e-01
1.914241760969161987e-01
3.564394712448120117e-01
2.040743231773376465e-01
2.441074326634407043e-02
3.493806421756744385e-01
5.169282555580139160e-01
1.825890541076660156e-01
1.071342378854751587e-01
1.283033490180969238e-01
2.428650707006454468e-01
3.532774746417999268e-01
7.227393239736557007e-02
3.364931326359510422e-04
4.161832332611083984e-01
4.114763736724853516e-01
2.326942048966884613e-02
9.895595312118530273e-01
6.152600049972534180e-01
2.181767821311950684e-01
2.844190895557403564e-01
1.998709589242935181e-01
6.467276215553283691e-01
4.278670847415924072e-01
3.312842249870300293e-01
7.488857209682464600e-02
1.901993673527613282e-04
1.983232200145721436e-01
2.598478794097900391e-01
6.044343709945678711e-01
3.068615794181823730e-01
5.983532667160034180e-01
4.499625861644744873e-01
4.682268202304840088e-02
4.236940145492553711e-01
7.684721946716308594e-01
2.459027990698814392e-02
1.910810172557830811e-01
6.825624150224030018e-04
1.935190856456756592e-01
4.225953817367553711e-01
4.706323146820068359e-01
7.999172806739807129e-01
9.478005170822143555e-01
5.996685028076171875e-01
3.310681283473968506e-01
5.551234483718872070e-01
7.889736890792846680e-01
2.060397416353225708e-01
4.385720193386077881e-01
2.187811136245727539e-01
3.383405208587646484e-01
2.997201085090637207e-01
6.964159011840820312e-01
9.389812946319580078e-01
7.699562311172485352e-01
2.116854935884475708e-01
3.378053903579711914e-01
2.495176941156387329e-01
6.188762784004211426e-01
4.557324945926666260e-02
5.267705917358398438e-01
4.009998440742492676e-01
2.153967618942260742e-01
3.818397875875234604e-03
1.408671215176582336e-02
1.549250930547714233e-01
5.323688983917236328e-01
4.828268289566040039e-01
4.231631159782409668e-01
2.915840446949005127e-01
4.069694280624389648e-01
3.835347294807434082e-01
8.925054967403411865e-02
7.089237570762634277e-01
8.388973772525787354e-02
2.977765798568725586e-01
2.473339554853737354e-04
3.786756694316864014e-01
2.697426080703735352e-01
5.912724733352661133e-01
4.016511738300323486e-01
4.852832853794097900e-01
2.551176846027374268e-01
8.054110407829284668e-01
3.239299356937408447e-01
2.741473913192749023e-01
1.249141469597816467e-01
4.793862998485565186e-01
9.834169596433639526e-02
3.737267851829528809e-01
2.561449408531188965e-01
3.367010951042175293e-01
4.737727940082550049e-01
2.020289152860641479e-01
4.102626442909240723e-01
1.440843045711517334e-01
1.932373493909835815e-01
4.574291110038757324e-01
4.227690398693084717e-03
2.633342444896697998e-01
4.443294405937194824e-01
3.691036105155944824e-01
2.001993358135223389e-01
4.722745120525360107e-01
3.231583535671234131e-01
4.664889276027679443e-01
6.023087501525878906e-01
5.850757360458374023e-01
1.944968998432159424e-01
2.963868081569671631e-01
3.566307127475738525e-01
8.444432914257049561e-02
7.565491646528244019e-02
3.720322549343109131e-01
3.796277642250061035e-01
2.444200664758682251e-01
2.362958788871765137e-01
4.808105826377868652e-01
7.783679962158203125e-01
7.469962835311889648e-01
4.037666320800781250e-01
1.935776174068450928e-01
4.813736975193023682e-01
3.841558098793029785e-01
2.763977348804473877e-01
5.852572917938232422e-01
5.531018972396850586e-01
6.000506877899169922e-01
4.267396926879882812e-01
1.946592926979064941e-01
2.525830268859863281e-01
2.672005891799926758e-01
4.126508831977844238e-01
6.982461810111999512e-01
2.939952313899993896e-01
3.476169705390930176e-01
7.507202029228210449e-02
1.335873901844024658e-01
2.314467728137969971e-01
6.879674792289733887e-01
2.251785546541213989e-01
5.933731198310852051e-01
9.266115725040435791e-02
7.978727817535400391e-01
3.310790061950683594e-01
6.575779914855957031e-01
5.512238666415214539e-02
3.685271441936492920e-01
3.154610395431518555e-01
2.893102169036865234e-01
1.358426660299301147e-01
1.934103965759277344e-01
5.995551943778991699e-01
7.465976476669311523e-01
1.806521117687225342e-01
6.103071942925453186e-02
1.682036072015762329e-01
5.155357718467712402e-01
4.217895865440368652e-01
2.176896184682846069e-01
1.433716434985399246e-02
4.639724791049957275e-01
3.697886466979980469e-01
7.691562175750732422e-02
8.480171859264373779e-02
3.440597355365753174e-01
3.811133503913879395e-01
8.533837390132248402e-04
2.166298776865005493e-02
1.840681284666061401e-01
3.072244301438331604e-02
6.367613077163696289e-01
2.319356352090835571e-01
4.007882475852966309e-01
1.976758092641830444e-01
6.703373193740844727e-01
5.599146336317062378e-02
1.664527319371700287e-02
4.485626816749572754e-01
2.608261704444885254e-01
9.665198624134063721e-02
9.138553589582443237e-02
8.146774023771286011e-02
4.660867899656295776e-02
7.242261171340942383e-01
5.222299098968505859e-01
1.161227191914804280e-05
6.658129096031188965e-01
3.121752738952636719e-01
1.830888795666396618e-03
4.861743152141571045e-01
6.316987276077270508e-01
5.261878371238708496e-01
2.332803094759583473e-03
1.396235227584838867e-01
5.373986959457397461e-01
2.789999842643737793e-01
3.149865269660949707e-01
2.636769115924835205e-01
4.934006836265325546e-03
2.542817890644073486e-01
2.468484342098236084e-01
8.972388459369540215e-04
3.107696771621704102e-01
5.396361947059631348e-01
6.022465229034423828e-01
2.635160386562347412e-01
2.361359000205993652e-01
2.101735770702362061e-01
5.482935905456542969e-01
5.803823471069335938e-01
4.882312417030334473e-01
9.966797381639480591e-02
3.709146380424499512e-02
3.767816126346588135e-01
9.962826035916805267e-03
6.696330387967464048e-07
4.317981302738189697e-01
4.115781486034393311e-01
3.543868428096175194e-03
1.858574710786342621e-02
6.102032959461212158e-03
3.914846107363700867e-03
5.150206685066223145e-01
8.160181343555450439e-03
1.949104666709899902e-01
1.277654618024826050e-01
2.917205095291137695e-01
2.704402804374694824e-02
6.531687825918197632e-02
2.006009519100189209e-01
2.041727006435394287e-01
9.261650964617729187e-03
6.550478935241699219e-02
1.330727189779281616e-01
1.251834630966186523e-01
8.131291866302490234e-01
5.323320031166076660e-01
8.350182906724512577e-04
1.302729249000549316e-01
2.719510495662689209e-01
6.092984080314636230e-01
1.402929308824241161e-03
1.303859353065490723e-01
4.173315167427062988e-01
1.240445708390325308e-04
1.077939942479133606e-01
1.952652782201766968e-01
2.003172785043716431e-01
3.266759514808654785e-01
1.982088983058929443e-01
4.616358783096075058e-03
2.659184485673904419e-02
1.778142154216766357e-01
3.558068275451660156e-01
6.168881081975996494e-04
3.423037528991699219e-01
4.395805299282073975e-01
3.600561618804931641e-01
9.947760403156280518e-02
3.674327433109283447e-01
6.324834227561950684e-01
5.065515041351318359e-01
3.070996403694152832e-01
1.346055865287780762e-01
3.334877192974090576e-01
3.107599020004272461e-01
2.317936569452285767e-01
2.520591765642166138e-02
1.854133605957031250e-01
4.947817325592041016e-01
6.415399312973022461e-01
2.177999541163444519e-02
1.469049602746963501e-01
1.822251975536346436e-01
9.992365837097167969e-01
2.004983872175216675e-01
5.928522720932960510e-02
3.174814283847808838e-01
4.141275882720947266e-01
1.940324716269969940e-02
3.849969804286956787e-02
9.300889447331428528e-03
4.693096578121185303e-01
3.678480982780456543e-01
8.546280115842819214e-02
2.825325913727283478e-02
2.516311705112457275e-01
5.416989326477050781e-01
7.787044048309326172e-01
1.969966292381286621e-01
5.633636116981506348e-01
2.288955301046371460e-01
3.912083506584167480e-01
1.036851778626441956e-01
1.674781590700149536e-01
4.033544063568115234e-01
8.128997087478637695e-01
1.585116796195507050e-02
8.783175051212310791e-02
3.142522275447845459e-01
6.838422417640686035e-01
5.979347229003906250e-01
2.020497769117355347e-01
2.701852321624755859e-01
2.559845894575119019e-02
1.638310030102729797e-02
3.080200552940368652e-01
1.638633199036121368e-02
8.800787478685379028e-02
4.340611398220062256e-01
3.143821595585905015e-05
2.059631645679473877e-01
2.701018750667572021e-01
2.088218182325363159e-01
3.307754099369049072e-01
2.802769541740417480e-01
4.003059267997741699e-01
4.221797287464141846e-01
4.158706665039062500e-01
2.107498943805694580e-01
2.959417700767517090e-01
3.681706637144088745e-02
2.169363666325807571e-03
3.324224352836608887e-01
1.753744184970855713e-01
6.499830484390258789e-01
6.061301231384277344e-01
2.029934972524642944e-01
3.816181421279907227e-01
6.108887791633605957e-01
3.196442425251007080e-01
1.077690740203252062e-06
8.677119389176368713e-03
3.582459390163421631e-01
2.249194830656051636e-01
1.219085106640704907e-06
5.339224589988589287e-04
2.754633128643035889e-01
1.528727561235427856e-01
6.088877320289611816e-01
2.407327890396118164e-01
2.095973193645477295e-01
2.687836885452270508e-01
4.038653969764709473e-01
2.192692607641220093e-01
3.473728001117706299e-01
2.452418506145477295e-01
4.728224873542785645e-01
2.008077800273895264e-01
1.995753943920135498e-01
2.100624442100524902e-01
1.427929103374481201e-01
4.281824529170989990e-01
5.469995737075805664e-01
4.692970216274261475e-01
1.993152201175689697e-01
2.129419445991516113e-01
2.076366543769836426e-01
8.089532852172851562e-01
4.628418013453483582e-02
1.589512079954147339e-01
1.979050785303115845e-01
1.890849769115447998e-01
2.002860456705093384e-01
3.010307252407073975e-01
5.509334802627563477e-01
6.009166240692138672e-01
2.686103805899620056e-02
5.881297588348388672e-01
1.158378720283508301e-01
1.417519450187683105e-01
3.998070061206817627e-01
6.356467604637145996e-01
1.889841705560684204e-01
5.078516528010368347e-02
6.963220238685607910e-02
7.495044469833374023e-01
6.643225550651550293e-01
4.210202097892761230e-01
4.024132788181304932e-01
1.370993995806202292e-04
7.965033054351806641e-01
2.012030780315399170e-01
2.898378670215606689e-01
5.938556790351867676e-01
3.228468447923660278e-02
3.076460063457489014e-01
3.601838350296020508e-01
1.075288206338882446e-01
3.392233550548553467e-01
2.990241944789886475e-01
7.738760709762573242e-01
4.402319192886352539e-01
1.294610742479562759e-02
7.000457644462585449e-01
5.311082601547241211e-01
8.918706327676773071e-02
7.807087898254394531e-01
3.470697402954101562e-01
3.781782984733581543e-01
3.930559754371643066e-01
5.909363153477897868e-06
1.579801142215728760e-01
3.405768275260925293e-01
4.002464115619659424e-01
4.273006319999694824e-01
8.391439914703369141e-03
3.892253339290618896e-01
1.207217276096343994e-01
2.004463374614715576e-01
6.007396578788757324e-01
2.242880165576934814e-01
2.648004591464996338e-01
4.054551422595977783e-01
2.913375198841094971e-01
3.588998019695281982e-01
1.590049713850021362e-01
4.309993982315063477e-02
7.033588886260986328e-01
3.358047008514404297e-01
2.162389010190963745e-01
2.411231696605682373e-01
1.226809620857238770e-02
4.688855707645416260e-01
7.976485788822174072e-02
8.834590017795562744e-02
2.155144661664962769e-01
1.004107762128114700e-02
5.497313141822814941e-01
5.697074532508850098e-01
5.759057402610778809e-01
1.468711346387863159e-01
2.213847264647483826e-02
7.837377786636352539e-01
2.187624722719192505e-01
3.993918299674987793e-01
5.839237570762634277e-01
1.903030835092067719e-02
4.570732116699218750e-01
1.996781080961227417e-01
2.083043158054351807e-01
3.366913795471191406e-01
4.499856829643249512e-01
7.540799379348754883e-01
3.989257216453552246e-01
1.997467577457427979e-01
4.594725668430328369e-01
1.458142548799514771e-01
1.712840646505355835e-01
3.139337599277496338e-01
2.751784026622772217e-01
6.876789331436157227e-01
6.921657477505505085e-04
1.731597036123275757e-01
2.781958580017089844e-01
3.078380823135375977e-01
1.656188964843750000e-01
4.877733290195465088e-01
2.561289875302463770e-04
4.174526333808898926e-01
7.650654911994934082e-01
4.029524624347686768e-01
1.211033165454864502e-01
9.368556737899780273e-02
1.965568363666534424e-01
2.003220319747924805e-01
3.786219954490661621e-01
1.532859802246093750e-01
2.212467789649963379e-01
8.038146495819091797e-01
1.646311730146408081e-01
8.388077549170702696e-05
4.014758765697479248e-01
5.640864968299865723e-01
4.529688060283660889e-01
5.992648601531982422e-01
4.455148875713348389e-01
1.280620396137237549e-01
3.176667261868715286e-03
5.174522399902343750e-01
2.945912480354309082e-01
6.000418663024902344e-01
5.710169076919555664e-01
6.612952351570129395e-01
2.202931493520736694e-01
5.740365386009216309e-01
4.048782289028167725e-01
3.997331261634826660e-01
2.402362227439880371e-01
3.606655299663543701e-01
1.088530272245407104e-01
8.686508983373641968e-02
1.906763911247253418e-01
7.699317336082458496e-01
4.174855351448059082e-01
2.807703018188476562e-01
2.007845491170883179e-01
2.068654894828796387e-01
4.070332348346710205e-01
2.869067490100860596e-01
6.060158610343933105e-01
1.704628020524978638e-01
5.807217955589294434e-01
2.091914862394332886e-01
3.983832597732543945e-01
3.697087466716766357e-01
1.399214714765548706e-01
4.523341953754425049e-01
8.538494706153869629e-01
3.568207621574401855e-01
1.954465359449386597e-01
3.997668027877807617e-01
4.219772815704345703e-01
4.881076216697692871e-01
1.318379887379705906e-03
3.559128046035766602e-01
2.526103556156158447e-01
4.274963140487670898e-01
4.179432690143585205e-01
1.459464132785797119e-01
3.303842246532440186e-01
5.850615501403808594e-01
4.008936882019042969e-01
4.572644084692001343e-02
4.004173576831817627e-01
1.102686822414398193e-01
4.472413063049316406e-01
6.181365251541137695e-01
5.198072195053100586e-01
4.741510152816772461e-01
2.198192924261093140e-01
3.584501743316650391e-01
2.014977931976318359e-01
1.442854758352041245e-02
6.539320200681686401e-02
2.005496323108673096e-01
4.380906820297241211e-01
3.988285362720489502e-01
1.055709272623062134e-02
4.626799225807189941e-01
2.068002223968505859e-01
5.305903553962707520e-01
7.167922705411911011e-02
1.071314811706542969e-01
4.041418433189392090e-01
2.542678713798522949e-01
5.468208789825439453e-01
6.037054061889648438e-01
2.245316058397293091e-01
1.994438320398330688e-01
5.111446380615234375e-01
2.180319577455520630e-01
1.966621875762939453e-01
1.816618591547012329e-01
1.653560549020767212e-01
3.419439196586608887e-01
1.320333103649318218e-03
2.639882862567901611e-01
3.130099177360534668e-01
6.548765301704406738e-02
6.501764059066772461e-01
1.541858166456222534e-01
1.378297456540167332e-03
2.033296525478363037e-01
2.965668737888336182e-01
2.216355353593826294e-01
4.979663062840700150e-03
2.760090529918670654e-01
1.873147487640380859e-01
4.952312409877777100e-01
5.287241935729980469e-02
1.776861399412155151e-01
4.518768787384033203e-01
7.615982890129089355e-01
2.527842819690704346e-01
3.695440888404846191e-01
4.234321713447570801e-01
3.842880427837371826e-01
3.825846910476684570e-01
5.417619645595550537e-02
7.445087432861328125e-01
4.783804994076490402e-03
1.379296928644180298e-01
1.908233314752578735e-01
7.165104150772094727e-01
3.990702927112579346e-01
6.177349686622619629e-01
4.397974610328674316e-01
3.649287857115268707e-03
1.716895401477813721e-01
8.166019618511199951e-02
2.658624053001403809e-01
3.258141875267028809e-01
4.015699923038482666e-01
3.369292244315147400e-02
4.754392139147967100e-04
3.591266274452209473e-01
6.664711833000183105e-01
5.093768239021301270e-01
9.287096261978149414e-01
1.566269099712371826e-01
4.557900829240679741e-04
4.006215929985046387e-01
2.121940627694129944e-02
3.821944072842597961e-02
2.200190275907516479e-01
6.519936323165893555e-01
2.185162305831909180e-01
4.469940960407257080e-01
4.235387779772281647e-03
4.797061979770660400e-01
4.995632469654083252e-01
7.268139719963073730e-01
5.703290700912475586e-01
1.986028105020523071e-01
1.685490310192108154e-01
3.962200880050659180e-01
9.708121418952941895e-02
2.003536671400070190e-01
4.086550176143646240e-01
1.414062678813934326e-01
3.794827759265899658e-01
2.606726484373211861e-03
1.752508282661437988e-01
2.295654565095901489e-01
7.858602404594421387e-01
6.938169598579406738e-01
1.612039059400558472e-01
3.162867128849029541e-01
9.176000021398067474e-03
3.738024234771728516e-01
2.040834724903106689e-01
5.321709513664245605e-01
5.073740482330322266e-01
5.601312518119812012e-01
3.969170749187469482e-01
8.121739327907562256e-02
1.611033231019973755e-01
9.146294593811035156e-01
5.585623979568481445e-01
1.589065194129943848e-01
4.002691209316253662e-01
6.917017102241516113e-01
3.113732635974884033e-01
3.947668671607971191e-01
5.465644001960754395e-01
6.493307352066040039e-01
3.173977732658386230e-01
1.949224770069122314e-01
5.982982516288757324e-01
6.019924879074096680e-01
6.212851405143737793e-01
3.431890392675995827e-03
1.934336423873901367e-01
2.411345094442367554e-01
5.002942867577075958e-03
2.547709643840789795e-01
1.610587351024150848e-02
3.153592050075531006e-01
5.838349461555480957e-01
2.646078588441014290e-03
2.391281537711620331e-02
2.820757916197180748e-03
2.017825096845626831e-01
7.996705174446105957e-01
5.883355811238288879e-02
3.869569599628448486e-01
4.330238699913024902e-01
3.012679517269134521e-01
2.939966917037963867e-01
3.875524699687957764e-01
1.722133904695510864e-01
2.066103518009185791e-01
1.965572685003280640e-01
1.981121897697448730e-01
1.235822811722755432e-01
6.007157638669013977e-02
4.347603917121887207e-01
2.019427567720413208e-01
2.595058083534240723e-01
5.192866325378417969e-01
4.010781049728393555e-01
2.805134095251560211e-02
6.283278344199061394e-04
2.821470797061920166e-01
7.701246738433837891e-01
4.659960791468620300e-02
3.457493185997009277e-01
3.328486382961273193e-01
4.162923693656921387e-01
7.299245595932006836e-01
6.678074598312377930e-01
1.546897441148757935e-01
2.448859959840774536e-01
5.117408633232116699e-01
3.333948552608489990e-01
1.668314039707183838e-01
2.625887468457221985e-02
6.847863197326660156e-01
2.334146499633789062e-01
1.138844192028045654e-01
3.093183636665344238e-01
5.666205286979675293e-01
5.890922546386718750e-01
4.419448226690292358e-02
1.692860424518585205e-01
5.324584245681762695e-01
4.872224628925323486e-01
3.211801052093505859e-01
3.739154636859893799e-01
4.251730442047119141e-01
5.059161186218261719e-01
4.717574119567871094e-01
2.825308442115783691e-01
1.724776253104209900e-02
3.840931132435798645e-02
6.476678848266601562e-01
7.650178670883178711e-01
5.891186185181140900e-03
9.095416963100433350e-02
4.117288291454315186e-01
4.531802982091903687e-02
1.687841564416885376e-01
3.594544231891632080e-01
4.175976514816284180e-01
3.590469956398010254e-01
8.587385714054107666e-02
5.587252974510192871e-01
2.503607571125030518e-01
9.979626536369323730e-01
3.989376425743103027e-01
1.127303913235664368e-01
3.984887599945068359e-01
5.572189092636108398e-01
4.317374825477600098e-01
3.590061143040657043e-02
1.976389437913894653e-01
5.349174141883850098e-01
8.162149228155612946e-03
1.483684629201889038e-01
2.489740401506423950e-01
1.572697758674621582e-01
5.835908651351928711e-01
4.577357321977615356e-02
1.738167256116867065e-01
6.006304025650024414e-01
4.471149742603302002e-01
3.883451223373413086e-01
2.023394256830215454e-01
2.100868672132492065e-01
4.829322993755340576e-01
6.022338867187500000e-01
3.847139328718185425e-02
1.897425949573516846e-01
2.467451691627502441e-01
2.580128014087677002e-01
5.798032283782958984e-01
6.619970500469207764e-02
5.047272443771362305e-01
9.346903115510940552e-02
2.112094014883041382e-01
3.533933460712432861e-01
7.922818660736083984e-01
3.930309787392616272e-03
5.062834620475769043e-01
5.665022763423621655e-04
6.549340207129716873e-03
3.208140134811401367e-01
7.986347675323486328e-01
1.993412822484970093e-01
3.923790156841278076e-01
6.072078347206115723e-01
3.325105309486389160e-01
5.902876853942871094e-01
2.384366542100906372e-01
9.214770793914794922e-02
1.084204167127609253e-01
2.091891020536422729e-01
1.208680868148803711e-01
5.758547037839889526e-02
3.791766762733459473e-01
4.884134829044342041e-01
1.224310621619224548e-01
2.468258440494537354e-01
4.206955432891845703e-01
3.575733006000518799e-01
7.537057995796203613e-01
3.094432950019836426e-01
4.452401399612426758e-01
3.700516819953918457e-01
3.889204561710357666e-02
2.063769698143005371e-01
3.220943808555603027e-01
3.746674954891204834e-02
3.570081889629364014e-01
2.817760407924652100e-01
2.383530586957931519e-01
6.857560873031616211e-01
5.720381736755371094e-01
7.052206397056579590e-01
3.981788754463195801e-01
3.771342635154724121e-01
3.857543468475341797e-01
6.425101775676012039e-03
1.497460179962217808e-03
3.582964539527893066e-01
2.516842484474182129e-01
4.173381030559539795e-01
7.583924531936645508e-01
1.277281343936920166e-01
2.688792049884796143e-01
2.124974280595779419e-01
2.182043790817260742e-01
2.642739713191986084e-01
4.388017058372497559e-01
2.305378466844558716e-01
3.869332075119018555e-01
2.403452694416046143e-01
2.142894268035888672e-01
8.446352556347846985e-03
8.327032327651977539e-01
5.973699092864990234e-01
2.220112234354019165e-01
2.007554769515991211e-01
5.022931098937988281e-01
3.834800124168395996e-01
3.771170973777770996e-01
4.234140515327453613e-01
3.465045690536499023e-01
2.963442504405975342e-01
3.357566893100738525e-01
3.870924413204193115e-01
4.717969298362731934e-01
2.014585584402084351e-01
3.389267623424530029e-01
3.607437610626220703e-01
4.252384006977081299e-01
3.316685259342193604e-01
2.050181329250335693e-01
3.782210350036621094e-01
5.420405864715576172e-01
5.940116047859191895e-01
2.912528216838836670e-01
5.016517043113708496e-01
3.315544972792849876e-06
1.099332347512245178e-01
6.181406378746032715e-01
2.094361931085586548e-01
4.977934062480926514e-01
6.323087145574390888e-04
3.686038255691528320e-01
5.017232298851013184e-01
2.112259864807128906e-01
2.513955235481262207e-01
4.719061255455017090e-01
3.896355256438255310e-02
2.957850992679595947e-01
2.572159841656684875e-02
2.062653005123138428e-01
7.830287218093872070e-01
1.299673765897750854e-01
1.091773249208927155e-02
4.111637771129608154e-01
5.141059756278991699e-01
3.517613708972930908e-01
1.129534915089607239e-01
4.884790778160095215e-01
6.850291392765939236e-04
2.771529555320739746e-01
4.308422561734914780e-03
4.479793906211853027e-01
4.748826324939727783e-01
6.054166555404663086e-01
1.144149806350469589e-03
1.199174221255816519e-05
6.695407442748546600e-03
4.767341017723083496e-01
6.573970913887023926e-01
1.709291934967041016e-01
2.005511820316314697e-01
2.204005122184753418e-01
5.789364576339721680e-01
4.364376366138458252e-01
4.502477347850799561e-01
6.737480163574218750e-01
6.007618308067321777e-01
3.991865217685699463e-01
1.553751975297927856e-01
1.736875772476196289e-01
3.910740017890930176e-01
1.219204291701316833e-01
3.245253562927246094e-01
4.078288078308105469e-01
4.461163878440856934e-01
5.658601522445678711e-01
8.761699311435222626e-03
1.766911596059799194e-01
5.978887677192687988e-01
6.006961464881896973e-01
3.445981144905090332e-01
2.980182645842432976e-03
2.705461978912353516e-01
1.108437627553939819e-01
1.765354871749877930e-01
1.139535978436470032e-01
1.074490547180175781e-01
3.042131364345550537e-01
6.041663885116577148e-01
3.804259896278381348e-01
5.148422122001647949e-01
5.710749030113220215e-01
4.060332477092742920e-01
2.079452872276306152e-01
2.751112624537199736e-04
2.004192024469375610e-01
2.856645882129669189e-01
3.165462017059326172e-01
1.899070739746093750e-01
4.036588072776794434e-01
3.973211646080017090e-01
4.831495881080627441e-01
2.352850586175918579e-01
3.089747726917266846e-01
2.763311564922332764e-01
2.424467802047729492e-01
4.272168874740600586e-01
3.432832360267639160e-01
3.990806043148040771e-01
4.706987142562866211e-01
3.134188055992126465e-01
5.283185243606567383e-01
3.991146683692932129e-01
2.800101339817047119e-01
4.996863007545471191e-01
5.832763761281967163e-02
4.185090586543083191e-02
2.723299562931060791e-01
7.954568862915039062e-01
4.623283147811889648e-01
1.665665507316589355e-01
5.186395049095153809e-01
5.267077684402465820e-01
2.249660342931747437e-01
9.910757094621658325e-02
3.905118107795715332e-01
1.278680749237537384e-02
4.672625958919525146e-01
6.977471113204956055e-01
4.669115692377090454e-02
4.001337587833404541e-01
5.890045166015625000e-01
2.075211703777313232e-01
2.060663849115371704e-01
2.070779055356979370e-01
2.704235315322875977e-01
2.835859358310699463e-01
5.191526934504508972e-02
1.443529874086380005e-01
5.723032355308532715e-01
4.937150776386260986e-01
5.646821260452270508e-01
1.408368814736604691e-02
2.599841952323913574e-01
4.269413650035858154e-01
1.603399813175201416e-01
2.002219706773757935e-01
1.934616565704345703e-01
3.059248626232147217e-01
4.063481390476226807e-01
2.680810987949371338e-01
3.369820415973663330e-01
3.521976470947265625e-01
4.075425863265991211e-01
3.115710020065307617e-01
4.773542284965515137e-02
1.077788770198822021e-01
7.393548488616943359e-01
5.567632317543029785e-01
3.055318593978881836e-01
5.920311212539672852e-01
1.805103123188018799e-01
7.587666511535644531e-01
4.553400576114654541e-01
1.114814653992652893e-01
8.702512085437774658e-02
5.551454424858093262e-01
9.100242257118225098e-01
2.283858694136142731e-02
3.126384615898132324e-01
