6.342670917510986328e-01
1.863738894462585449e-01
2.019754610955715179e-03
2.105257064104080200e-01
4.061807394027709961e-01
2.086164057254791260e-01
3.204148411750793457e-01
3.924468457698822021e-01
3.729223608970642090e-01
6.198366880416870117e-01
8.406521081924438477e-01
3.977516293525695801e-01
4.930398762226104736e-01
6.320219039916992188e-01
9.963644742965698242e-01
1.663343794643878937e-02
2.383567951619625092e-02
2.802512943744659424e-01
2.465377599000930786e-01
1.485377363860607147e-02
1.282423763768747449e-04
2.554288804531097412e-01
8.029971271753311157e-02
4.596050381660461426e-01
1.717762053012847900e-01
2.205063938163220882e-04
1.144759356975555420e-01
4.115472733974456787e-01
5.148078203201293945e-01
5.245480537414550781e-01
3.869987279176712036e-02
5.770288705825805664e-01
5.755296945571899414e-01
9.361399710178375244e-02
1.641088575124740601e-01
1.824437230825424194e-01
6.044552326202392578e-01
7.595277428627014160e-01
3.751960992813110352e-01
3.053253591060638428e-01
1.966948155313730240e-03
4.549793303012847900e-01
7.692734003067016602e-01
8.139226436614990234e-01
6.322958469390869141e-01
2.709658145904541016e-01
3.953315019607543945e-01
1.597049832344055176e-01
1.571734845638275146e-01
9.699694812297821045e-02
2.244555056095123291e-01
4.439538121223449707e-01
3.707022964954376221e-01
5.089840665459632874e-02
2.253254204988479614e-01
4.991874098777770996e-01
3.914450109004974365e-01
6.182367205619812012e-01
5.248541831970214844e-01
1.523328274488449097e-01
3.462374806404113770e-01
2.582995891571044922e-01
2.062260508537292480e-01
5.753549933433532715e-02
3.800512850284576416e-01
1.983092576265335083e-01
3.642008602619171143e-01
3.290971973910927773e-03
1.871145069599151611e-01
3.804704546928405762e-02
2.158108949661254883e-01
7.158782482147216797e-01
4.012058973312377930e-01
4.427412897348403931e-02
5.888155698776245117e-01
4.629706740379333496e-01
2.362655997276306152e-01
3.247081935405731201e-01
2.363382279872894287e-01
3.503592014312744141e-01
6.192406415939331055e-01
3.653811812400817871e-01
3.447951981797814369e-03
5.759275555610656738e-01
9.121867418289184570e-01
7.506457567214965820e-01
2.111149132251739502e-01
5.232310388237237930e-03
2.432104758918285370e-02
1.533644348382949829e-01
3.856864273548126221e-01
6.165934801101684570e-01
6.040859222412109375e-01
2.853606343269348145e-01
5.546749234199523926e-01
2.791905999183654785e-01
1.316995173692703247e-01
5.534375905990600586e-01
5.689449310302734375e-01
6.280559897422790527e-01
4.226927757263183594e-01
1.261361837387084961e-01
2.667587995529174805e-01
4.479033350944519043e-01
5.849711894989013672e-01
3.949183225631713867e-01
3.606162071228027344e-01
5.357381701469421387e-01
4.677900969982147217e-01
4.401809573173522949e-01
1.930721402168273926e-01
2.850422263145446777e-01
3.656288385391235352e-01
4.195280969142913818e-01
2.092525213956832886e-01
3.628511428833007812e-01
2.887917757034301758e-01
1.929801702499389648e-02
2.824729084968566895e-01
1.446911245584487915e-01
5.394504666328430176e-01
2.576028406620025635e-01
4.166460037231445312e-01
1.706747338175773621e-02
2.517369985580444336e-01
1.678629517555236816e-01
5.252444744110107422e-01
2.554219365119934082e-01
4.803076684474945068e-01
4.191136918962001801e-03
4.431651234626770020e-01
2.766026258468627930e-01
1.493933051824569702e-01
3.949340879917144775e-01
6.210326403379440308e-02
3.017873466014862061e-01
3.762529492378234863e-01
1.318546980619430542e-01
4.981396198272705078e-01
1.255821436643600464e-01
4.609345197677612305e-01
6.076909899711608887e-01
6.248167753219604492e-01
5.485253495862707496e-06
3.941016793251037598e-01
2.212239354848861694e-01
6.422846913337707520e-01
3.267411589622497559e-01
3.543307259678840637e-02
6.937118768692016602e-01
5.128900408744812012e-01
2.229342162609100342e-01
2.529044151306152344e-01
3.609018623828887939e-01
3.783543407917022705e-01
8.208888769149780273e-01
2.225274890661239624e-01
2.551859319210052490e-01
3.542769253253936768e-01
2.871141135692596436e-01
4.221672415733337402e-01
1.624720357358455658e-02
2.557642757892608643e-01
7.751599550247192383e-01
6.362410783767700195e-01
2.883183360099792480e-01
4.459856152534484863e-01
3.533284068107604980e-01
2.100167870521545410e-01
8.010528087615966797e-01
3.392856419086456299e-01
1.800059229135513306e-01
3.078888356685638428e-01
3.230216503143310547e-01
1.786009967327117920e-01
2.315419260412454605e-03
2.537827193737030029e-01
2.733378112316131592e-01
2.017457485198974609e-01
7.905244231224060059e-01
2.348097264766693115e-01
9.008088111877441406e-01
7.649797201156616211e-01
9.765319824218750000e-01
8.600296974182128906e-01
1.992707401514053345e-01
4.212956726551055908e-01
3.738742470741271973e-01
4.434430897235870361e-01
4.378645122051239014e-01
8.448677835986018181e-04
5.324805378913879395e-01
7.757285237312316895e-01
6.074194312095642090e-01
6.348883360624313354e-02
4.277617633342742920e-01
8.532131910324096680e-01
5.851013660430908203e-01
1.814346909523010254e-01
5.850434675812721252e-02
7.279316186904907227e-01
4.099269509315490723e-01
3.848328292369842529e-01
1.067985743284225464e-01
2.295568883419036865e-01
2.043483704328536987e-01
5.878602266311645508e-01
4.741910099983215332e-01
1.462720632553100586e-01
3.451144099235534668e-01
4.026359319686889648e-01
4.851506054401397705e-01
5.575750470161437988e-01
4.956415593624114990e-01
2.014240771532058716e-01
5.249253511428833008e-01
2.646574974060058594e-01
4.599521756172180176e-01
1.026288717985153198e-01
7.445166707038879395e-01
3.457832038402557373e-01
5.709981322288513184e-01
2.312693541171029210e-04
6.533491015434265137e-01
4.855707287788391113e-01
