9.969574809074401855e-01
9.862036108970642090e-01
9.741834998130798340e-01
7.516742348670959473e-01
9.359684586524963379e-01
9.071051478385925293e-01
9.628193974494934082e-01
9.230182766914367676e-01
9.914929270744323730e-01
9.934237003326416016e-01
9.882819056510925293e-01
9.873648881912231445e-01
9.891427159309387207e-01
9.801509380340576172e-01
9.996122717857360840e-01
4.302241802215576172e-01
9.122458100318908691e-01
1.000000119209289551e+00
8.480892777442932129e-01
8.275092840194702148e-01
9.472334980964660645e-01
9.990190863609313965e-01
9.800523519515991211e-01
9.916085600852966309e-01
9.820085763931274414e-01
9.802952408790588379e-01
9.968804717063903809e-01
9.845080375671386719e-01
9.854037165641784668e-01
9.518979787826538086e-01
9.048624038696289062e-01
9.907236099243164062e-01
8.958716988563537598e-01
9.160627722740173340e-01
9.722574353218078613e-01
9.967042207717895508e-01
9.921443462371826172e-01
9.898848533630371094e-01
9.902144670486450195e-01
9.726426601409912109e-01
9.787703752517700195e-01
9.728400111198425293e-01
9.931035041809082031e-01
9.890332818031311035e-01
9.913160800933837891e-01
8.443498015403747559e-01
9.650838971138000488e-01
9.808282256126403809e-01
9.339367747306823730e-01
9.415406584739685059e-01
9.926356077194213867e-01
9.951174855232238770e-01
9.899085164070129395e-01
9.819483160972595215e-01
9.855536818504333496e-01
9.727265834808349609e-01
9.995079636573791504e-01
9.999999403953552246e-01
9.978330731391906738e-01
9.966259002685546875e-01
8.342577815055847168e-01
8.216848373413085938e-01
9.984448552131652832e-01
3.469195365905761719e-01
8.353642225265502930e-01
8.912133574485778809e-01
9.870414733886718750e-01
9.299075007438659668e-01
9.458563327789306641e-01
9.674077033996582031e-01
9.993430376052856445e-01
9.989078044891357422e-01
9.999920129776000977e-01
9.979327321052551270e-01
7.542061805725097656e-01
9.006392359733581543e-01
9.988723993301391602e-01
9.773496985435485840e-01
7.743544578552246094e-01
9.322632551193237305e-01
9.842942357063293457e-01
9.965231418609619141e-01
9.906688928604125977e-01
8.895823359489440918e-01
9.992231130599975586e-01
9.976224303245544434e-01
9.942643046379089355e-01
9.997660517692565918e-01
8.972544670104980469e-01
9.695254564285278320e-01
9.994877576828002930e-01
9.870080351829528809e-01
9.914788603782653809e-01
9.638680219650268555e-01
8.662101626396179199e-01
9.814310669898986816e-01
9.902324080467224121e-01
9.872438907623291016e-01
9.862122535705566406e-01
9.961993098258972168e-01
9.846282601356506348e-01
9.806030392646789551e-01
8.381670713424682617e-01
9.599344134330749512e-01
9.455150365829467773e-01
9.327971935272216797e-01
9.911514520645141602e-01
9.948906302452087402e-01
9.566624760627746582e-01
9.562765955924987793e-01
9.809389114379882812e-01
9.882788062095642090e-01
9.996057152748107910e-01
9.994111061096191406e-01
9.946963191032409668e-01
9.901218414306640625e-01
7.272936105728149414e-01
8.331385254859924316e-01
8.772106766700744629e-01
9.870152473449707031e-01
9.594863653182983398e-01
9.682498574256896973e-01
9.677459597587585449e-01
9.451743960380554199e-01
9.731276631355285645e-01
9.829800724983215332e-01
9.994615912437438965e-01
9.993360638618469238e-01
9.930799603462219238e-01
9.938852787017822266e-01
8.107221722602844238e-01
8.778498768806457520e-01
9.022420048713684082e-01
9.951512217521667480e-01
9.814509153366088867e-01
9.504123926162719727e-01
9.801973104476928711e-01
9.959263801574707031e-01
9.518824815750122070e-01
9.312937259674072266e-01
9.999045729637145996e-01
9.988309144973754883e-01
9.978214502334594727e-01
9.978406429290771484e-01
7.737634181976318359e-01
8.440302610397338867e-01
9.162319898605346680e-01
9.999455213546752930e-01
9.853276610374450684e-01
9.884465932846069336e-01
9.995946288108825684e-01
9.958284497261047363e-01
9.999634027481079102e-01
9.927227497100830078e-01
9.983842968940734863e-01
9.982349276542663574e-01
9.950219988822937012e-01
9.934769272804260254e-01
6.532797813415527344e-01
8.677291870117187500e-01
9.078420400619506836e-01
9.861015677452087402e-01
8.334829807281494141e-01
9.787652492523193359e-01
9.746459126472473145e-01
9.764117598533630371e-01
9.923547506332397461e-01
9.837126731872558594e-01
9.692226052284240723e-01
9.956771731376647949e-01
9.742439389228820801e-01
9.589895606040954590e-01
8.160983324050903320e-01
9.389502406120300293e-01
9.483852982521057129e-01
9.628542065620422363e-01
9.879063367843627930e-01
9.977312088012695312e-01
9.961183667182922363e-01
9.926165342330932617e-01
8.274909853935241699e-01
9.429078102111816406e-01
9.989815950393676758e-01
9.985569715499877930e-01
9.910264611244201660e-01
9.796920418739318848e-01
8.045321106910705566e-01
9.017413258552551270e-01
9.398221969604492188e-01
9.685562849044799805e-01
9.827128052711486816e-01
9.912437796592712402e-01
9.986141920089721680e-01
9.920788407325744629e-01
9.843730926513671875e-01
8.614759445190429688e-01
9.991548061370849609e-01
9.962493181228637695e-01
9.827672839164733887e-01
9.798612594604492188e-01
8.070765733718872070e-01
9.421818256378173828e-01
9.422414302825927734e-01
9.749618768692016602e-01
9.583178758621215820e-01
9.570079445838928223e-01
9.908170104026794434e-01
9.996862411499023438e-01
9.964081645011901855e-01
9.966614246368408203e-01
9.941667914390563965e-01
9.978219270706176758e-01
9.822999238967895508e-01
9.807150363922119141e-01
7.201299071311950684e-01
9.626103639602661133e-01
9.511868357658386230e-01
9.824302196502685547e-01
9.309330582618713379e-01
9.894856810569763184e-01
9.897990226745605469e-01
9.894139170646667480e-01
9.900516867637634277e-01
9.926123619079589844e-01
9.728137850761413574e-01
