8.407988548278808594e-01
9.996441006660461426e-01
1.961512863636016846e-01
7.511675357818603516e-01
9.701114892959594727e-01
9.814320206642150879e-01
9.548116326332092285e-01
9.734004139900207520e-01
9.876530766487121582e-01
9.733921289443969727e-01
9.988562464714050293e-01
9.994016289710998535e-01
9.987922310829162598e-01
9.687162935733795166e-03
9.995255470275878906e-01
9.757669568061828613e-01
9.783270359039306641e-01
9.680649042129516602e-01
9.787592887878417969e-01
9.860116243362426758e-01
9.872186779975891113e-01
9.936517477035522461e-01
9.622250199317932129e-01
9.892175793647766113e-01
9.961637258529663086e-01
9.997031092643737793e-01
8.028746378840878606e-06
4.163217381574213505e-04
9.992588758468627930e-01
7.289279892574995756e-05
1.340008107945322990e-03
9.997367262840270996e-01
5.545023083686828613e-01
2.592609636485576630e-02
1.238407450728118420e-03
8.548062443733215332e-01
3.440102040767669678e-01
6.577887386083602905e-02
5.792642477899789810e-03
1.381581532768905163e-04
2.052618116140365601e-01
9.993387460708618164e-01
3.825250267982482910e-02
8.460431694984436035e-01
9.877998232841491699e-01
6.357514113187789917e-02
4.267094433307647705e-01
6.381762027740478516e-01
9.663392901420593262e-01
9.996141791343688965e-01
9.999761581420898438e-01
9.999124407768249512e-01
3.032211959362030029e-01
1.163950003683567047e-02
9.986107349395751953e-01
9.851822257041931152e-01
2.457593753933906555e-02
9.098165035247802734e-01
7.446584105491638184e-01
9.982208013534545898e-01
9.854379296302795410e-01
7.819923758506774902e-01
3.201783299446105957e-01
9.815517067909240723e-01
9.994277954101562500e-01
1.166404336690902710e-01
2.141690067946910858e-02
9.954038858413696289e-01
7.607213854789733887e-01
1.542610228061676025e-01
7.962742447853088379e-02
9.905966520309448242e-01
9.920305013656616211e-01
2.701979577541351318e-01
7.306181192398071289e-01
7.689104676246643066e-01
9.902923107147216797e-01
9.993827939033508301e-01
3.113900721073150635e-01
7.965599298477172852e-01
9.992440342903137207e-01
9.262405633926391602e-01
9.959046244621276855e-01
9.913216829299926758e-01
9.768546223640441895e-01
7.488257884979248047e-01
9.419181942939758301e-01
9.808048009872436523e-01
9.831604957580566406e-01
2.721023857593536377e-01
7.902018427848815918e-01
4.464665800333023071e-02
9.739787578582763672e-01
9.993776679039001465e-01
8.368309587240219116e-02
6.416615247726440430e-01
8.265634775161743164e-01
9.808424115180969238e-01
3.875786066055297852e-02
3.788082599639892578e-01
9.515023827552795410e-01
9.988402724266052246e-01
9.991329908370971680e-01
9.992628693580627441e-01
3.605958223342895508e-01
2.657419815659523010e-02
9.994338750839233398e-01
9.722681641578674316e-01
9.890021681785583496e-01
7.484182715415954590e-02
9.611049890518188477e-01
9.850473403930664062e-01
9.884396195411682129e-01
9.515396356582641602e-01
4.138885065913200378e-02
9.996107816696166992e-01
9.997694492340087891e-01
5.287894010543823242e-01
6.516464948654174805e-01
9.990491867065429688e-01
9.767805933952331543e-01
9.837239384651184082e-01
9.263749122619628906e-01
9.724565148353576660e-01
9.746327996253967285e-01
9.913262724876403809e-01
9.901760816574096680e-01
9.776453375816345215e-01
9.950909018516540527e-01
9.983687400817871094e-01
6.794404387474060059e-01
9.440677762031555176e-01
9.993313550949096680e-01
9.906551241874694824e-01
9.793534874916076660e-01
9.928472638130187988e-01
9.703179597854614258e-01
9.864266514778137207e-01
9.523130059242248535e-01
8.586519360542297363e-01
9.666014313697814941e-01
9.571319818496704102e-01
9.679606556892395020e-01
4.847714304924011230e-02
9.454714059829711914e-01
9.994870424270629883e-01
8.297268152236938477e-01
7.534799724817276001e-02
9.951779842376708984e-01
9.835299849510192871e-01
9.240398406982421875e-01
9.921262264251708984e-01
9.814208149909973145e-01
9.683803319931030273e-01
9.982631802558898926e-01
9.304511547088623047e-01
5.276538133621215820e-01
8.899670839309692383e-01
9.995333552360534668e-01
5.699510574340820312e-01
9.706972241401672363e-01
9.943377375602722168e-01
9.813308119773864746e-01
9.877625703811645508e-01
9.862211942672729492e-01
8.647615909576416016e-01
9.752660989761352539e-01
9.984328150749206543e-01
9.992041587829589844e-01
7.581103444099426270e-01
9.853619337081909180e-01
9.095437526702880859e-01
8.421862870454788208e-02
1.884592697024345398e-02
9.675621986389160156e-01
9.642793536186218262e-01
1.827028840780258179e-01
2.447726577520370483e-01
9.532671570777893066e-01
9.993585348129272461e-01
9.997088313102722168e-01
9.972507357597351074e-01
9.877385497093200684e-01
4.476846195757389069e-03
3.927078843116760254e-01
1.872155442833900452e-02
1.887044869363307953e-02
7.595523595809936523e-01
2.508473694324493408e-01
9.935145974159240723e-01
2.199908159673213959e-02
8.252806663513183594e-01
5.796993374824523926e-01
9.789716005325317383e-01
9.781910777091979980e-01
9.929589629173278809e-01
1.520933146821334958e-04
9.698094725608825684e-01
2.604468609206378460e-04
2.195069566369056702e-03
9.880460500717163086e-01
9.753599166870117188e-01
7.911420613527297974e-02
1.096453983336687088e-02
8.439137935638427734e-01
9.593681693077087402e-01
9.849012494087219238e-01
9.865587949752807617e-01
9.869505763053894043e-01
6.575352512300014496e-03
9.893816709518432617e-01
9.927888512611389160e-01
6.807209923863410950e-03
9.740241169929504395e-01
9.912482500076293945e-01
8.716702461242675781e-01
9.095690250396728516e-01
9.219112992286682129e-01
9.658794850111007690e-02
9.934841394424438477e-01
9.994637966156005859e-01
9.842870235443115234e-01
7.816959172487258911e-03
9.661733508110046387e-01
9.985710382461547852e-01
6.137504577636718750e-01
4.172547161579132080e-02
9.928107261657714844e-01
9.968816041946411133e-01
2.127692848443984985e-01
9.225912690162658691e-01
9.808228611946105957e-01
9.914453625679016113e-01
9.937694072723388672e-01
9.934268593788146973e-01
8.295599818229675293e-01
9.863292574882507324e-01
9.942294359207153320e-01
6.990767121315002441e-01
8.958054780960083008e-01
9.645786285400390625e-01
9.508889317512512207e-01
9.688993096351623535e-01
9.610551595687866211e-01
9.643679261207580566e-01
4.491030573844909668e-01
1.284342557191848755e-01
7.738401293754577637e-01
9.462903141975402832e-01
9.896889328956604004e-01
5.121735334396362305e-01
9.768609404563903809e-01
9.887260794639587402e-01
9.693697094917297363e-01
9.928827881813049316e-01
8.869471549987792969e-01
9.498121142387390137e-01
9.986770153045654297e-01
9.986534118652343750e-01
9.988845586776733398e-01
9.908167123794555664e-01
2.008999511599540710e-02
9.859192967414855957e-01
9.925530552864074707e-01
9.359626770019531250e-01
2.704985812306404114e-02
9.645934700965881348e-01
9.496398568153381348e-01
9.933319687843322754e-01
9.383966326713562012e-01
9.916612505912780762e-01
9.997856020927429199e-01
9.979910850524902344e-01
9.890695214271545410e-01
7.527425289154052734e-01
9.815184473991394043e-01
9.891104102134704590e-01
9.904525876045227051e-01
9.832418560981750488e-01
9.577182531356811523e-01
9.636936783790588379e-01
9.920040369033813477e-01
9.930723905563354492e-01
9.907652735710144043e-01
9.967063665390014648e-01
9.993290305137634277e-01
9.698900580406188965e-01
9.124747514724731445e-01
9.855115413665771484e-01
9.413959980010986328e-01
9.848945140838623047e-01
9.924480319023132324e-01
9.597482085227966309e-01
9.891972541809082031e-01
9.935837984085083008e-01
9.893981814384460449e-01
9.391815066337585449e-01
9.642089605331420898e-01
9.893095493316650391e-01
9.533511996269226074e-01
8.738070130348205566e-01
9.898062348365783691e-01
7.153436541557312012e-01
9.794971346855163574e-01
9.908654689788818359e-01
9.710585474967956543e-01
9.916235208511352539e-01
9.909855723381042480e-01
9.851763248443603516e-01
9.410700201988220215e-01
9.957342743873596191e-01
9.651442766189575195e-01
9.824107885360717773e-01
2.147925086319446564e-02
9.896995425224304199e-01
8.864527344703674316e-01
9.828001260757446289e-01
9.865598678588867188e-01
9.710947871208190918e-01
9.879109859466552734e-01
9.846012592315673828e-01
9.893379807472229004e-01
9.499999284744262695e-01
9.957179427146911621e-01
9.991090297698974609e-01
9.764568209648132324e-01
9.579172730445861816e-01
4.647124409675598145e-01
9.989619851112365723e-01
8.633051514625549316e-01
9.199265837669372559e-01
5.175325870513916016e-01
9.933853149414062500e-01
7.916164398193359375e-01
9.702161550521850586e-01
8.882086873054504395e-01
7.799488902091979980e-01
9.004453420639038086e-01
9.924842715263366699e-01
9.830004572868347168e-01
9.790149331092834473e-01
9.932737350463867188e-01
9.866170287132263184e-01
9.865494370460510254e-01
1.246427521109580994e-01
5.436882376670837402e-01
9.671189785003662109e-01
9.548109173774719238e-01
9.822300076484680176e-01
9.590200781822204590e-01
9.746004939079284668e-01
9.774618744850158691e-01
9.747081995010375977e-01
9.918107986450195312e-01
9.829092621803283691e-01
1.002394501119852066e-02
9.793742895126342773e-01
9.906447529792785645e-01
9.846968650817871094e-01
9.263368248939514160e-01
9.552385807037353516e-01
9.246557354927062988e-01
9.963575601577758789e-01
9.993929266929626465e-01
9.888438582420349121e-01
9.725356698036193848e-01
9.669500589370727539e-01
9.816924333572387695e-01
9.985693693161010742e-01
8.962738513946533203e-01
9.698803424835205078e-01
9.972810745239257812e-01
8.711825609207153320e-01
9.155381917953491211e-01
9.963522553443908691e-01
9.962220191955566406e-01
9.958084225654602051e-01
9.720055460929870605e-01
9.062792062759399414e-01
2.232134491205215454e-01
7.412784099578857422e-01
9.988620877265930176e-01
9.541070461273193359e-01
9.257481694221496582e-01
9.967112541198730469e-01
9.024745821952819824e-01
9.844745397567749023e-01
9.107260107994079590e-01
9.193049073219299316e-01
9.074543118476867676e-01
9.925650358200073242e-01
9.827800989151000977e-01
9.572807550430297852e-01
6.684921383857727051e-01
9.997092485427856445e-01
9.850510954856872559e-01
9.384005665779113770e-01
9.870356917381286621e-01
9.966324567794799805e-01
9.609375596046447754e-01
9.431266188621520996e-01
9.839236736297607422e-01
9.876894950866699219e-01
9.500232338905334473e-01
9.874085187911987305e-01
9.844971299171447754e-01
9.840589165687561035e-01
9.910737276077270508e-01
8.722655177116394043e-01
9.673478603363037109e-01
9.837527871131896973e-01
9.953086972236633301e-01
9.541747570037841797e-01
9.985104799270629883e-01
9.985873699188232422e-01
9.985315203666687012e-01
9.894581437110900879e-01
9.744585752487182617e-01
9.424692988395690918e-01
9.677047133445739746e-01
9.954049587249755859e-01
1.028502434492111206e-01
7.658820152282714844e-01
9.779358506202697754e-01
9.976844191551208496e-01
6.068683266639709473e-01
9.809069037437438965e-01
9.934110641479492188e-01
9.197785854339599609e-01
9.867846965789794922e-01
9.616441726684570312e-01
7.213397026062011719e-01
5.816126465797424316e-01
9.936403036117553711e-01
9.837520122528076172e-01
6.607371568679809570e-01
6.349180340766906738e-01
9.960770010948181152e-01
9.857348799705505371e-01
9.949120879173278809e-01
9.970515966415405273e-01
9.973114728927612305e-01
9.872778058052062988e-01
9.795704483985900879e-01
9.654037356376647949e-01
9.669324159622192383e-01
9.952770471572875977e-01
9.896499514579772949e-01
8.494244813919067383e-01
9.260443449020385742e-01
9.944871664047241211e-01
9.942628145217895508e-01
9.040194153785705566e-01
9.418414831161499023e-01
9.990197420120239258e-01
9.851727485656738281e-01
9.830631017684936523e-01
9.811435937881469727e-01
9.775350689888000488e-01
9.921156764030456543e-01
2.482473254203796387e-01
9.587183594703674316e-01
9.713087081909179688e-01
8.701615333557128906e-01
9.761807322502136230e-01
9.373195767402648926e-01
9.057661294937133789e-01
9.814569354057312012e-01
9.825208783149719238e-01
9.684814214706420898e-01
9.756594896316528320e-01
9.786816239356994629e-01
9.915010333061218262e-01
9.843914508819580078e-01
8.828542828559875488e-01
9.639984369277954102e-01
9.906253218650817871e-01
9.873775243759155273e-01
8.372877836227416992e-01
9.900600314140319824e-01
9.948945641517639160e-01
9.493327140808105469e-01
9.236273765563964844e-01
7.556576728820800781e-01
1.687243431806564331e-01
9.048113822937011719e-01
1.769467140547931194e-03
1.196702271699905396e-01
5.116557478904724121e-01
9.375659227371215820e-01
3.446999471634626389e-04
1.160941435955464840e-03
4.667178392410278320e-01
9.189390540122985840e-01
9.763342142105102539e-01
9.834325313568115234e-01
9.829770922660827637e-01
3.159676492214202881e-02
9.870233535766601562e-01
4.556167423725128174e-01
6.552152335643768311e-02
1.124938204884529114e-02
1.543346233665943146e-02
3.696117401123046875e-01
3.206921219825744629e-01
9.668608307838439941e-01
9.559047967195510864e-02
9.293751716613769531e-01
9.481063485145568848e-01
7.541377544403076172e-01
8.939616084098815918e-01
9.917714595794677734e-01
8.752027153968811035e-01
2.871338129043579102e-01
9.562597274780273438e-01
7.294238209724426270e-01
9.545030593872070312e-01
1.723306477069854736e-01
5.320856571197509766e-01
7.653277516365051270e-01
9.377062916755676270e-01
9.439291357994079590e-01
8.618102669715881348e-01
4.115705192089080811e-02
9.668243527412414551e-01
9.794844985008239746e-01
1.399017423391342163e-01
9.809238314628601074e-01
9.216030836105346680e-01
9.549403786659240723e-01
2.574034929275512695e-01
9.582177996635437012e-01
9.571503996849060059e-01
9.480265378952026367e-01
9.832857847213745117e-01
9.390233159065246582e-01
1.669218763709068298e-02
4.965388029813766479e-02
9.940820932388305664e-01
2.084262087009847164e-04
3.271186947822570801e-01
9.994213581085205078e-01
4.979351651854813099e-04
6.615715683437883854e-04
7.324423789978027344e-01
9.937216639518737793e-01
9.960505962371826172e-01
9.925577640533447266e-01
9.811453223228454590e-01
2.488896101713180542e-01
9.642176628112792969e-01
9.998379349708557129e-01
8.868297338485717773e-01
9.762538671493530273e-01
9.994207024574279785e-01
4.846430122852325439e-01
1.602029204368591309e-01
8.682523667812347412e-02
1.355447992682456970e-02
9.811019897460937500e-01
9.752655029296875000e-01
9.189937710762023926e-01
7.382670044898986816e-01
9.974085688591003418e-01
9.913499355316162109e-01
9.339383244514465332e-01
9.331191778182983398e-01
9.638336896896362305e-01
9.833107590675354004e-01
8.424383401870727539e-01
5.002805590629577637e-01
5.838425755500793457e-01
9.673184156417846680e-01
9.770722389221191406e-01
9.341874718666076660e-01
3.264967203140258789e-01
9.971083402633666992e-01
9.874621033668518066e-01
9.172790646553039551e-01
4.996660649776458740e-01
9.906241893768310547e-01
8.729807734489440918e-01
8.216176629066467285e-01
8.854703307151794434e-01
9.500721096992492676e-01
9.858239889144897461e-01
9.799735546112060547e-01
9.357280135154724121e-01
2.680405676364898682e-01
9.959390163421630859e-01
9.911386370658874512e-01
8.341979384422302246e-01
5.028969049453735352e-01
9.958898425102233887e-01
9.536191225051879883e-01
3.720771201187744737e-05
3.185051381587982178e-01
9.910130500793457031e-01
9.952298998832702637e-01
9.936916828155517578e-01
9.870213866233825684e-01
4.564160481095314026e-02
9.610574841499328613e-01
9.997402429580688477e-01
3.623769283294677734e-01
9.241624921560287476e-02
9.283923506736755371e-01
9.989790916442871094e-01
4.426141977310180664e-01
3.129220306873321533e-01
9.937873482704162598e-01
9.799787402153015137e-01
9.872789382934570312e-01
9.516679048538208008e-01
8.693836331367492676e-01
9.609020948410034180e-01
9.959403872489929199e-01
9.028215408325195312e-01
7.592171430587768555e-01
9.920716881752014160e-01
8.634088039398193359e-01
9.690223932266235352e-01
9.842438101768493652e-01
8.357179760932922363e-01
8.768809437751770020e-01
9.946885108947753906e-01
9.956597089767456055e-01
9.887681603431701660e-01
9.906170368194580078e-01
9.860188364982604980e-01
2.071187347173690796e-01
9.692102074623107910e-01
8.909856081008911133e-01
9.672023057937622070e-01
9.797205328941345215e-01
9.861457347869873047e-01
9.879902005195617676e-01
9.891839027404785156e-01
9.835572838783264160e-01
9.179473519325256348e-01
8.610441088676452637e-01
7.498691976070404053e-02
9.112105369567871094e-01
1.654791831970214844e-02
9.552387595176696777e-01
9.257889389991760254e-01
6.333377957344055176e-01
9.385727643966674805e-01
1.912030130624771118e-01
2.318472117185592651e-01
9.922063946723937988e-01
9.941053390502929688e-01
9.797266721725463867e-01
9.252493381500244141e-01
9.913707375526428223e-01
9.745143651962280273e-01
9.639062045607715845e-05
1.116955950856208801e-01
9.653137922286987305e-01
9.775977814570069313e-04
6.436065887100994587e-04
1.752924174070358276e-02
1.646034866571426392e-01
9.960278868675231934e-01
9.951065182685852051e-01
9.948220252990722656e-01
9.806500673294067383e-01
9.566044211387634277e-01
9.945670962333679199e-01
9.799851775169372559e-01
1.315907575190067291e-02
9.353495836257934570e-01
9.717900753021240234e-01
9.770471453666687012e-01
5.076155811548233032e-02
5.466026440262794495e-02
9.928718209266662598e-01
9.969730973243713379e-01
9.969466924667358398e-01
9.801322221755981445e-01
1.373747177422046661e-02
8.282158970832824707e-01
9.798769354820251465e-01
9.126195311546325684e-01
7.990676760673522949e-01
9.690997600555419922e-01
9.748221635818481445e-01
9.828305840492248535e-01
7.401412129402160645e-01
9.926320910453796387e-01
9.883406162261962891e-01
9.791876077651977539e-01
9.295839667320251465e-01
9.890682697296142578e-01
9.850763678550720215e-01
8.791012167930603027e-01
4.941366985440254211e-02
9.723939895629882812e-01
2.218975275754928589e-01
5.003600120544433594e-01
9.655120968818664551e-01
9.594892859458923340e-01
9.949159622192382812e-01
9.952638745307922363e-01
9.910947680473327637e-01
9.716672301292419434e-01
9.879443049430847168e-01
9.907793998718261719e-01
9.819409251213073730e-01
9.436260461807250977e-01
3.246355354785919189e-01
9.815849661827087402e-01
5.045222640037536621e-01
9.763143062591552734e-01
5.828957557678222656e-01
9.955976605415344238e-01
9.957929849624633789e-01
9.889720678329467773e-01
9.729416370391845703e-01
9.882122278213500977e-01
9.904614686965942383e-01
9.768734574317932129e-01
9.608005881309509277e-01
4.778296947479248047e-01
9.845989346504211426e-01
9.573141932487487793e-01
4.692417681217193604e-01
1.956461220979690552e-01
9.960504174232482910e-01
9.961672425270080566e-01
9.957101345062255859e-01
9.792116880416870117e-01
8.480286598205566406e-01
8.509849905967712402e-01
9.828630089759826660e-01
9.775186777114868164e-01
9.515950679779052734e-01
1.027750298380851746e-01
9.636585712432861328e-01
9.733983278274536133e-01
9.597554206848144531e-01
9.948536753654479980e-01
9.945843219757080078e-01
9.866590499877929688e-01
9.802382588386535645e-01
9.727579355239868164e-01
9.921228289604187012e-01
9.874932169914245605e-01
9.739595055580139160e-01
9.442445039749145508e-01
9.859012961387634277e-01
9.660091996192932129e-01
9.816735386848449707e-01
9.894196391105651855e-01
2.715346030890941620e-02
7.459955522790551186e-04
5.613753572106361389e-03
9.834178686141967773e-01
1.769300997257232666e-01
9.599364995956420898e-01
4.111355915665626526e-02
9.741894900798797607e-02
9.000958502292633057e-02
9.249854683876037598e-01
9.986606836318969727e-01
9.543182849884033203e-01
3.055516481399536133e-01
9.857066273689270020e-01
9.785164594650268555e-01
9.822459816932678223e-01
9.708375930786132812e-01
6.579875946044921875e-01
9.783838987350463867e-01
9.988871216773986816e-01
6.602308899164199829e-02
3.626589104533195496e-02
8.499638438224792480e-01
9.553275108337402344e-01
9.932073950767517090e-01
9.966393709182739258e-01
9.899600148200988770e-01
9.909076094627380371e-01
9.919776320457458496e-01
9.881646633148193359e-01
9.695121645927429199e-01
9.908819198608398438e-01
9.674570560455322266e-01
8.006324060261249542e-04
1.768772257491946220e-03
9.616600275039672852e-01
9.667581319808959961e-01
3.443321585655212402e-02
3.997856378555297852e-02
7.030146121978759766e-01
9.881209731101989746e-01
9.915189146995544434e-01
9.895802736282348633e-01
7.638196349143981934e-01
9.175423383712768555e-01
9.713770151138305664e-01
3.767882883548736572e-01
3.774354932829737663e-03
9.532771110534667969e-01
9.993582963943481445e-01
9.980942010879516602e-01
9.972363710403442383e-01
9.877614378929138184e-01
9.690496921539306641e-01
9.737967252731323242e-01
9.794653058052062988e-01
1.390926837921142578e-01
1.516551803797483444e-02
9.179303646087646484e-01
5.192807912826538086e-01
9.150563925504684448e-02
7.281129956245422363e-01
4.731484502553939819e-02
9.960439205169677734e-01
9.977315068244934082e-01
9.905690550804138184e-01
9.866501688957214355e-01
9.896191358566284180e-01
9.856597781181335449e-01
9.447533488273620605e-01
9.884672164916992188e-01
9.684395790100097656e-01
9.995439052581787109e-01
9.905498027801513672e-01
9.329349994659423828e-01
9.745270013809204102e-01
9.962374567985534668e-01
9.990631341934204102e-01
7.806472778320312500e-01
9.877411127090454102e-01
9.904760718345642090e-01
9.887582063674926758e-01
9.889627695083618164e-01
9.844326376914978027e-01
9.697830080986022949e-01
9.937429428100585938e-01
9.592393040657043457e-01
5.069547891616821289e-01
9.455153346061706543e-01
4.860799014568328857e-01
9.831071496009826660e-01
7.634554505348205566e-01
9.529668688774108887e-01
7.643972039222717285e-01
9.898591041564941406e-01
7.882566452026367188e-01
3.898652270436286926e-02
9.714147448539733887e-01
8.763453960418701172e-01
9.909545779228210449e-01
9.637903571128845215e-01
9.452290534973144531e-01
9.974416494369506836e-01
9.500651955604553223e-01
9.838421344757080078e-01
9.827781319618225098e-01
9.852376580238342285e-01
9.901625514030456543e-01
9.896757006645202637e-01
9.846680164337158203e-01
9.761255383491516113e-01
9.891901016235351562e-01
9.844394326210021973e-01
8.895518183708190918e-01
9.374915957450866699e-01
9.740108847618103027e-01
9.934579133987426758e-01
9.586239457130432129e-01
9.180028438568115234e-01
7.386221289634704590e-01
5.391880497336387634e-02
9.084638953208923340e-01
9.934867620468139648e-01
9.223151803016662598e-01
9.849213361740112305e-01
8.793889880180358887e-01
9.917796254158020020e-01
8.461740016937255859e-01
7.925425767898559570e-01
8.010861873626708984e-01
9.940166473388671875e-01
9.869650602340698242e-01
9.510221481323242188e-01
9.758785963058471680e-01
8.518841862678527832e-01
5.501868128776550293e-01
9.663978815078735352e-01
9.910862892866134644e-02
5.182738229632377625e-02
9.675024151802062988e-01
8.569186329841613770e-01
9.434310197830200195e-01
7.557045221328735352e-01
9.253942370414733887e-01
9.810736179351806641e-01
9.602366089820861816e-01
9.872179627418518066e-01
9.810494184494018555e-01
9.922971129417419434e-01
9.733893275260925293e-01
9.823636412620544434e-01
1.543468981981277466e-02
9.605017900466918945e-01
9.989213943481445312e-01
9.988946914672851562e-01
9.991118907928466797e-01
4.422830641269683838e-01
6.165033578872680664e-01
8.905678987503051758e-01
9.857431650161743164e-01
9.138524532318115234e-01
9.927810430526733398e-01
9.691652059555053711e-01
9.850666522979736328e-01
9.902315735816955566e-01
9.608629345893859863e-01
9.980211853981018066e-01
9.980990290641784668e-01
9.983380436897277832e-01
9.849557280540466309e-01
9.709875583648681641e-01
9.182537198066711426e-01
5.484074354171752930e-01
9.836112856864929199e-01
9.825915694236755371e-01
6.116747260093688965e-01
9.672563076019287109e-01
9.978265762329101562e-01
4.129039645195007324e-01
9.905439615249633789e-01
9.945590496063232422e-01
9.956163167953491211e-01
9.915221333503723145e-01
9.840673804283142090e-01
9.620254039764404297e-01
9.609028100967407227e-01
9.724627137184143066e-01
9.941468238830566406e-01
8.417910933494567871e-01
9.029054045677185059e-01
9.993229508399963379e-01
9.851958155632019043e-01
9.266994595527648926e-01
9.507511258125305176e-01
9.992354512214660645e-01
9.909602999687194824e-01
9.846444129943847656e-01
9.562750458717346191e-01
9.818978905677795410e-01
9.880367517471313477e-01
9.533336758613586426e-01
9.693229198455810547e-01
9.701772928237915039e-01
9.888564348220825195e-01
1.897159367799758911e-01
9.536003470420837402e-01
9.650357365608215332e-01
9.864714741706848145e-01
9.895942807197570801e-01
9.753370285034179688e-01
9.380396008491516113e-01
9.715820550918579102e-01
9.793961644172668457e-01
9.958736300468444824e-01
9.351302981376647949e-01
9.600119590759277344e-01
9.959472417831420898e-01
9.822838306427001953e-01
9.138057231903076172e-01
9.944927096366882324e-01
9.919851422309875488e-01
9.889191985130310059e-01
9.854871630668640137e-01
9.759865403175354004e-01
7.915372848510742188e-01
3.406547009944915771e-02
9.604974389076232910e-01
9.907405972480773926e-01
9.917851686477661133e-01
9.896513819694519043e-01
9.421464637853205204e-04
1.902486663311719894e-03
9.841600656509399414e-01
9.928897619247436523e-01
9.893676042556762695e-01
9.806194901466369629e-01
9.785863161087036133e-01
9.220834374427795410e-01
4.268923997879028320e-01
8.266770243644714355e-01
9.995251893997192383e-01
9.745901226997375488e-01
9.986860156059265137e-01
7.422997355461120605e-01
9.829974770545959473e-01
1.753754317760467529e-01
4.294751957058906555e-02
9.748154878616333008e-01
9.446784257888793945e-01
8.690652847290039062e-01
1.446770578622817993e-01
9.420624971389770508e-01
9.963368773460388184e-01
9.901342391967773438e-01
9.882448315620422363e-01
9.819457530975341797e-01
9.895817637443542480e-01
8.864966034889221191e-01
7.925778627395629883e-01
7.158481478691101074e-01
9.726448655128479004e-01
9.585039615631103516e-01
9.208789467811584473e-01
6.724805831909179688e-01
8.093448728322982788e-02
9.890373945236206055e-01
9.960052371025085449e-01
3.851002454757690430e-02
9.781652092933654785e-01
9.972155094146728516e-01
5.211646109819412231e-02
3.830177187919616699e-01
9.971829652786254883e-01
9.838497638702392578e-01
9.768622517585754395e-01
9.747297763824462891e-01
8.955444693565368652e-01
3.476204872131347656e-01
4.653680026531219482e-01
9.981443285942077637e-01
5.679689049720764160e-01
9.689869284629821777e-01
9.980055689811706543e-01
7.851124405860900879e-01
9.716251492500305176e-01
9.913285970687866211e-01
9.814146757125854492e-01
9.599341750144958496e-01
9.254712462425231934e-01
8.232033252716064453e-01
9.761933088302612305e-01
9.888567328453063965e-01
9.756817817687988281e-01
9.756072163581848145e-01
9.961373209953308105e-01
9.839024543762207031e-01
9.762898683547973633e-01
9.928005337715148926e-01
9.102243781089782715e-01
9.920489192008972168e-01
9.818574190139770508e-01
9.822701811790466309e-01
9.363465905189514160e-01
1.631474681198596954e-02
2.883156538009643555e-01
9.997006654739379883e-01
7.573462128639221191e-01
9.983287453651428223e-01
2.077623307704925537e-01
7.898662984371185303e-02
6.316451821476221085e-03
4.941670969128608704e-02
9.929909110069274902e-01
9.857583045959472656e-01
9.747167825698852539e-01
9.158260822296142578e-01
2.061586454510688782e-02
9.723249673843383789e-01
9.987292289733886719e-01
8.653789162635803223e-01
5.226987004280090332e-01
9.548495411872863770e-01
2.692440450191497803e-01
9.983242750167846680e-01
9.440020918846130371e-01
9.947512149810791016e-01
9.912368059158325195e-01
9.819349050521850586e-01
9.344307780265808105e-01
7.821125984191894531e-01
9.908725023269653320e-01
9.940311312675476074e-01
8.331986069679260254e-01
9.902258515357971191e-01
9.918438196182250977e-01
1.011555432341992855e-03
9.862937331199645996e-01
9.957719445228576660e-01
9.861735701560974121e-01
9.866745471954345703e-01
9.948098659515380859e-01
9.708171486854553223e-01
9.809958338737487793e-01
9.849202632904052734e-01
9.965375065803527832e-01
9.490626454353332520e-01
7.205148339271545410e-01
9.962927699089050293e-01
9.401265382766723633e-01
2.132140845060348511e-01
9.980909228324890137e-01
4.435149729251861572e-01
8.467082977294921875e-01
9.865972995758056641e-01
9.774236679077148438e-01
9.902831912040710449e-01
9.905511140823364258e-01
9.953625798225402832e-01
9.480460882186889648e-01
5.273022223263978958e-03
8.873450756072998047e-01
9.461281895637512207e-01
9.533685445785522461e-01
6.062374114990234375e-01
9.940453767776489258e-01
9.902958273887634277e-01
9.867007136344909668e-01
9.679753184318542480e-01
7.773473262786865234e-01
9.845558404922485352e-01
9.963934421539306641e-01
9.358052015304565430e-01
9.772437810897827148e-01
9.986557960510253906e-01
9.588980674743652344e-01
9.577769041061401367e-01
9.714812040328979492e-01
6.209777593612670898e-01
9.675813317298889160e-01
9.948269724845886230e-01
9.861854314804077148e-01
9.095379710197448730e-01
9.899727106094360352e-01
9.997578859329223633e-01
9.684981107711791992e-01
2.099338173866271973e-01
9.491295218467712402e-01
9.989473223686218262e-01
9.989531040191650391e-01
1.676068305969238281e-01
9.901317358016967773e-01
9.902682900428771973e-01
9.943228960037231445e-01
9.694260954856872559e-01
9.408802390098571777e-01
9.870524406433105469e-01
9.980120062828063965e-01
9.514171481132507324e-01
9.849812388420104980e-01
9.913326501846313477e-01
9.985750913619995117e-01
9.883234500885009766e-01
9.259709119796752930e-01
7.649925947189331055e-01
9.835722446441650391e-01
9.984886050224304199e-01
9.833315014839172363e-01
9.822090268135070801e-01
9.831982254981994629e-01
9.916574954986572266e-01
9.557802677154541016e-01
9.879481792449951172e-01
9.630868434906005859e-01
9.431600570678710938e-01
3.570271655917167664e-02
5.853220447897911072e-02
9.864465594291687012e-01
9.903354048728942871e-01
9.935258030891418457e-01
9.823668003082275391e-01
9.910022020339965820e-01
9.207037687301635742e-01
9.922252893447875977e-01
9.634275436401367188e-01
9.788170456886291504e-01
2.635396718978881836e-01
9.508033394813537598e-01
9.976830482482910156e-01
5.191267728805541992e-01
9.921409487724304199e-01
9.855878353118896484e-01
9.765536189079284668e-01
9.776412844657897949e-01
9.853620529174804688e-01
8.090897202491760254e-01
9.995305538177490234e-01
8.898735642433166504e-01
9.804275631904602051e-01
4.471802338957786560e-02
9.295344352722167969e-01
9.973341822624206543e-01
9.985881447792053223e-01
9.896948337554931641e-01
9.784635305404663086e-01
9.529529213905334473e-01
5.695256590843200684e-01
9.718720912933349609e-01
9.953731298446655273e-01
9.952114820480346680e-01
3.655162751674652100e-01
9.725899100303649902e-01
9.961628317832946777e-01
9.792056083679199219e-01
9.964435100555419922e-01
9.958063960075378418e-01
9.939997196197509766e-01
9.880673289299011230e-01
9.776377081871032715e-01
9.517837762832641602e-01
8.588423132896423340e-01
9.904900789260864258e-01
9.991524219512939453e-01
7.690570950508117676e-01
5.779148340225219727e-01
2.309128195047378540e-01
9.192855358123779297e-01
9.958179593086242676e-01
9.979169368743896484e-01
9.843154549598693848e-01
9.877474308013916016e-01
9.768704175949096680e-01
9.782239794731140137e-01
9.835433363914489746e-01
9.917393326759338379e-01
9.924616813659667969e-01
9.376370906829833984e-01
9.809432029724121094e-01
9.922491908073425293e-01
9.480232596397399902e-01
9.982182383537292480e-01
9.981220960617065430e-01
9.915906190872192383e-01
9.844177961349487305e-01
9.761171340942382812e-01
5.189956426620483398e-01
6.140331625938415527e-01
9.459046125411987305e-01
9.897819757461547852e-01
4.851970821619033813e-02
1.260146349668502808e-01
9.809436202049255371e-01
9.947317838668823242e-01
2.722348868846893311e-01
9.980526566505432129e-01
9.916440248489379883e-01
9.869753122329711914e-01
9.963513016700744629e-01
9.637796282768249512e-01
8.779437541961669922e-01
9.332366585731506348e-01
9.982597827911376953e-01
8.947749733924865723e-01
7.395439743995666504e-01
5.865470767021179199e-01
9.914580583572387695e-01
4.490110576152801514e-01
8.442746996879577637e-01
9.893169403076171875e-01
9.800233840942382812e-01
9.653900861740112305e-01
8.711960315704345703e-01
9.562528133392333984e-01
9.912509322166442871e-01
9.900071024894714355e-01
6.802275776863098145e-01
9.842135310173034668e-01
9.935424327850341797e-01
9.881876111030578613e-01
9.977130889892578125e-01
9.970149397850036621e-01
9.781243205070495605e-01
9.878618717193603516e-01
9.906809329986572266e-01
9.806060791015625000e-01
9.918179512023925781e-01
9.662274122238159180e-01
9.958410859107971191e-01
9.618245959281921387e-01
9.905775785446166992e-01
3.027637898921966553e-01
9.596169590950012207e-01
9.335708618164062500e-01
9.323515892028808594e-01
9.808670878410339355e-01
9.864895343780517578e-01
9.908502101898193359e-01
9.751218557357788086e-01
9.876484870910644531e-01
9.905837178230285645e-01
9.954876899719238281e-01
9.317291378974914551e-01
9.583894014358520508e-01
9.814608097076416016e-01
9.905042648315429688e-01
9.348772168159484863e-01
9.859793782234191895e-01
9.864824414253234863e-01
9.853267073631286621e-01
9.927318692207336426e-01
9.811618328094482422e-01
9.884847402572631836e-01
9.892730712890625000e-01
9.959607124328613281e-01
9.620717763900756836e-01
9.807568788528442383e-01
9.804922342300415039e-01
9.966236948966979980e-01
9.511060714721679688e-01
9.950431585311889648e-01
