3.010424481561550514e-01
2.544793013053444630e-01
1.932110325724352151e-01
2.435067449069510392e-01
2.604384180874778631e-01
2.091994782139618703e-01
2.446446698338080039e-01
2.595990259701815850e-01
2.741194528599197877e-01
3.014964380373175157e-01
1.896995580889499489e-01
1.564948155831258902e-01
2.226519643579824570e-01
3.391791294113947752e-01
1.550383448887329707e-01
2.105966753756197685e-01
2.833952665364799506e-01
2.356181879384586508e-01
3.362407039564389577e-01
2.355957749890736641e-01
2.882440151890757751e-01
2.970475548018629564e-01
3.880874871347959054e-01
3.012487171576000433e-01
3.171419737717279808e-01
1.546231742428902378e-01
2.854380043080219642e-01
3.383174252767975343e-01
4.055031560934506674e-01
3.560604368551419374e-01
3.119984946142022597e-01
4.043379110785630948e-01
4.057487836824013594e-01
3.788981644006875760e-01
3.385536036131760462e-01
4.030179028900769955e-01
4.002050066796632999e-01
1.154222906244775360e-01
1.600726773389256896e-01
2.610688539795004148e-01
2.044331086441301404e-01
1.997630036001702691e-01
1.938951834364650850e-01
1.639620482601458207e-01
2.693151055091920210e-01
2.632212475694429288e-01
3.176997095131530169e-01
3.212989502443143741e-01
2.431391408452047709e-01
2.146675332534449254e-01
1.878782930132449347e-01
2.188522363565145734e-01
3.525974429212510586e-01
3.517120050505931905e-01
3.959338028843586432e-01
2.909548634913964871e-01
2.435563808450331991e-01
2.294309829146816138e-01
2.641560957552148703e-01
2.687313492911366231e-01
2.914970136032654646e-01
2.860193512438294894e-01
3.887656252974501236e-01
4.237010821144884809e-01
2.747085841300969111e-01
2.814403566030355686e-01
3.626542251843672404e-01
2.949898544197472328e-01
2.745883220161955962e-01
3.258874681643926796e-01
3.735554656730248335e-01
4.159173996528037209e-01
3.644497990608215332e-01
2.652762678156320164e-01
4.045090360137132413e-01
2.985274949146864421e-01
2.524367198348045349e-01
3.194158247206360102e-01
3.516583898319647905e-01
3.787923114230999366e-01
3.404166131065441969e-01
3.290430794899853462e-01
2.974179944453331226e-01
3.274327699954693305e-01
3.660343510027115332e-01
3.749914930130426871e-01
3.033303025384576634e-01
3.555973687997230903e-01
2.865138401438553917e-01
3.581710263656882054e-01
4.285639993703135864e-01
3.989328283530015340e-01
3.303862225550871501e-01
3.328646172841007722e-01
4.673591533389229169e-01
3.531265235864199381e-01
4.637441917394216073e-01
3.833293916944127688e-01
4.085217480046244853e-01
2.833912341067424401e-01
3.790077786319531183e-01
