8.942778958724095784e-01
9.095632600096555942e-01
2.963759715765683089e-01
6.285490051332789374e-01
6.957318036315532916e-01
6.053922965836066039e-01
8.241945413442758328e-01
6.859275561112624375e-01
7.192012862517283001e-01
9.204662442207336426e-01
9.419306975144606797e-01
8.209153786301612854e-01
9.034707316985497449e-01
6.973063799624259484e-01
5.238901056492557551e-01
5.995079050156234546e-01
7.492663448389905723e-01
7.464165243391807092e-01
8.296734610429177259e-01
9.217543601989746094e-01
8.298301123655759115e-01
9.676480293273925781e-01
9.700955656858590848e-01
9.494971724656912082e-01
9.020903249486134090e-01
8.478948978277353055e-01
8.790039483171242507e-01
8.995085857951869990e-01
9.651638544522799235e-01
8.725107323664885728e-01
9.525864949593176867e-01
9.742723474135766004e-01
8.626779306393402846e-01
8.842704433661240371e-01
9.610162193958575738e-01
9.052453453724200738e-01
9.637179879041818387e-01
5.123059529667863821e-01
4.816877106921030882e-01
7.530476565544421685e-01
7.616194096895364529e-01
5.372950637292188691e-01
6.761868341037859942e-01
8.725500152661249675e-01
8.559504220118889783e-01
7.502156140337599144e-01
7.010669613686891788e-01
9.270503887763390516e-01
9.093081939678925307e-01
6.638820389142403577e-01
5.475409659613013069e-01
7.615792996321733010e-01
8.590257742370550620e-01
8.009274398478177792e-01
8.636296414411984701e-01
8.426371388710461874e-01
8.905936336288085009e-01
9.807628439022944011e-01
4.281427581310988661e-01
8.038455674854608768e-01
6.841738772256156231e-01
8.195001834537833929e-01
6.432501096994831524e-01
9.805395832428565051e-01
8.896492696725405436e-01
8.456279053710974436e-01
9.738947290640610488e-01
8.299481751253972028e-01
7.654495333822873837e-01
9.042989525657433303e-01
9.031935082032129802e-01
8.737837076187133789e-01
9.593098897200363906e-01
9.137175553120099325e-01
9.710368972558242051e-01
7.452742080248964118e-01
7.723575202891459490e-01
8.628049871096243884e-01
6.951302587985992432e-01
8.403958976268768311e-01
9.589013090500464465e-01
5.611547120273686629e-01
8.011892085465101010e-01
8.821319574758840210e-01
9.014023485092016452e-01
8.136030349952096952e-01
9.613211384186377551e-01
8.278391361236572266e-01
9.777457072184636555e-01
8.178199970951447462e-01
8.869233268957871230e-01
8.897216867368954452e-01
9.045244753360748291e-01
8.654521944431158298e-01
9.807765162908114176e-01
7.262567872038254713e-01
8.656769463649163221e-01
9.526412670428936469e-01
9.209126944725329889e-01
9.761529839955843668e-01
9.835011683977566976e-01
