8.680090308189392090e-03
3.544540107250213623e-01
3.745871484279632568e-01
3.579671382904052734e-01
2.081751972436904907e-01
2.083421796560287476e-01
4.214081168174743652e-01
4.304760694503784180e-01
1.743148863315582275e-01
4.900481179356575012e-02
2.012960463762283325e-01
4.111811220645904541e-01
7.136650085449218750e-01
3.442992642521858215e-02
6.747020483016967773e-01
4.049959182739257812e-01
5.045744776725769043e-02
2.292101643979549408e-02
2.108407318592071533e-01
3.631085157394409180e-01
2.549750208854675293e-01
1.064305827021598816e-01
1.447767857462167740e-02
3.869655132293701172e-01
4.317864775657653809e-01
3.521400392055511475e-01
3.079596674069762230e-03
5.601529963314533234e-03
4.138028323650360107e-01
1.063336282968521118e-01
3.282280231360346079e-04
2.084504365921020508e-01
3.397901728749275208e-02
3.488987386226654053e-01
9.905242919921875000e-02
3.574621677398681641e-01
3.590943515300750732e-01
2.003868222236633301e-01
3.752736449241638184e-01
4.712573252618312836e-03
1.849112915806472301e-03
7.860075831413269043e-01
7.665015459060668945e-01
8.215948194265365601e-02
1.887379437685012817e-01
3.884570300579071045e-01
3.591294586658477783e-01
1.876430362462997437e-01
1.956989616155624390e-01
4.058002028614282608e-03
1.259917626157402992e-03
1.993730366230010986e-01
1.533905882388353348e-02
2.243534103035926819e-02
4.342418909072875977e-01
5.971436500549316406e-01
1.811843365430831909e-01
4.599598236382007599e-03
2.554693222045898438e-01
3.575740754604339600e-02
2.856456637382507324e-01
1.494541857391595840e-02
3.927426636219024658e-01
3.504036366939544678e-01
7.957914471626281738e-01
1.422690879553556442e-02
1.431891694664955139e-03
4.239801168441772461e-01
4.024750590324401855e-01
1.465171128511428833e-01
2.094915695488452911e-02
2.992261648178100586e-01
2.542105913162231445e-01
1.651498973369598389e-01
8.883607806637883186e-04
1.871472150087356567e-01
3.120327591896057129e-01
4.913579821586608887e-01
3.095555584877729416e-03
2.520063659176230431e-03
6.169656515121459961e-01
5.947886109352111816e-01
3.588873147964477539e-01
1.231197360903024673e-02
2.113640010356903076e-01
9.544454514980316162e-02
5.721520781517028809e-01
1.547824740409851074e-01
1.979245096445083618e-01
7.454141974449157715e-02
2.856025099754333496e-01
1.173076406121253967e-02
6.217918824404478073e-03
6.165918707847595215e-01
3.464254140853881836e-01
1.396674066781997681e-01
3.434586152434349060e-02
1.850460022687911987e-01
2.624261081218719482e-01
1.169378161430358887e-01
3.787307143211364746e-01
3.999388217926025391e-01
2.414591759443283081e-01
6.352694630622863770e-01
1.024193596094846725e-02
2.195611596107482910e-01
5.582515597343444824e-01
2.146990746259689331e-01
2.121659666299819946e-01
2.105287276208400726e-02
5.441399216651916504e-01
3.959275782108306885e-01
3.339681401848793030e-02
3.285869359970092773e-01
1.663846895098686218e-02
6.068185567855834961e-01
4.020720422267913818e-01
1.163787394762039185e-02
1.142689492553472519e-02
8.496814966201782227e-01
1.246044486761093140e-01
1.708502024412155151e-01
4.839269071817398071e-02
3.952073156833648682e-01
4.724690020084381104e-01
5.949531793594360352e-01
3.495857119560241699e-01
2.026134431362152100e-01
4.416733980178833008e-01
2.463580369949340820e-01
2.109862165525555611e-03
1.416987273842096329e-03
4.765037894248962402e-01
2.039009630680084229e-01
2.212752401828765869e-01
5.984714254736900330e-02
4.032402932643890381e-01
6.545922160148620605e-02
1.028403714299201965e-01
2.660883963108062744e-01
9.455587132833898067e-04
9.659113734960556030e-02
5.658752918243408203e-01
1.032128781080245972e-01
3.924464341253042221e-03
4.314551055431365967e-01
2.899567186832427979e-01
4.548837244510650635e-02
2.704726904630661011e-02
3.100501894950866699e-01
1.606339514255523682e-01
3.347018957138061523e-01
7.234852015972137451e-02
2.294147461652755737e-01
1.092548668384552002e-02
1.527300477027893066e-02
1.496285945177078247e-01
1.050552586093544960e-03
2.440413236618041992e-01
2.239828705787658691e-01
9.752827137708663940e-02
1.402348577976226807e-01
4.010056257247924805e-01
3.965876698493957520e-01
2.106558382511138916e-01
5.862456932663917542e-02
3.978600800037384033e-01
1.466205269098281860e-01
4.266547560691833496e-01
4.755621552467346191e-01
7.024439573287963867e-01
4.045204818248748779e-01
2.242241948843002319e-01
1.557896882295608521e-01
3.125845491886138916e-01
4.871062636375427246e-01
4.060933589935302734e-01
1.777503192424774170e-01
4.590196534991264343e-03
2.800190746784210205e-01
2.868919968605041504e-01
4.917524456977844238e-01
5.911834239959716797e-01
1.887213671579957008e-03
5.009771138429641724e-02
1.907659024000167847e-01
8.917003124952316284e-02
1.194922020658850670e-03
1.800074130296707153e-01
3.620546758174896240e-01
1.470962464809417725e-01
7.378019392490386963e-02
2.129021286964416504e-02
1.500652879476547241e-01
1.569052487611770630e-01
7.352158427238464355e-01
9.884507395327091217e-03
4.500544369220733643e-01
1.197836548089981079e-02
6.373521685600280762e-02
7.767389416694641113e-01
1.279026549309492111e-02
2.822411432862281799e-02
8.930233120918273926e-02
5.227274261415004730e-03
1.926702558994293213e-01
1.665323507040739059e-03
3.602699041366577148e-01
3.086701929569244385e-01
2.831476973369717598e-03
2.495583593845367432e-01
3.619057834148406982e-01
1.746456325054168701e-02
1.914074718952178955e-01
4.064099788665771484e-01
4.106179177761077881e-01
1.493173241615295410e-01
1.767257153987884521e-01
1.620907336473464966e-01
4.103105962276458740e-01
8.368283510208129883e-01
4.090427458286285400e-01
3.012090455740690231e-03
5.581407546997070312e-01
4.083771705627441406e-01
1.367143541574478149e-01
2.140877693891525269e-01
4.081350564956665039e-02
2.790631055831909180e-01
1.144432798027992249e-01
9.839499369263648987e-03
4.547303915023803711e-02
4.692201614379882812e-01
3.748089671134948730e-01
5.567020773887634277e-01
2.329743467271327972e-02
8.081876635551452637e-01
2.846280038356781006e-01
7.070772647857666016e-01
2.772508561611175537e-01
7.751575708389282227e-01
1.490939408540725708e-02
3.484890982508659363e-02
1.401902437210083008e-01
2.049330063164234161e-02
1.318904459476470947e-01
5.964959859848022461e-01
2.190790921449661255e-01
1.806857879273593426e-03
5.956852436065673828e-01
6.036595106124877930e-01
3.164864778518676758e-01
1.031377464532852173e-01
2.084367424249649048e-01
1.903293430805206299e-01
8.344959467649459839e-02
3.424410009756684303e-03
2.072134241461753845e-02
2.011077404022216797e-01
5.154209733009338379e-01
5.014479756355285645e-01
2.272835224866867065e-01
5.495523810386657715e-01
2.528335452079772949e-01
3.493671715259552002e-01
2.399650514125823975e-01
9.032876044511795044e-02
2.205748707056045532e-01
1.975379884243011475e-01
3.638295531272888184e-01
2.383423416176810861e-04
2.938389182090759277e-01
4.603741168975830078e-01
5.011904835700988770e-01
1.932783052325248718e-02
6.069470047950744629e-01
4.188869595527648926e-01
2.040707617998123169e-01
1.319352071732282639e-02
2.514665424823760986e-01
5.849567651748657227e-01
4.017462134361267090e-01
1.329881548881530762e-01
2.136073559522628784e-01
4.318691045045852661e-02
4.700497090816497803e-01
9.891244769096374512e-01
2.503796666860580444e-02
9.750561118125915527e-01
2.225189059972763062e-01
1.251087188720703125e-01
2.074986398220062256e-01
3.848448693752288818e-01
4.425298273563385010e-01
5.853695869445800781e-01
2.672563493251800537e-01
1.623813249170780182e-02
2.055096030235290527e-01
5.990441441535949707e-01
2.083263248205184937e-01
6.900903303176164627e-03
5.575858950614929199e-01
7.971583008766174316e-01
3.975297212600708008e-01
2.303118705749511719e-01
1.853075474500656128e-01
2.060899287462234497e-01
2.377454340457916260e-01
2.649863064289093018e-01
5.633334629237651825e-03
4.044523537158966064e-01
4.142054021358489990e-01
3.351931273937225342e-01
1.947681047022342682e-02
4.184035062789916992e-01
8.635836839675903320e-01
2.184888273477554321e-01
2.066037058830261230e-01
3.941082358360290527e-01
3.007275462150573730e-01
4.385106563568115234e-01
3.559801876544952393e-01
1.819851696491241455e-01
2.022889107465744019e-01
1.874952912330627441e-01
1.674775481224060059e-01
3.958896398544311523e-01
1.392734795808792114e-01
3.502241522073745728e-02
1.513352897018194199e-02
1.037035020999610424e-03
5.454239249229431152e-02
2.353497594594955444e-01
3.138717412948608398e-01
1.670815348625183105e-01
4.506197199225425720e-02
1.689062416553497314e-01
2.714539766311645508e-01
3.252505064010620117e-01
4.510866105556488037e-01
2.057227790355682373e-01
6.753653287887573242e-01
2.045937031507492065e-01
1.605670303106307983e-01
4.297792539000511169e-02
1.324662566184997559e-01
1.380783319473266602e-01
1.966720521450042725e-01
2.460231631994247437e-01
5.962606668472290039e-01
3.356297016143798828e-01
5.992316603660583496e-01
1.640417873859405518e-01
6.476318240165710449e-01
2.468775957822799683e-02
1.495028380304574966e-02
5.972068309783935547e-01
4.979732334613800049e-01
7.401910424232482910e-02
1.640039682388305664e-01
1.872434914112091064e-01
2.033812850713729858e-01
6.355966925621032715e-01
5.881586074829101562e-01
3.630195856094360352e-01
4.931859970092773438e-01
5.736258625984191895e-01
4.847235381603240967e-01
4.740368425846099854e-01
3.327217102050781250e-01
4.615378975868225098e-01
3.287730813026428223e-01
1.638845205307006836e-01
2.920409142971038818e-01
2.096041440963745117e-01
2.879245877265930176e-01
8.064623475074768066e-01
2.208619266748428345e-01
4.779105186462402344e-01
2.340720146894454956e-01
4.402179419994354248e-01
6.533815264701843262e-01
1.702842563390731812e-01
3.824211657047271729e-01
4.881947338581085205e-01
5.241419076919555664e-01
1.553155668079853058e-02
8.201348036527633667e-02
2.374703139066696167e-01
7.022843360900878906e-01
6.059391498565673828e-01
3.956647515296936035e-01
4.162806868553161621e-01
4.431796073913574219e-01
2.728663384914398193e-01
8.462086319923400879e-03
5.440773442387580872e-03
3.299180269241333008e-01
4.453138113021850586e-01
6.674344651401042938e-03
1.988864317536354065e-02
5.441837310791015625e-01
5.621684789657592773e-01
5.641692876815795898e-01
7.118338346481323242e-01
4.049130380153656006e-01
2.414503693580627441e-02
5.082550048828125000e-01
1.281776279211044312e-01
4.326911270618438721e-01
2.143190652132034302e-01
5.842619538307189941e-01
3.711378276348114014e-01
1.179256513714790344e-01
4.054859876632690430e-01
7.890774011611938477e-01
4.073677957057952881e-01
5.252962708473205566e-01
5.926492810249328613e-01
7.525744289159774780e-02
6.132223010063171387e-01
4.631005227565765381e-01
3.878272473812103271e-01
4.401525259017944336e-01
2.145119756460189819e-01
4.655350372195243835e-02
3.699369430541992188e-01
3.760527968406677246e-01
7.628055810928344727e-01
3.060663044452667236e-01
2.302629351615905762e-01
3.961522579193115234e-01
5.229168534278869629e-01
3.369673490524291992e-01
5.053782463073730469e-02
5.674102902412414551e-01
1.431130617856979370e-01
4.192602634429931641e-01
2.431552559137344360e-01
4.292082190513610840e-01
2.989978194236755371e-01
9.816277027130126953e-01
4.320814013481140137e-01
3.573630154132843018e-01
5.362099409103393555e-01
6.702753305435180664e-01
4.214696288108825684e-01
4.280065186321735382e-03
2.001828551292419434e-01
5.745542645454406738e-01
5.127242207527160645e-01
3.002131283283233643e-01
2.600387902930378914e-03
8.191872388124465942e-03
3.810507357120513916e-01
6.021342277526855469e-01
2.008798271417617798e-01
5.925222039222717285e-01
6.376040577888488770e-01
6.240941286087036133e-01
4.792413413524627686e-01
2.381014972925186157e-01
2.409398257732391357e-01
6.066462397575378418e-01
6.031297445297241211e-01
1.104122027754783630e-02
1.266150921583175659e-02
3.902369141578674316e-01
6.151524186134338379e-01
7.186212390661239624e-02
6.012176275253295898e-01
2.125247418880462646e-01
6.182537674903869629e-01
2.633583843708038330e-01
3.735322058200836182e-01
6.088411808013916016e-01
3.772515356540679932e-01
4.150106906890869141e-01
2.353573217988014221e-02
4.072310626506805420e-01
6.148936152458190918e-01
2.514484524726867676e-01
2.039538025856018066e-01
9.538979502394795418e-04
1.973179578781127930e-01
2.085444778203964233e-01
1.383120776154100895e-03
3.686741460114717484e-03
4.165568947792053223e-02
4.154906868934631348e-01
2.409418672323226929e-02
5.786404758691787720e-02
5.287703871726989746e-02
4.121967777609825134e-02
8.098067641258239746e-01
2.011597305536270142e-01
2.256541512906551361e-02
2.226287573575973511e-01
6.640866398811340332e-03
1.045282110571861267e-01
2.016265504062175751e-02
1.091630104929208755e-02
2.560469694435596466e-02
1.986340135335922241e-01
1.089714467525482178e-01
2.737777233123779297e-01
7.554822415113449097e-02
2.330006808042526245e-01
4.788156449794769287e-01
2.783028595149517059e-02
1.434358507394790649e-01
5.841146707534790039e-01
9.641600772738456726e-04
6.642533838748931885e-02
5.763316154479980469e-01
3.831809461116790771e-01
7.487279921770095825e-02
2.282507345080375671e-02
3.550232648849487305e-01
4.470747709274291992e-01
6.171345710754394531e-01
2.438333481550216675e-01
2.256746962666511536e-02
1.042462885379791260e-01
1.900143921375274658e-01
5.409977585077285767e-02
1.161783412098884583e-01
2.088958770036697388e-01
5.706508085131645203e-02
1.951785534620285034e-01
5.977390799671411514e-03
2.436420023441314697e-01
5.987973213195800781e-01
4.903130233287811279e-01
3.979011774063110352e-01
4.490677965804934502e-04
1.662070453166961670e-01
2.429896295070648193e-01
4.799314308911561966e-03
5.341945216059684753e-03
4.501285552978515625e-01
4.004930257797241211e-01
3.789765469264239073e-04
2.442324301227927208e-03
2.162161767482757568e-01
2.192587852478027344e-01
6.095749735832214355e-01
4.044956564903259277e-01
6.324406131170690060e-04
2.880420386791229248e-01
1.983078271150588989e-01
3.246619403362274170e-01
1.967117749154567719e-02
5.646269023418426514e-02
3.808985352516174316e-01
4.397327080368995667e-03
8.466885192319750786e-04
2.409082138910889626e-03
2.302370071411132812e-01
4.924663007259368896e-01
4.076105356216430664e-01
1.283465027809143066e-01
2.011307030916213989e-01
2.174116671085357666e-01
2.349438965320587158e-01
1.759172999300062656e-03
4.263706877827644348e-02
3.038260526955127716e-02
2.377464697929099202e-04
7.057341933250427246e-02
9.765954315662384033e-02
2.063474655151367188e-01
6.131014823913574219e-01
2.081663310527801514e-01
2.706570029258728027e-01
3.677029162645339966e-02
5.060762166976928711e-01
9.770809859037399292e-02
8.012559846974909306e-04
5.047711730003356934e-02
5.806193500757217407e-02
7.626901865005493164e-01
3.110454045236110687e-02
3.468706011772155762e-01
5.186113119125366211e-01
4.189133346080780029e-01
3.794070482254028320e-01
2.287217825651168823e-01
3.593047261238098145e-01
1.516625434160232544e-01
4.329440593719482422e-01
2.829881850630044937e-04
2.231665104627609253e-01
3.964816331863403320e-01
1.587235927581787109e-01
2.015785500407218933e-02
7.195089757442474365e-02
5.801592469215393066e-01
6.404184103012084961e-01
2.025260031223297119e-01
2.353496551513671875e-01
5.659341067075729370e-02
4.130396246910095215e-01
7.951991558074951172e-01
3.114949166774749756e-02
3.541510701179504395e-01
3.456099927425384521e-01
5.890800952911376953e-01
1.805047839879989624e-01
6.971005816012620926e-03
2.795035243034362793e-01
6.249344348907470703e-01
5.986143350601196289e-01
3.750574588775634766e-01
2.738151550292968750e-01
2.904826998710632324e-01
3.243475556373596191e-01
1.181717496365308762e-03
2.188259363174438477e-01
6.678944230079650879e-01
3.193138539791107178e-01
8.893789350986480713e-02
7.886420935392379761e-02
3.146166801452636719e-01
3.904408216476440430e-01
3.975791931152343750e-01
2.080463469028472900e-01
4.092134833335876465e-01
8.126819133758544922e-02
1.998288929462432861e-01
6.863027345389127731e-03
5.442588031291961670e-02
1.750792562961578369e-01
1.914138197898864746e-01
3.921824395656585693e-01
5.676710009574890137e-01
8.679647743701934814e-02
2.035971879959106445e-01
3.669988214969635010e-01
3.026642079930752516e-04
5.880903005599975586e-01
1.103900372982025146e-01
1.914620213210582733e-02
2.131458520889282227e-01
1.959663331508636475e-01
3.474652469158172607e-01
1.945763826370239258e-01
3.357631713151931763e-02
4.111308157444000244e-01
1.062917709350585938e-01
4.642436206340789795e-01
3.519034385681152344e-01
1.053907722234725952e-01
3.595833778381347656e-01
3.911585211753845215e-01
1.934789033839479089e-04
2.711566165089607239e-03
2.759673073887825012e-02
4.499101042747497559e-01
6.368883885443210602e-03
3.322204947471618652e-02
4.661578685045242310e-02
2.035194784402847290e-01
4.675911962985992432e-01
1.485971175134181976e-02
3.432302176952362061e-01
5.986670255661010742e-01
2.742699980735778809e-01
1.779295131564140320e-02
2.054950147867202759e-01
4.652259498834609985e-02
3.592519760131835938e-01
6.938799051567912102e-04
1.092005427926778793e-02
7.728436589241027832e-02
4.285000860691070557e-01
6.092627048492431641e-01
2.049166411161422729e-01
2.507898490875959396e-03
7.635116577148437500e-01
6.235836073756217957e-02
2.022211998701095581e-01
1.971752643585205078e-01
3.563910722732543945e-01
6.329663991928100586e-01
2.086039930582046509e-01
5.857236981391906738e-01
2.738373279571533203e-01
4.842905402183532715e-01
6.922382116317749023e-01
1.988889127969741821e-01
2.310329437023028731e-04
6.131917834281921387e-01
8.879450708627700806e-02
7.873294353485107422e-01
4.116297066211700439e-01
3.497061133384704590e-01
2.456994056701660156e-01
3.690952435135841370e-03
2.049960345029830933e-01
5.688124895095825195e-01
4.070474803447723389e-01
4.078447222709655762e-01
7.720343470573425293e-01
1.970946341753005981e-01
6.143200397491455078e-01
7.498495280742645264e-02
4.717722535133361816e-01
3.901594281196594238e-01
1.700630784034729004e-01
1.235425546765327454e-01
4.324177801609039307e-01
2.748492062091827393e-01
5.859239697456359863e-01
6.321324706077575684e-01
3.853124380111694336e-01
3.744500875473022461e-01
3.326395153999328613e-01
5.537843108177185059e-01
6.299718469381332397e-02
2.063791751861572266e-01
2.061762660741806030e-02
4.115025997161865234e-01
1.643259823322296143e-01
3.824996948242187500e-01
3.537263488397002220e-03
3.561682701110839844e-01
5.281990766525268555e-01
4.179061949253082275e-01
1.834437549114227295e-01
1.025333814322948456e-02
6.386156678199768066e-01
2.087182849645614624e-01
1.195238456130027771e-01
3.939213752746582031e-01
2.175403535366058350e-01
7.012768089771270752e-02
4.806420803070068359e-01
2.473859675228595734e-02
2.015519142150878906e-02
3.806465864181518555e-01
5.788134932518005371e-01
8.368663489818572998e-03
1.989083737134933472e-01
5.926167368888854980e-01
4.458217024803161621e-01
1.582826375961303711e-01
8.995303884148597717e-03
2.034046649932861328e-01
3.504407107830047607e-01
8.113513700664043427e-03
9.320506826043128967e-03
5.789053067564964294e-02
3.616259396076202393e-01
6.319965720176696777e-01
9.954083710908889771e-02
6.136983633041381836e-03
4.184814393520355225e-01
3.069987297058105469e-01
4.843824207782745361e-01
5.269038677215576172e-01
3.350748419761657715e-01
1.777161359786987305e-01
1.890916079282760620e-01
7.471111603081226349e-03
3.949544206261634827e-02
2.107392549514770508e-01
3.058418631553649902e-02
5.849977135658264160e-01
1.720816045999526978e-01
6.453311443328857422e-02
6.290781497955322266e-01
3.605089150369167328e-03
1.139264106750488281e-01
4.199470281600952148e-01
4.879209399223327637e-01
1.870948374271392822e-01
2.035472393035888672e-01
1.257819831371307373e-01
4.704092442989349365e-01
5.992045998573303223e-01
2.654011845588684082e-01
2.008304297924041748e-01
6.411235332489013672e-01
5.281237363815307617e-01
2.890677191317081451e-02
5.352513864636421204e-03
9.133382141590118408e-02
3.459514081478118896e-01
3.950968682765960693e-01
1.991585344076156616e-01
3.950165808200836182e-01
9.396119415760040283e-02
7.963675856590270996e-01
1.850814968347549438e-01
1.931378385052084923e-03
7.867251634597778320e-01
3.546107411384582520e-01
1.936672180891036987e-01
3.194314241409301758e-01
2.278637140989303589e-01
3.119157254695892334e-01
5.742767825722694397e-04
2.006168663501739502e-01
2.267760038375854492e-01
1.126899719238281250e-01
7.196670174598693848e-01
9.066234342753887177e-03
2.534207105636596680e-01
8.799964785575866699e-01
4.279699027538299561e-01
1.907965093851089478e-01
2.303541004657745361e-01
7.952297925949096680e-01
6.166935563087463379e-01
1.040441766381263733e-01
1.996289938688278198e-01
4.021072387695312500e-01
2.249784171581268311e-01
6.577993035316467285e-01
4.762458205223083496e-01
3.903387188911437988e-01
7.622864246368408203e-01
4.846141934394836426e-01
2.733870223164558411e-02
1.385846757330000401e-03
5.967611670494079590e-01
3.066832125186920166e-01
5.125512480735778809e-01
1.435888409614562988e-01
5.618389844894409180e-01
5.866816043853759766e-01
4.088801741600036621e-01
1.721452176570892334e-01
2.370221540331840515e-02
4.327325820922851562e-01
1.648516952991485596e-01
3.258270770311355591e-02
4.251216053962707520e-01
2.036840617656707764e-01
6.010835170745849609e-01
5.281792283058166504e-01
6.078167352825403214e-03
3.233576714992523193e-01
2.488127499818801880e-01
4.051583111286163330e-01
1.601111590862274170e-01
1.980655491352081299e-01
6.243267059326171875e-01
2.002422362565994263e-01
1.725881695747375488e-01
2.151265740394592285e-01
5.833725929260253906e-01
5.733254551887512207e-01
1.809855177998542786e-02
1.118087619543075562e-01
4.777629300951957703e-02
3.487242758274078369e-01
4.028064012527465820e-01
3.801759481430053711e-01
1.945471763610839844e-01
7.691022157669067383e-01
6.031645536422729492e-01
3.504914045333862305e-02
2.253229618072509766e-01
4.072203040122985840e-01
5.364597439765930176e-01
1.733318865299224854e-01
1.871927827596664429e-01
2.002526074647903442e-01
5.998792052268981934e-01
1.593326218426227570e-02
2.885558605194091797e-01
1.942765116691589355e-01
7.184626460075378418e-01
1.852696388959884644e-01
5.655162334442138672e-01
5.652864575386047363e-01
2.066147923469543457e-01
2.707650065422058105e-01
6.980875972658395767e-03
6.513681262731552124e-02
3.238646388053894043e-01
4.282053709030151367e-01
2.100661545991897583e-01
5.775073766708374023e-01
6.962103303521871567e-03
6.112970113754272461e-01
5.522718429565429688e-01
1.431058347225189209e-01
3.886643052101135254e-01
3.713629543781280518e-01
2.783495187759399414e-01
5.066086538136005402e-03
3.529209643602371216e-02
2.171287983655929565e-01
1.725741028785705566e-01
6.791249513626098633e-01
1.957616060972213745e-01
8.100059931166470051e-04
5.504858493804931641e-01
4.153922796249389648e-01
2.271489351987838745e-01
5.282505154609680176e-01
5.825605988502502441e-01
1.012587454169988632e-03
4.699244629591703415e-03
2.595283389091491699e-01
2.026882767677307129e-01
5.890738964080810547e-01
4.725132286548614502e-01
4.372452795505523682e-01
2.140072584152221680e-01
5.039538741111755371e-01
6.138890981674194336e-01
4.010030329227447510e-01
5.617403388023376465e-01
1.990637332201004028e-01
3.467083349823951721e-02
7.836394011974334717e-02
3.043918013572692871e-01
6.379817724227905273e-01
3.973968625068664551e-01
6.005487442016601562e-01
4.127653539180755615e-01
1.792188151739537716e-03
3.971675932407379150e-01
5.085127949714660645e-01
5.526614189147949219e-01
3.722206950187683105e-01
7.548499107360839844e-01
4.413894116878509521e-01
3.399434685707092285e-01
1.417599469423294067e-01
5.960479378700256348e-01
2.872667312622070312e-01
3.696461319923400879e-01
2.042316794395446777e-01
3.830212056636810303e-01
8.328852057456970215e-01
2.335204631090164185e-01
3.446406424045562744e-01
3.289441466331481934e-01
5.731865167617797852e-01
3.342024981975555420e-01
2.674228250980377197e-01
2.187772244215011597e-01
3.930007517337799072e-01
2.543680965900421143e-01
4.566289857029914856e-02
6.639789342880249023e-01
8.664946653880178928e-04
7.852290868759155273e-01
3.800886869430541992e-02
2.214255630970001221e-01
3.645344078540802002e-01
2.154460698366165161e-01
5.581861734390258789e-01
4.483789503574371338e-01
5.298770265653729439e-04
5.184941925108432770e-03
1.011592149734497070e-01
4.191059768199920654e-01
7.153046727180480957e-01
1.959457844495773315e-01
3.549417108297348022e-02
4.695897102355957031e-01
5.792564749717712402e-01
1.663696020841598511e-01
5.962913036346435547e-01
6.169464588165283203e-01
4.775618016719818115e-01
1.975809782743453979e-01
3.884735703468322754e-01
4.006969630718231201e-01
2.365722507238388062e-01
3.546102941036224365e-01
3.441536799073219299e-02
2.878320515155792236e-01
3.665227890014648438e-01
4.060417115688323975e-01
2.121300101280212402e-01
4.231772720813751221e-01
5.968861579895019531e-01
2.593490993604063988e-03
3.790018334984779358e-02
3.266873657703399658e-01
5.954884886741638184e-01
5.763742923736572266e-01
2.375071942806243896e-01
1.695133447647094727e-01
3.917053043842315674e-01
4.274360537528991699e-01
6.009672284126281738e-01
1.931328326463699341e-01
1.139189302921295166e-01
2.072442322969436646e-01
1.017471030354499817e-02
3.958690166473388672e-02
3.773802891373634338e-02
2.763783037662506104e-01
3.891047835350036621e-01
5.914636850357055664e-01
1.937458962202072144e-01
5.179237127304077148e-01
3.937051296234130859e-01
5.942630767822265625e-01
3.147655399516224861e-03
2.339693158864974976e-01
4.944033622741699219e-01
6.922334432601928711e-02
4.166315868496894836e-02
2.307664155960083008e-01
3.990261852741241455e-01
7.482341527938842773e-01
1.165522485971450806e-01
1.845077127218246460e-01
4.043161571025848389e-01
5.928539037704467773e-01
4.751216471195220947e-01
2.346198260784149170e-01
5.178339034318923950e-02
4.110242724418640137e-01
6.247014999389648438e-01
6.085618212819099426e-02
2.220404148101806641e-01
4.449476599693298340e-01
7.730069160461425781e-01
3.422651588916778564e-01
1.585897505283355713e-01
3.992794454097747803e-01
3.935902714729309082e-01
5.854426622390747070e-01
4.005783498287200928e-01
2.304262518882751465e-01
3.411170840263366699e-01
4.101329445838928223e-01
4.903711378574371338e-03
3.105902299284934998e-02
8.539084792137145996e-01
4.146235585212707520e-01
2.048478126525878906e-01
2.100020349025726318e-01
4.163051545619964600e-01
7.349053025245666504e-01
3.758971989154815674e-01
5.563719868659973145e-01
2.384136319160461426e-01
5.020497441291809082e-01
4.203359186649322510e-01
5.052838474512100220e-02
4.898199439048767090e-02
2.521532475948333740e-01
3.941459655761718750e-01
1.996822189539670944e-03
1.795439571142196655e-01
9.817908406257629395e-01
1.894883215427398682e-01
6.659729480743408203e-01
2.146541029214859009e-01
4.008769690990447998e-01
3.807931244373321533e-01
2.027228474617004395e-01
2.623366191983222961e-02
1.200981158763170242e-02
6.273306608200073242e-01
5.728684663772583008e-01
1.753805577754974365e-01
3.012809157371520996e-02
7.857803106307983398e-01
5.873701348900794983e-02
5.307103395462036133e-01
3.936629891395568848e-01
1.917241960763931274e-01
2.663061618804931641e-01
6.926795467734336853e-03
5.142030119895935059e-02
5.870304107666015625e-01
2.157582938671112061e-01
3.201346993446350098e-01
4.276823103427886963e-01
3.756648898124694824e-01
7.499586343765258789e-01
2.914364337921142578e-01
2.208888232707977295e-01
4.055334329605102539e-01
2.333581820130348206e-02
3.268633484840393066e-01
4.071539342403411865e-01
3.328188508749008179e-02
2.566457167267799377e-02
6.490272283554077148e-01
7.931746244430541992e-01
3.656038641929626465e-01
2.213411778211593628e-01
3.871436715126037598e-01
2.615383565425872803e-01
2.929631471633911133e-01
2.104326188564300537e-01
4.291468560695648193e-01
4.552042484283447266e-01
5.204806327819824219e-01
2.015537321567535400e-01
2.312648668885231018e-02
5.967371463775634766e-01
8.027360439300537109e-01
2.485349625349044800e-01
7.136710919439792633e-04
4.033491611480712891e-01
7.730341553688049316e-01
4.142042100429534912e-01
6.911925077438354492e-01
1.165019348263740540e-02
2.347224056720733643e-01
9.231077432632446289e-01
9.614828042685985565e-03
2.574507612735033035e-03
3.594550192356109619e-01
5.881093144416809082e-01
3.955892324447631836e-01
9.381181746721267700e-02
6.000062227249145508e-01
3.144511580467224121e-01
4.297617673873901367e-01
2.097838819026947021e-01
2.729105949401855469e-01
3.968065083026885986e-01
1.995160132646560669e-01
7.148247095756232738e-04
1.297047268599271774e-02
4.288621246814727783e-01
6.069622039794921875e-01
3.910531997680664062e-01
2.193136960268020630e-01
8.058079481124877930e-01
3.490258753299713135e-01
3.770471811294555664e-01
4.768295288085937500e-01
2.067356854677200317e-01
2.007738649845123291e-01
3.836384415626525879e-01
2.197917103767395020e-01
2.110429853200912476e-01
1.747434735298156738e-01
4.219538867473602295e-01
9.891200810670852661e-02
9.392938809469342232e-04
2.200609594583511353e-01
2.505596578121185303e-01
3.476352691650390625e-01
4.898321032524108887e-01
3.242893218994140625e-01
3.890054225921630859e-01
2.980390004813671112e-02
3.885439336299896240e-01
3.881326615810394287e-01
3.750115036964416504e-01
5.576910972595214844e-01
5.053683184087276459e-03
1.219326257705688477e-02
4.065549075603485107e-01
3.914954364299774170e-01
8.425502777099609375e-01
5.661798715591430664e-01
4.993286132812500000e-01
3.924385309219360352e-01
3.877390623092651367e-01
1.698779314756393433e-01
2.623276598751544952e-02
3.988879024982452393e-01
7.037349343299865723e-01
2.107123434543609619e-01
1.876650750637054443e-02
7.706165909767150879e-01
4.370203018188476562e-01
6.888180375099182129e-01
5.839160084724426270e-01
6.397426724433898926e-01
3.841958642005920410e-01
7.672517560422420502e-03
3.621205389499664307e-01
4.310071766376495361e-01
3.330084979534149170e-01
5.971437096595764160e-01
5.874643325805664062e-01
1.377637684345245361e-01
5.945818424224853516e-01
5.825191736221313477e-01
1.877337396144866943e-01
1.933944225311279297e-01
3.001549243927001953e-01
5.340180397033691406e-01
3.682229220867156982e-01
1.920167207717895508e-01
6.152625083923339844e-01
2.958506643772125244e-01
5.680277943611145020e-01
3.789269626140594482e-01
1.341933608055114746e-01
5.317051410675048828e-01
4.167518615722656250e-01
8.411592245101928711e-02
3.194904923439025879e-01
2.253504097461700439e-01
4.479511380195617676e-01
3.574134409427642822e-01
2.258097529411315918e-01
2.207364290952682495e-01
3.845481872558593750e-01
3.868272602558135986e-01
3.871817290782928467e-01
1.841918677091598511e-01
5.821211338043212891e-01
2.966697886586189270e-02
4.554789960384368896e-01
3.563226200640201569e-03
3.506408929824829102e-01
2.174236476421356201e-01
5.698605775833129883e-01
6.604525446891784668e-02
3.136231303215026855e-01
7.806153297424316406e-01
4.044443368911743164e-01
5.718351006507873535e-01
2.359221726655960083e-01
7.715088725090026855e-01
5.964284539222717285e-01
4.255245327949523926e-01
1.075019221752882004e-02
3.856427073478698730e-01
4.012089371681213379e-01
4.620040953159332275e-01
1.960964202880859375e-01
6.169700026512145996e-01
9.973331689834594727e-01
4.856257438659667969e-01
2.424141764640808105e-01
3.692907392978668213e-01
5.531630516052246094e-01
2.256807684898376465e-01
4.021449685096740723e-01
2.368454933166503906e-01
1.928479224443435669e-01
3.138495981693267822e-02
4.033529162406921387e-01
4.069575965404510498e-01
2.582277059555053711e-01
7.827087640762329102e-01
5.919026136398315430e-01
1.971687376499176025e-01
1.626913547515869141e-01
9.253144860267639160e-01
6.004340648651123047e-01
4.026482403278350830e-01
4.134168326854705811e-01
5.428379774093627930e-01
4.401039481163024902e-01
6.967060565948486328e-01
5.482903122901916504e-01
2.158520556986331940e-02
4.855746626853942871e-01
5.734488368034362793e-01
5.916990041732788086e-01
1.875037141144275665e-02
6.055983304977416992e-01
2.288153320550918579e-01
2.474931441247463226e-02
4.114386439323425293e-01
5.232602953910827637e-01
6.303997039794921875e-01
7.584199309349060059e-01
5.707626938819885254e-01
3.756878525018692017e-02
8.370849303901195526e-03
2.623139619827270508e-01
2.695946097373962402e-01
7.070351857692003250e-03
6.217762827873229980e-01
4.617801308631896973e-01
4.006616175174713135e-01
4.108110964298248291e-01
5.251195430755615234e-01
8.045409321784973145e-01
5.994468331336975098e-01
5.335447192192077637e-01
1.938049215823411942e-03
4.121845960617065430e-01
3.975450694561004639e-01
7.406453043222427368e-02
5.824117735028266907e-02
2.919970154762268066e-01
4.013056159019470215e-01
2.169308513402938843e-01
2.801803052425384521e-01
2.474150508642196655e-01
5.768822431564331055e-01
2.334170341491699219e-01
5.843724012374877930e-01
2.109770625829696655e-01
1.107576861977577209e-01
6.031477451324462891e-01
4.063111543655395508e-01
3.755742609500885010e-01
8.051501512527465820e-01
4.223960041999816895e-01
2.468586862087249756e-01
2.083653807640075684e-01
1.799674481153488159e-01
4.124653041362762451e-01
5.424265861511230469e-01
4.143353104591369629e-01
2.989638447761535645e-01
1.113924570381641388e-02
