6.423748731613159180e-01
7.781865000724792480e-01
1.742863208055496216e-01
5.996083617210388184e-01
4.890840649604797363e-01
7.506372928619384766e-01
2.009774744510650635e-01
4.373658299446105957e-01
5.558062791824340820e-01
5.651180744171142578e-01
4.526941180229187012e-01
2.000930607318878174e-01
3.431097865104675293e-01
6.012551784515380859e-01
4.059823751449584961e-01
4.416784122440731153e-06
7.590149762108922005e-04
2.088311612606048584e-01
7.354019582271575928e-02
1.860075397416949272e-03
7.184116635471582413e-03
4.084250926971435547e-01
4.573801159858703613e-01
1.023136079311370850e-02
1.685014963150024414e-01
3.204671293497085571e-02
5.229055881500244141e-01
1.996614038944244385e-01
1.513228863477706909e-01
2.121494561433792114e-01
1.105640694731846452e-04
2.136855572462081909e-01
4.377568662166595459e-01
5.253995954990386963e-02
1.980822384357452393e-01
1.963146626949310303e-01
2.000435143709182739e-01
2.301729768514633179e-01
3.145958781242370605e-01
1.713056266307830811e-01
3.287786245346069336e-01
5.708105564117431641e-01
3.088231980800628662e-01
5.733580589294433594e-01
2.080410532653331757e-02
6.076669096946716309e-01
4.729534089565277100e-01
2.098156064748764038e-01
4.672319628298282623e-03
5.880430936813354492e-01
7.746065855026245117e-01
2.129035294055938721e-01
5.576245188713073730e-01
2.515361309051513672e-01
1.413774007232859731e-04
3.043815493583679199e-01
7.098543047904968262e-01
9.734879732131958008e-01
9.236454218626022339e-02
1.352063268423080444e-01
4.743466675281524658e-01
2.037516050040721893e-02
4.383830130100250244e-01
3.403361886739730835e-02
4.136257767677307129e-01
2.973298132419586182e-01
5.883229374885559082e-01
1.226138207130134106e-03
2.285503447055816650e-01
2.702708542346954346e-01
1.541695147752761841e-01
7.994241118431091309e-01
3.765965113416314125e-03
1.452291160821914673e-01
5.234915018081665039e-01
2.148683965206146240e-01
1.739478111267089844e-02
1.121486820920836180e-05
2.051153928041458130e-01
6.264946460723876953e-01
5.513212084770202637e-01
3.641159040853381157e-03
7.866613566875457764e-03
6.287674903869628906e-01
4.916095137596130371e-01
6.253625750541687012e-01
1.210784018039703369e-01
3.842716978397220373e-05
7.406079769134521484e-01
2.163436561822891235e-01
1.398145109415054321e-01
5.276399850845336914e-01
4.020845592021942139e-01
2.380347102880477905e-01
4.307312369346618652e-01
3.094595372676849365e-01
5.748828873038291931e-02
4.012537300586700439e-01
6.308943033218383789e-01
7.789863348007202148e-01
6.928765177726745605e-01
1.368709141388535500e-03
3.710228204727172852e-01
8.250978589057922363e-02
2.615641951560974121e-01
2.385345846414566040e-01
2.200727611780166626e-01
4.513995349407196045e-01
4.218077063560485840e-01
1.575949136167764664e-03
2.084076702594757080e-01
7.817535400390625000e-01
9.880726933479309082e-01
6.221017241477966309e-01
1.994364857673645020e-01
2.594439079985022545e-03
5.788893103599548340e-01
3.837333917617797852e-01
4.057513177394866943e-01
1.315462887287139893e-01
4.413734674453735352e-01
4.715001881122589111e-01
6.034913063049316406e-01
2.116781892254948616e-03
3.303105831146240234e-01
2.121261060237884521e-01
5.579439401626586914e-01
6.316828727722167969e-01
7.934874892234802246e-01
1.435592304915189743e-03
7.892829179763793945e-01
2.166276127099990845e-01
2.576811611652374268e-01
6.089497804641723633e-01
3.868735730648040771e-01
2.863957285881042480e-01
4.257730841636657715e-01
4.535233601927757263e-02
2.002930939197540283e-01
2.217522859573364258e-01
4.522196054458618164e-01
6.005691289901733398e-01
3.459994196891784668e-01
1.999965608119964600e-01
4.740859270095825195e-01
5.578064322471618652e-01
3.373004198074340820e-01
4.263573884963989258e-01
4.155201017856597900e-01
1.998163312673568726e-01
2.977473735809326172e-01
2.310051620006561279e-01
6.251937150955200195e-01
4.347286224365234375e-01
3.364126682281494141e-01
8.024322986602783203e-01
1.401435583829879761e-01
3.920919299125671387e-01
4.144648909568786621e-01
1.904240548610687256e-01
4.464931041002273560e-02
3.617275953292846680e-01
5.841447710990905762e-01
1.393326520919799805e-01
2.724311053752899170e-01
2.485210279701277614e-05
5.408570170402526855e-01
4.278387725353240967e-01
5.362162590026855469e-01
8.035488724708557129e-01
3.854715824127197266e-02
9.953502565622329712e-02
7.849423885345458984e-01
1.894378811120986938e-01
3.480129837989807129e-01
2.330273240804672241e-01
1.696249246597290039e-01
6.354902386665344238e-01
5.170375108718872070e-01
6.319642066955566406e-01
1.845287531614303589e-01
2.211477458477020264e-01
6.997835636138916016e-01
5.862572193145751953e-01
5.959031581878662109e-01
1.990756243467330933e-01
2.888287305831909180e-01
2.931662797927856445e-01
2.569433450698852539e-01
2.617716789245605469e-01
8.232256397604942322e-03
5.175124406814575195e-01
3.791903853416442871e-01
5.872467756271362305e-01
1.766938716173171997e-01
5.842997506260871887e-02
4.152579903602600098e-01
4.930955767631530762e-01
3.685428500175476074e-01
3.492951095104217529e-01
4.737662971019744873e-01
5.454991459846496582e-01
4.431442320346832275e-01
1.479278504848480225e-01
5.922558307647705078e-01
1.996682286262512207e-01
4.000881314277648926e-01
2.732084989547729492e-01
3.732639849185943604e-01
4.234969019889831543e-01
2.217518836259841919e-01
7.895742058753967285e-01
2.981066405773162842e-01
3.576797544956207275e-01
5.845417976379394531e-01
2.134652882814407349e-01
5.113424062728881836e-01
1.138919144868850708e-01
5.835859179496765137e-01
6.371995806694030762e-01
6.031345725059509277e-01
7.655893564224243164e-01
6.900510052219033241e-04
2.052852660417556763e-01
7.085267305374145508e-01
