9.977174997329711914e-01
9.876840710639953613e-01
9.685208201408386230e-01
8.968513011932373047e-01
9.765484333038330078e-01
9.721069335937500000e-01
9.708912372589111328e-01
9.930044412612915039e-01
9.915940761566162109e-01
9.888107776641845703e-01
9.918133020401000977e-01
9.984337091445922852e-01
9.993739128112792969e-01
9.969528913497924805e-01
9.997711181640625000e-01
7.045128345489501953e-01
9.451669454574584961e-01
9.999998807907104492e-01
9.887687563896179199e-01
9.688466191291809082e-01
9.751814603805541992e-01
9.999457001686096191e-01
9.980050325393676758e-01
9.980046749114990234e-01
9.980258941650390625e-01
9.993185997009277344e-01
9.995019435882568359e-01
9.969559311866760254e-01
9.987558722496032715e-01
9.839448928833007812e-01
8.980758786201477051e-01
9.982730150222778320e-01
9.235616922378540039e-01
9.542099833488464355e-01
9.411558508872985840e-01
9.993054270744323730e-01
9.970338344573974609e-01
9.978855848312377930e-01
9.951474070549011230e-01
9.988493919372558594e-01
9.971747994422912598e-01
9.961954951286315918e-01
9.997017383575439453e-01
9.945760965347290039e-01
9.916428327560424805e-01
9.530494809150695801e-01
9.751132726669311523e-01
9.198868870735168457e-01
9.765267968177795410e-01
9.926401972770690918e-01
9.928323626518249512e-01
9.837705492973327637e-01
9.845647811889648438e-01
9.988374114036560059e-01
9.994775056838989258e-01
9.986505508422851562e-01
9.997851848602294922e-01
9.999982118606567383e-01
9.969629049301147461e-01
9.884307980537414551e-01
8.439089059829711914e-01
9.306091070175170898e-01
9.879601001739501953e-01
5.584492087364196777e-01
9.311759471893310547e-01
9.751802682876586914e-01
9.728185534477233887e-01
9.817450046539306641e-01
9.631361365318298340e-01
9.162059426307678223e-01
9.629893302917480469e-01
9.990972876548767090e-01
9.996471405029296875e-01
9.909341931343078613e-01
8.735432624816894531e-01
9.678757786750793457e-01
9.774857759475708008e-01
9.870158433914184570e-01
9.290993213653564453e-01
9.753494858741760254e-01
9.904955625534057617e-01
9.994771480560302734e-01
9.990628361701965332e-01
9.600669145584106445e-01
9.385707974433898926e-01
9.964913129806518555e-01
9.903270602226257324e-01
9.983682036399841309e-01
9.897636771202087402e-01
9.752359390258789062e-01
9.960082769393920898e-01
9.972102046012878418e-01
9.844257235527038574e-01
9.726208448410034180e-01
9.473120570182800293e-01
9.993343353271484375e-01
9.999247193336486816e-01
9.999015927314758301e-01
9.998134970664978027e-01
9.967040419578552246e-01
9.815318584442138672e-01
9.583678245544433594e-01
9.754238128662109375e-01
9.677248001098632812e-01
9.580448269844055176e-01
9.923363327980041504e-01
9.837418198585510254e-01
9.714738130569458008e-01
9.675185680389404297e-01
9.985519647598266602e-01
9.996282458305358887e-01
9.949917197227478027e-01
9.996293187141418457e-01
9.995019435882568359e-01
9.978794455528259277e-01
9.935948848724365234e-01
7.660303115844726562e-01
8.162309527397155762e-01
8.576545715332031250e-01
9.956640005111694336e-01
9.334887266159057617e-01
9.485366344451904297e-01
9.869724512100219727e-01
9.630897641181945801e-01
9.714156389236450195e-01
9.802608489990234375e-01
9.977046251296997070e-01
9.995552897453308105e-01
9.973119497299194336e-01
9.954114556312561035e-01
7.587915062904357910e-01
7.799873352050781250e-01
8.486903309822082520e-01
9.985277056694030762e-01
9.205853939056396484e-01
9.257092475891113281e-01
9.986907839775085449e-01
9.777365326881408691e-01
9.646555781364440918e-01
9.678419828414916992e-01
9.981415867805480957e-01
9.987652301788330078e-01
9.932273626327514648e-01
9.918277263641357422e-01
7.816829681396484375e-01
9.044262170791625977e-01
9.687648415565490723e-01
9.992650747299194336e-01
9.906682372093200684e-01
9.534762501716613770e-01
9.962214231491088867e-01
9.980417490005493164e-01
9.994031786918640137e-01
9.924706220626831055e-01
9.899105429649353027e-01
9.985971450805664062e-01
9.943978786468505859e-01
9.884243607521057129e-01
8.975687623023986816e-01
9.424646496772766113e-01
9.567611217498779297e-01
9.749450087547302246e-01
9.811478257179260254e-01
9.732180237770080566e-01
9.500700235366821289e-01
9.979517459869384766e-01
9.996849298477172852e-01
9.911144971847534180e-01
9.978358149528503418e-01
9.980697631835937500e-01
9.871955513954162598e-01
9.674574136734008789e-01
8.297393918037414551e-01
9.799767732620239258e-01
8.982626795768737793e-01
9.142112731933593750e-01
9.983659982681274414e-01
9.996383786201477051e-01
9.940189123153686523e-01
9.939637780189514160e-01
9.862668514251708984e-01
9.925792217254638672e-01
9.998759627342224121e-01
9.985550642013549805e-01
9.929636716842651367e-01
9.815967679023742676e-01
8.338456153869628906e-01
9.588967561721801758e-01
9.732288718223571777e-01
9.644411206245422363e-01
9.868392348289489746e-01
9.599485993385314941e-01
9.993885159492492676e-01
9.881915450096130371e-01
9.978497624397277832e-01
9.754639267921447754e-01
9.997804164886474609e-01
9.985961318016052246e-01
9.929465055465698242e-01
9.872641563415527344e-01
8.468481302261352539e-01
9.509968757629394531e-01
9.522227048873901367e-01
9.434806108474731445e-01
9.835243225097656250e-01
9.828233122825622559e-01
9.865768551826477051e-01
9.997205734252929688e-01
9.984124302864074707e-01
9.997599124908447266e-01
9.908520579338073730e-01
9.979759454727172852e-01
9.863203763961791992e-01
9.717671275138854980e-01
8.624956011772155762e-01
9.780902862548828125e-01
9.120330214500427246e-01
9.903417229652404785e-01
9.967266321182250977e-01
9.931082725524902344e-01
9.942709803581237793e-01
9.957838058471679688e-01
9.985712170600891113e-01
9.973553419113159180e-01
9.959130287170410156e-01
