9.173228328044598090e-01
7.730247715058234936e-01
7.010146918205114597e-01
6.862688054724668252e-01
8.699337193113303446e-01
6.028767653669302451e-01
6.179714500904083252e-01
9.352800341752859348e-01
8.511239760197125692e-01
9.604967557466946859e-01
9.316717386245727539e-01
8.649159142604241346e-01
9.048131750180170574e-01
7.643090811772987880e-01
6.748363496019289531e-01
7.741869246730437304e-01
8.228913316359887098e-01
7.615044489502906799e-01
7.213364810897753276e-01
8.782809674739837646e-01
9.121213589723293769e-01
9.779356672213628254e-01
9.502731561660766602e-01
8.683097775165851129e-01
9.204624249384953938e-01
9.579074336932256184e-01
8.952676264139322049e-01
8.959254222707107029e-01
8.948834561384640951e-01
9.691871129549466390e-01
9.588532035167400824e-01
9.834051819948049777e-01
9.753242960342993761e-01
9.764204162817734511e-01
9.645821360441354519e-01
8.985560949032123101e-01
9.413965436128469699e-01
6.719760909842219521e-01
6.154171633892334681e-01
8.884126142813608684e-01
9.886671488101665961e-01
7.075291873457340008e-01
7.063003313512756787e-01
9.367980727782616590e-01
8.921373945016127793e-01
8.999765033905322564e-01
8.745678032820041192e-01
9.574716366254366617e-01
7.803564401916586180e-01
8.833126299656354208e-01
4.887037173970244508e-01
8.187760458542749920e-01
8.295745315173497225e-01
8.331281772026648547e-01
8.682168507232115306e-01
9.374323441432073079e-01
8.115002535856686849e-01
9.530904384759756320e-01
8.763035180476995700e-01
6.601983089573107977e-01
6.610975893686722449e-01
9.042315277485892810e-01
9.509360698553231961e-01
9.638636203912588352e-01
9.745952257743248914e-01
9.532712377034701090e-01
9.555950394043555285e-01
9.413473101762624973e-01
8.693336642418916238e-01
8.437173343618269428e-01
9.325875364817105551e-01
9.497839716764596707e-01
9.746786126723656629e-01
9.752719677411593180e-01
9.581633622829730523e-01
7.477672769186588519e-01
8.610215576795431369e-01
9.101298107550694905e-01
9.525475868811974500e-01
8.512733899630032797e-01
9.443757717426006781e-01
8.110682660570511793e-01
9.394617309937109972e-01
7.855890137501634340e-01
9.731605694844172039e-01
9.204117105557367839e-01
8.571892919448705905e-01
8.203985050607186524e-01
9.722514977821936633e-01
7.547331969611920099e-01
9.476084434069119711e-01
9.061757371975824871e-01
9.605928063392639160e-01
8.702915563033177815e-01
9.601464317395136394e-01
8.620119965993441324e-01
9.759322725809537191e-01
9.599762879885159750e-01
9.667077798109787734e-01
9.580899706253638293e-01
9.568409002744234781e-01
