2.705484926700592041e-01
4.279604852199554443e-01
8.967509865760803223e-02
3.915927559137344360e-02
3.502621501684188843e-02
5.822551250457763672e-01
3.684490621089935303e-01
2.343891113996505737e-01
6.252312064170837402e-01
2.289056032896041870e-01
7.042630016803741455e-02
2.411857098340988159e-01
4.478800296783447266e-01
6.459713727235794067e-02
4.160675704479217529e-01
3.580338358879089355e-01
1.649425625801086426e-01
8.764003217220306396e-02
3.974463641643524170e-01
1.674237400293350220e-01
2.285890281200408936e-01
7.232513427734375000e-01
1.067187450826168060e-02
1.215389221906661987e-01
5.097105503082275391e-01
5.625243782997131348e-01
8.397463709115982056e-03
4.505924880504608154e-02
7.851219773292541504e-01
1.579909026622772217e-01
4.558847844600677490e-02
1.993542015552520752e-01
3.986250162124633789e-01
2.275812178850173950e-01
2.724263966083526611e-01
3.284106031060218811e-02
5.968772806227207184e-03
5.932915210723876953e-01
1.315529197454452515e-01
4.414370749145746231e-03
2.753094136714935303e-01
2.669294178485870361e-01
7.352702319622039795e-02
1.119011789560317993e-01
1.429913192987442017e-01
6.080168485641479492e-01
4.411510229110717773e-01
2.673697173595428467e-01
4.754853434860706329e-03
4.443129897117614746e-01
5.916974544525146484e-01
1.914665549993515015e-01
9.966540150344371796e-03
4.315743863116949797e-04
3.967304229736328125e-01
4.068229794502258301e-01
2.934467233717441559e-02
7.649334669113159180e-01
4.051119387149810791e-01
3.077237010002136230e-01
4.181129038333892822e-01
2.193697262555360794e-03
4.010598659515380859e-01
4.632004797458648682e-01
2.921032905578613281e-01
5.751702561974525452e-02
1.276594866067171097e-02
6.413764953613281250e-01
2.648291885852813721e-01
2.185219526290893555e-01
1.499474328011274338e-02
2.405167520046234131e-01
3.248258680105209351e-02
2.233714163303375244e-01
4.372600466012954712e-03
3.896420821547508240e-03
3.370169699192047119e-01
3.959116339683532715e-01
1.656610867939889431e-03
1.735078096389770508e-01
8.027456402778625488e-01
1.558726429939270020e-01
2.453467808663845062e-02
6.589759141206741333e-02
4.756926596164703369e-01
9.278420358896255493e-02
1.820408739149570465e-02
2.078683972358703613e-01
3.142085857689380646e-03
1.645463556051254272e-01
1.995724588632583618e-01
3.157607279717922211e-03
2.750964462757110596e-02
3.205023109912872314e-01
2.167115211486816406e-01
4.886383563280105591e-02
1.695220358669757843e-02
4.765265621244907379e-03
5.963335037231445312e-01
5.450756475329399109e-02
2.400607988238334656e-02
1.914456784725189209e-01
1.683788560330867767e-02
3.360943496227264404e-02
7.000404875725507736e-03
2.587160468101501465e-01
8.038222789764404297e-01
3.319661617279052734e-01
5.218435544520616531e-03
1.425634138286113739e-02
3.367012441158294678e-01
3.880666792392730713e-01
5.980232954025268555e-01
3.753527104854583740e-01
3.998647630214691162e-01
7.485789060592651367e-01
8.463231474161148071e-02
1.202227547764778137e-03
9.248957782983779907e-02
2.220180481672286987e-01
6.835015118122100830e-02
8.832847326993942261e-02
1.546242982149124146e-01
2.108835875988006592e-01
2.744913101196289062e-01
4.202243089675903320e-01
6.990076303482055664e-01
2.031459808349609375e-01
3.900753334164619446e-02
2.671998441219329834e-01
1.632892712950706482e-02
8.804205805063247681e-02
5.867576003074645996e-01
3.830626308917999268e-01
3.897304460406303406e-02
6.353812664747238159e-02
2.107804417610168457e-01
4.125506281852722168e-01
8.726289868354797363e-02
3.579200506210327148e-01
6.506606936454772949e-02
2.177197635173797607e-01
6.413557529449462891e-01
3.994871862232685089e-03
2.857974767684936523e-01
8.047517538070678711e-01
2.212275564670562744e-01
2.857539057731628418e-02
3.927238658070564270e-02
2.520679235458374023e-01
9.912073612213134766e-01
4.309806823730468750e-01
3.506423905491828918e-02
2.688756398856639862e-02
4.021986722946166992e-01
1.627594828605651855e-01
5.106622353196144104e-02
1.134332641959190369e-01
2.397664040327072144e-01
5.015195608139038086e-01
5.302351713180541992e-01
1.009753048419952393e-01
3.931624293327331543e-01
3.659205734729766846e-01
2.974973618984222412e-01
1.985471397638320923e-01
4.890584573149681091e-02
8.140350133180618286e-02
4.391673803329467773e-01
5.922948122024536133e-01
3.459556102752685547e-01
6.726856231689453125e-01
2.503138780593872070e-01
2.492619492113590240e-02
1.219166144728660583e-01
4.214723035693168640e-02
4.680069386959075928e-01
5.568190813064575195e-01
1.893880665302276611e-01
2.015366405248641968e-01
3.993442952632904053e-01
4.410617053508758545e-01
5.217673778533935547e-01
8.192852837964892387e-04
2.584186792373657227e-01
8.356870710849761963e-02
9.904645383358001709e-02
3.847633721306920052e-03
5.097631365060806274e-02
1.204238161444664001e-01
8.498528599739074707e-02
1.983335018157958984e-01
2.127535492181777954e-01
2.077864259481430054e-01
4.997144937515258789e-01
4.080043137073516846e-01
1.400327496230602264e-02
8.220344781875610352e-01
4.447492305189371109e-03
2.679237127304077148e-01
3.861303254961967468e-02
3.879454135894775391e-01
3.876780271530151367e-01
6.625724583864212036e-02
2.275528460741043091e-01
5.895901322364807129e-01
2.186880558729171753e-01
5.742870569229125977e-01
3.916634321212768555e-01
6.084430962800979614e-02
4.102579355239868164e-01
3.260768353939056396e-01
1.876236647367477417e-01
2.777495086193084717e-01
2.992921471595764160e-01
1.859416440129280090e-02
3.210244178771972656e-01
1.881832331418991089e-01
1.305046975612640381e-01
7.619650959968566895e-01
6.727052330970764160e-01
5.983188748359680176e-01
7.431851327419281006e-02
6.133230924606323242e-01
6.788392066955566406e-01
3.651123642921447754e-01
2.954799681901931763e-02
5.275349617004394531e-01
4.731908440589904785e-01
3.872974216938018799e-01
1.413303054869174957e-02
2.820567414164543152e-02
2.584108412265777588e-01
6.589955091476440430e-01
7.910737991333007812e-01
6.788920611143112183e-03
5.094034969806671143e-02
2.606270313262939453e-01
6.903851032257080078e-01
3.459349274635314941e-02
4.397098720073699951e-01
1.617812961339950562e-01
3.426678180694580078e-01
3.946072235703468323e-02
6.206469261087477207e-04
1.328547894954681396e-01
6.432341039180755615e-02
4.328207373619079590e-01
1.753328740596771240e-02
4.345631599426269531e-01
4.437744617462158203e-01
4.383314847946166992e-01
1.988660693168640137e-01
3.855163753032684326e-01
5.946033596992492676e-01
2.182102203369140625e-01
9.656613320112228394e-02
2.327081561088562012e-01
2.601133473217487335e-02
3.764921724796295166e-01
4.067921638488769531e-01
1.962429843842983246e-02
4.041363596916198730e-01
2.587718367576599121e-01
1.586766242980957031e-01
4.383576661348342896e-02
7.756432294845581055e-01
2.097825258970260620e-01
3.729827702045440674e-01
1.225403994321823120e-01
8.144318312406539917e-02
6.379044651985168457e-01
4.101537466049194336e-01
6.541283130645751953e-01
1.937132142484188080e-02
3.977497816085815430e-01
1.460166424512863159e-01
2.789191603660583496e-01
1.903847092762589455e-03
3.942981958389282227e-01
4.029978215694427490e-01
3.470183908939361572e-01
6.735359430313110352e-01
7.296353578567504883e-02
1.136050224304199219e-01
3.980552256107330322e-01
7.941355705261230469e-01
1.471531391143798828e-01
5.656929016113281250e-01
2.544365227222442627e-01
9.244254231452941895e-02
1.909701377153396606e-01
3.824154138565063477e-01
5.785056352615356445e-01
5.361000299453735352e-01
5.252987742424011230e-01
1.263479888439178467e-01
3.979988098144531250e-01
7.600890398025512695e-01
1.795195043087005615e-01
3.400802910327911377e-01
4.836585521697998047e-01
7.738597691059112549e-02
6.422995775938034058e-02
3.651567921042442322e-02
3.831848204135894775e-01
2.580782473087310791e-01
5.676955580711364746e-01
3.599164187908172607e-01
2.311203330755233765e-01
8.511491119861602783e-03
2.072274684906005859e-01
3.029468059539794922e-01
1.827323734760284424e-01
9.746786355972290039e-01
2.526226937770843506e-01
3.216461837291717529e-02
1.210412979125976562e-01
3.696263767778873444e-03
4.262494444847106934e-01
3.792894780635833740e-01
1.787964105606079102e-01
3.796610534191131592e-01
7.175968289375305176e-01
9.627527594566345215e-01
4.853868484497070312e-01
4.188615083694458008e-01
3.147441893815994263e-02
1.454378962516784668e-01
2.069674879312515259e-01
1.746410853229463100e-03
4.522693902254104614e-02
4.144570529460906982e-01
4.898892939090728760e-01
2.703308686614036560e-02
8.514809422194957733e-03
8.172258734703063965e-02
3.951362967491149902e-01
3.603025674819946289e-01
1.995536088943481445e-01
5.935126543045043945e-01
3.493083715438842773e-01
1.836562901735305786e-02
4.296169281005859375e-01
5.866164565086364746e-01
1.965634822845458984e-01
6.075879931449890137e-01
2.945513930171728134e-03
2.100249528884887695e-01
2.697448134422302246e-01
5.098143815994262695e-01
7.195283174514770508e-01
1.782064437866210938e-01
9.568001031875610352e-01
4.121578931808471680e-01
2.469933358952403069e-03
4.426828622817993164e-01
4.068392217159271240e-01
1.539610028266906738e-01
1.682767868041992188e-01
1.783931255340576172e-01
3.227413594722747803e-01
7.698481678962707520e-01
7.783277630805969238e-01
4.159859418869018555e-01
4.857178032398223877e-01
3.195176124572753906e-01
7.957707047462463379e-01
5.957586169242858887e-01
3.886740207672119141e-01
2.196752429008483887e-01
4.643177688121795654e-01
1.785109043121337891e-01
9.070397936739027500e-04
6.096848249435424805e-01
9.250153303146362305e-01
8.382829427719116211e-01
3.436447978019714355e-01
5.520921945571899414e-01
6.038105487823486328e-01
2.686038613319396973e-01
3.980067372322082520e-01
9.383523464202880859e-02
4.572568237781524658e-01
2.967394590377807617e-01
6.775321960449218750e-01
3.784603253006935120e-02
4.651396721601486206e-02
6.222749948501586914e-01
4.921696484088897705e-01
4.061776697635650635e-01
4.388970136642456055e-01
4.071571230888366699e-01
1.072809398174285889e-01
3.675477504730224609e-01
2.897948771715164185e-02
3.853269815444946289e-01
2.916897833347320557e-01
4.603734910488128662e-01
2.619214821606874466e-03
2.071176320314407349e-01
4.120936393737792969e-01
3.104500174522399902e-01
5.942523479461669922e-01
2.417711615562438965e-01
4.449915289878845215e-01
5.206927061080932617e-01
4.906610846519470215e-01
2.179541885852813721e-01
2.128526121377944946e-01
5.773857831954956055e-01
5.415616035461425781e-01
1.108863297849893570e-02
1.148473285138607025e-02
1.926993131637573242e-01
1.941201984882354736e-01
9.042466878890991211e-01
2.122766375541687012e-01
3.297306001186370850e-01
4.026130139827728271e-01
2.240494489669799805e-01
1.894574910402297974e-01
4.053265750408172607e-01
7.679944038391113281e-01
5.774098634719848633e-01
9.384278953075408936e-02
1.237924955785274506e-02
4.769262969493865967e-01
6.450948119163513184e-01
5.198225378990173340e-01
3.703861832618713379e-01
2.865481376647949219e-01
2.895699739456176758e-01
5.035156607627868652e-01
3.581618666648864746e-01
3.659587800502777100e-01
5.915590524673461914e-01
5.613283514976501465e-01
4.852434992790222168e-01
4.003811776638031006e-01
7.670733332633972168e-01
7.066131830215454102e-01
4.273858964443206787e-01
1.964356601238250732e-01
2.723369002342224121e-01
3.716906011104583740e-01
2.395025193691253662e-01
4.401273727416992188e-01
3.759939968585968018e-01
1.862350702285766602e-01
2.847609221935272217e-01
7.713990211486816406e-01
2.103408565744757652e-03
8.561224341392517090e-01
5.199183821678161621e-01
4.088999629020690918e-01
1.082469299435615540e-01
4.339189231395721436e-01
5.300025343894958496e-01
5.659990906715393066e-01
5.966115593910217285e-01
1.977411955595016479e-01
7.735878229141235352e-01
3.817091882228851318e-01
4.777606725692749023e-01
2.220652252435684204e-01
3.692450523376464844e-01
2.255338281393051147e-01
4.723473489284515381e-01
3.464674949645996094e-01
4.080117344856262207e-01
4.133532643318176270e-01
4.221314489841461182e-01
2.632493972778320312e-01
1.442214250564575195e-01
4.213949739933013916e-01
4.329267740249633789e-01
1.310209333896636963e-01
1.476325467228889465e-02
3.525797650218009949e-02
5.179394483566284180e-01
3.942865133285522461e-01
2.028574198484420776e-01
1.260189898312091827e-02
5.975478142499923706e-02
1.443344401195645332e-03
4.192022606730461121e-03
4.264689050614833832e-03
2.531785666942596436e-01
2.046569287776947021e-01
1.295089488849043846e-03
5.560365971177816391e-04
4.766947031021118164e-02
2.606121301651000977e-01
5.929751992225646973e-01
3.015637397766113281e-01
7.261978462338447571e-03
2.306637763977050781e-01
3.915654495358467102e-03
5.189245939254760742e-02
2.531452290713787079e-02
1.436277329921722412e-01
3.931989893317222595e-02
3.341651521623134613e-03
1.706706546247005463e-02
1.389455888420343399e-02
1.801019608974456787e-01
2.270607203245162964e-01
6.018739938735961914e-01
4.128178989049047232e-04
1.528079509735107422e-01
2.326430678367614746e-01
9.067180799320340157e-04
2.166592925786972046e-01
5.073499679565429688e-01
3.487715125083923340e-01
4.793473053723573685e-03
1.447988115251064301e-02
3.527199923992156982e-01
4.173060059547424316e-01
7.842948436737060547e-01
2.297500669956207275e-01
2.529175877571105957e-01
1.410616785287857056e-01
2.398314923048019409e-01
2.512004971504211426e-01
4.189048707485198975e-01
7.187159657478332520e-01
2.430417239665985107e-01
1.110659260302782059e-02
2.407387830317020416e-02
2.635163664817810059e-01
4.481216669082641602e-01
6.135633587837219238e-01
5.857697129249572754e-01
9.406555444002151489e-03
3.086703717708587646e-01
2.767797410488128662e-01
1.997764408588409424e-01
2.052704949164763093e-04
1.114194188266992569e-02
5.864254236221313477e-01
1.472200453281402588e-02
4.965560045093297958e-03
5.383811518549919128e-02
3.673109114170074463e-01
4.199603199958801270e-01
1.250829845666885376e-01
2.553307451307773590e-02
2.720918878912925720e-02
2.062094062566757202e-01
4.179332256317138672e-01
3.336245194077491760e-02
9.326295554637908936e-02
3.338352441787719727e-01
1.677167136222124100e-03
1.250599026679992676e-01
3.026551306247711182e-01
1.713530570268630981e-01
5.842012763023376465e-01
5.343537330627441406e-01
5.040977895259857178e-02
3.658227026462554932e-01
1.814883798360824585e-01
2.033444195985794067e-01
1.558777992613613605e-03
1.556462608277797699e-02
5.750717520713806152e-01
3.588111838325858116e-03
5.546177737414836884e-03
1.420553475618362427e-01
6.114112213253974915e-02
2.301923930644989014e-01
5.609163045883178711e-01
3.956665992736816406e-01
6.109607815742492676e-01
1.923614740371704102e-01
3.541359305381774902e-01
2.482056850567460060e-03
2.073575705289840698e-01
2.687935233116149902e-01
6.649108529090881348e-01
7.594037335366010666e-03
2.037755250930786133e-01
4.309763908386230469e-01
3.393138349056243896e-01
7.880033254623413086e-01
1.358511298894882202e-01
3.343942761421203613e-01
2.022294402122497559e-01
7.665514349937438965e-01
1.434164047241210938e-01
1.727488636970520020e-01
2.872840166091918945e-01
6.117444634437561035e-01
7.810889655956998467e-05
1.815479546785354614e-01
5.048627257347106934e-01
5.990420579910278320e-01
2.554943263530731201e-01
3.623681841418147087e-03
3.394552469253540039e-01
3.826813995838165283e-01
2.771126925945281982e-01
5.795325152575969696e-03
4.480147957801818848e-01
2.301800698041915894e-01
2.081699073314666748e-01
1.529655791819095612e-02
2.191535979509353638e-01
2.073734551668167114e-01
8.093488812446594238e-01
4.024553596973419189e-01
1.413120031356811523e-01
3.987027406692504883e-01
3.965576291084289551e-01
2.158693671226501465e-01
5.797712132334709167e-03
4.183537065982818604e-01
4.091372191905975342e-01
2.860745489597320557e-01
5.177156534045934677e-03
9.668150544166564941e-02
2.005864828824996948e-01
5.914655923843383789e-01
5.921822786331176758e-01
4.880954511463642120e-03
5.129294991493225098e-01
1.078400835394859314e-01
2.148304730653762817e-01
3.578540384769439697e-01
4.158191978931427002e-01
2.060875147581100464e-01
2.098046708852052689e-03
2.017396241426467896e-01
1.241166293621063232e-01
4.973850846290588379e-01
5.823379755020141602e-01
5.635122656822204590e-01
9.070021915249526501e-04
9.010167121887207031e-01
3.290680646896362305e-01
2.074920833110809326e-01
2.034225016832351685e-01
4.216702580451965332e-01
2.419283092021942139e-01
1.734172105789184570e-01
3.373631536960601807e-01
7.553951144218444824e-01
2.637499570846557617e-01
4.026705920696258545e-01
2.234189212322235107e-01
2.138672620058059692e-01
3.672163486480712891e-01
1.308138966560363770e-01
3.632545173168182373e-01
9.998833388090133667e-02
1.527700871229171753e-01
2.582420110702514648e-01
6.552554666996002197e-03
5.604502744972705841e-03
2.616828083992004395e-01
7.064623758196830750e-03
6.222877502441406250e-01
5.169790238142013550e-03
1.670396924018859863e-01
9.768366813659667969e-01
9.897233918309211731e-03
2.086774557828903198e-01
3.884654045104980469e-01
2.007055729627609253e-01
8.598708547651767731e-03
4.001994431018829346e-01
2.453928738832473755e-01
5.626336857676506042e-02
4.407273530960083008e-01
3.152732849121093750e-01
3.961857259273529053e-01
2.098807841539382935e-01
5.294445753097534180e-01
3.251823782920837402e-01
2.066307067871093750e-01
3.945627212524414062e-01
6.180854439735412598e-01
1.776073276996612549e-01
1.788519024848937988e-01
2.032135054469108582e-02
2.528297305107116699e-01
7.352997362613677979e-02
5.988595485687255859e-01
7.832226157188415527e-01
2.411212772130966187e-01
3.786208927631378174e-01
2.015233486890792847e-01
1.471031308174133301e-01
3.998031318187713623e-01
1.546407490968704224e-01
4.077643156051635742e-01
1.984042674303054810e-01
1.898370385169982910e-01
3.073616623878479004e-01
9.806767702102661133e-01
4.152860939502716064e-01
5.823994874954223633e-01
9.833888150751590729e-03
3.675163984298706055e-01
4.123584032058715820e-01
3.991197347640991211e-01
1.922545582056045532e-01
6.397288441658020020e-01
5.692497640848159790e-02
4.076499640941619873e-01
1.885613054037094116e-02
2.481836527585983276e-01
4.206970632076263428e-01
4.634268283843994141e-01
1.947498470544815063e-01
3.888097703456878662e-01
5.975493788719177246e-01
6.009963154792785645e-01
2.552556693553924561e-01
2.060932815074920654e-01
1.367678791284561157e-01
7.508446574211120605e-01
4.326368570327758789e-01
4.006062150001525879e-01
3.934335112571716309e-01
2.633442282676696777e-01
5.971242785453796387e-01
3.982426226139068604e-01
2.309336960315704346e-01
7.532606720924377441e-01
1.938775479793548584e-01
2.450314760208129883e-01
3.965802192687988281e-01
3.709396421909332275e-01
5.260111689567565918e-01
3.662324696779251099e-02
3.236535191535949707e-02
1.939109861850738525e-01
2.162877023220062256e-01
7.507544755935668945e-01
3.937129080295562744e-01
3.882038174197077751e-03
2.118115872144699097e-01
2.843739390373229980e-01
1.774818003177642822e-01
3.969327509403228760e-01
4.323986172676086426e-01
4.879986643791198730e-01
6.248003840446472168e-01
1.973956078290939331e-01
4.605296850204467773e-01
3.541952967643737793e-01
5.440703630447387695e-01
1.165978536009788513e-01
1.075764745473861694e-02
6.060594320297241211e-01
2.058076411485671997e-01
4.842035770416259766e-01
8.521451950073242188e-01
6.331035494804382324e-02
1.788488626480102539e-01
3.797422945499420166e-01
2.235473692417144775e-01
5.513904690742492676e-01
1.440407633781433105e-01
5.014081597328186035e-01
9.602900245226919651e-04
1.217091009020805359e-01
5.282881259918212891e-01
5.449259281158447266e-01
2.585519850254058838e-02
4.300286173820495605e-01
1.507841795682907104e-02
2.015110403299331665e-01
1.077810395509004593e-02
2.640471048653125763e-02
4.452480077743530273e-01
2.385893762111663818e-01
3.965348303318023682e-01
5.849239826202392578e-01
1.998079866170883179e-01
6.176811456680297852e-01
9.104019403457641602e-02
3.870356886181980371e-04
5.637484192848205566e-01
1.267555076628923416e-02
2.975167334079742432e-01
7.640149444341659546e-03
1.155819371342658997e-02
1.277178376913070679e-01
1.614700704813003540e-01
3.112651705741882324e-01
3.935714960098266602e-01
1.912311464548110962e-01
5.951020121574401855e-01
2.528402805328369141e-01
1.113034859299659729e-01
2.034615278244018555e-01
4.677590131759643555e-01
9.207606315612792969e-02
1.502278074622154236e-02
4.390140175819396973e-01
3.981865644454956055e-01
4.869441390037536621e-01
5.918998122215270996e-01
8.996607735753059387e-03
1.988009214401245117e-01
4.203963577747344971e-01
1.000846773386001587e-01
9.568214591126888990e-05
1.127360984683036804e-01
7.902632951736450195e-01
1.439954340457916260e-01
1.411333978176116943e-01
2.280008494853973389e-01
3.996199667453765869e-01
2.031757682561874390e-01
5.965113043785095215e-01
5.736758112907409668e-01
3.615053603425621986e-03
5.998492836952209473e-01
3.088906109333038330e-01
3.201808407902717590e-02
3.976696133613586426e-01
6.185094714164733887e-01
1.238594129681587219e-01
3.478598594665527344e-01
1.209543086588382721e-02
1.954113245010375977e-01
3.872696757316589355e-01
4.032787382602691650e-01
3.261452913284301758e-01
3.798773884773254395e-01
6.244873404502868652e-01
3.998420834541320801e-01
3.553155660629272461e-01
3.941094577312469482e-01
6.902260780334472656e-01
3.011752367019653320e-01
3.832327723503112793e-01
5.662429612129926682e-03
1.965869367122650146e-01
1.658906042575836182e-01
6.987523436546325684e-01
1.945174932479858398e-01
5.025696381926536560e-02
2.322506755590438843e-01
4.197528064250946045e-01
3.467057943344116211e-01
3.979820013046264648e-01
7.906818389892578125e-01
3.866861462593078613e-01
2.103664726018905640e-01
3.899647891521453857e-01
3.138292431831359863e-01
9.854667633771896362e-02
4.041504561901092529e-01
5.591284632682800293e-01
3.673729952424764633e-03
6.131720542907714844e-01
4.611893296241760254e-01
1.092783827334642410e-02
5.575535893440246582e-01
5.768753290176391602e-01
5.646950006484985352e-01
4.232469797134399414e-01
1.968466192483901978e-01
9.958909451961517334e-02
2.173501700162887573e-01
6.388080716133117676e-01
2.029900997877120972e-01
1.068882737308740616e-02
3.717091083526611328e-01
5.709575414657592773e-01
8.056319504976272583e-02
2.531127035617828369e-01
4.126235544681549072e-01
1.992273628711700439e-01
1.616688794456422329e-03
1.677329540252685547e-01
2.289586216211318970e-01
2.373201102018356323e-01
4.814708828926086426e-01
3.934754133224487305e-01
1.156086567789316177e-03
7.099741697311401367e-01
6.488745212554931641e-01
3.626156449317932129e-01
3.838608264923095703e-01
1.426697820425033569e-01
2.768373489379882812e-01
1.085086259990930557e-02
3.989239037036895752e-02
5.893530845642089844e-01
3.509144783020019531e-01
9.800622463226318359e-01
2.590104341506958008e-01
3.942554295063018799e-01
6.094626188278198242e-01
3.210857808589935303e-01
2.018765956163406372e-01
3.553758263587951660e-01
6.652022600173950195e-01
2.581341564655303955e-01
1.135799940675497055e-02
4.805312156677246094e-01
5.943093299865722656e-01
1.499435305595397949e-01
5.902069211006164551e-01
5.540292710065841675e-03
2.806349191814661026e-03
7.103657722473144531e-01
5.444185733795166016e-01
4.037599861621856689e-01
4.115338027477264404e-01
5.928941965103149414e-01
5.867455005645751953e-01
1.899666786193847656e-01
1.016236096620559692e-01
5.805680751800537109e-01
9.735411405563354492e-01
4.483170807361602783e-01
2.842852771282196045e-01
2.146900631487369537e-03
4.139160215854644775e-01
2.212076485157012939e-01
2.208477258682250977e-01
5.073403716087341309e-01
2.009682953357696533e-01
4.234426319599151611e-01
7.079336643218994141e-01
2.292814292013645172e-02
5.295450687408447266e-01
6.292784214019775391e-01
5.858403444290161133e-01
3.859859108924865723e-01
1.451608957722783089e-03
6.132779121398925781e-01
2.578732371330261230e-01
2.909988760948181152e-01
3.896921277046203613e-01
7.662637233734130859e-01
4.527112245559692383e-01
7.693616151809692383e-01
1.957921087741851807e-01
4.019223153591156006e-01
4.258092641830444336e-01
6.565492749214172363e-01
3.518458008766174316e-01
1.949495822191238403e-01
5.694237947463989258e-01
7.568310499191284180e-01
1.222906261682510376e-01
9.524483680725097656e-01
4.000416100025177002e-01
2.066084146499633789e-01
4.093643426895141602e-01
7.469466421753168106e-03
3.719637989997863770e-01
4.436854422092437744e-01
6.340504288673400879e-01
3.658411204814910889e-01
1.445390866138041019e-03
6.905154585838317871e-01
4.432921409606933594e-01
7.882252931594848633e-01
3.981133997440338135e-01
3.560137152671813965e-01
8.698614239692687988e-01
3.143606781959533691e-01
9.912053123116493225e-03
3.835462331771850586e-01
7.856934070587158203e-01
5.926633477210998535e-01
2.248486429452896118e-01
3.071571700274944305e-03
5.774531960487365723e-01
2.046215534210205078e-01
2.068767547607421875e-01
4.945631921291351318e-01
4.307912588119506836e-01
5.117978528141975403e-02
1.247508800588548183e-03
6.609239615499973297e-03
5.774928629398345947e-02
5.371680855751037598e-01
4.035665094852447510e-01
2.616734504699707031e-01
2.385182380676269531e-01
2.238000184297561646e-01
4.686692357063293457e-01
8.135999441146850586e-01
4.198738932609558105e-02
4.220711588859558105e-01
2.161412872374057770e-02
9.968538768589496613e-03
2.991556562483310699e-02
3.240591287612915039e-02
6.367211788892745972e-02
5.101141929626464844e-01
3.996098637580871582e-01
3.509482443332672119e-01
5.815681815147399902e-02
2.456794083118438721e-01
6.325767040252685547e-01
7.752586603164672852e-01
8.254107832908630371e-01
5.810055136680603027e-01
5.936676170676946640e-03
2.203824967145919800e-01
2.369132936000823975e-01
1.783858239650726318e-01
7.834860682487487793e-01
2.311009764671325684e-01
4.438366368412971497e-02
4.186558723449707031e-01
2.395956665277481079e-01
4.093827605247497559e-01
4.464859962463378906e-01
3.771990537643432617e-01
4.917675256729125977e-01
3.959496617317199707e-01
6.304397433996200562e-02
2.606158256530761719e-01
5.365371108055114746e-01
4.830258786678314209e-01
3.916198611259460449e-01
1.873691082000732422e-01
7.133710384368896484e-01
6.346320509910583496e-01
6.946159005165100098e-01
5.961661934852600098e-01
3.828265070915222168e-01
3.680132627487182617e-01
3.642384707927703857e-02
8.348078280687332153e-02
1.151701062917709351e-02
5.853564739227294922e-01
3.599128127098083496e-01
3.917545378208160400e-01
6.114028692245483398e-01
5.373240709304809570e-01
6.352126598358154297e-01
2.826100587844848633e-01
2.437264621257781982e-01
1.669252365827560425e-01
6.179593801498413086e-01
5.363622903823852539e-01
3.438025480136275291e-03
1.534342914819717407e-01
1.487253755331039429e-01
5.980430841445922852e-01
1.654652506113052368e-02
1.091986745595932007e-01
3.110072314739227295e-01
5.973428487777709961e-01
2.139052301645278931e-01
2.219182103872299194e-01
3.609277904033660889e-01
4.290167391300201416e-01
1.610587984323501587e-01
6.061287596821784973e-03
4.101358652114868164e-01
1.804716140031814575e-01
4.130862355232238770e-01
3.317846357822418213e-01
1.039550304412841797e-01
6.376863718032836914e-01
2.280125468969345093e-01
6.911339759826660156e-01
4.310880601406097412e-01
3.853136301040649414e-01
3.688026964664459229e-01
9.019848075695335865e-04
1.982050687074661255e-01
4.988845065236091614e-02
2.544214017689228058e-02
2.882853746414184570e-01
7.138541936874389648e-01
6.445093452930450439e-02
6.323567032814025879e-01
1.615284234285354614e-01
2.208785563707351685e-01
3.545535206794738770e-01
3.544749021530151367e-01
4.166517853736877441e-01
3.958538174629211426e-02
1.848907768726348877e-02
4.340584948658943176e-02
2.211472839117050171e-01
4.047360718250274658e-01
1.352011412382125854e-01
3.361658193171024323e-03
5.948809385299682617e-01
5.864065885543823242e-01
4.705540537834167480e-01
4.000171720981597900e-01
4.423229396343231201e-01
1.997815370559692383e-01
1.400336772203445435e-01
4.434587899595499039e-04
9.211467579007148743e-03
6.605220586061477661e-02
6.986582875251770020e-01
2.593323290348052979e-01
5.492240935564041138e-02
2.281819432973861694e-01
3.294811397790908813e-02
1.977287083864212036e-01
2.315382659435272217e-02
3.649886548519134521e-01
2.410247772932052612e-01
5.259271338582038879e-02
2.180168330669403076e-01
2.000366598367691040e-01
1.692619323730468750e-01
2.541392445564270020e-01
3.682579398155212402e-01
5.692396312952041626e-03
5.417061448097229004e-01
6.038815379142761230e-01
5.783268809318542480e-01
2.671384951099753380e-03
2.686538100242614746e-01
2.582004964351654053e-01
2.337398678064346313e-01
3.936049342155456543e-01
6.113121658563613892e-02
2.324135750532150269e-01
2.095820158720016479e-01
3.885039687156677246e-01
2.175579667091369629e-01
7.685058116912841797e-01
8.820074796676635742e-02
4.714632630348205566e-01
2.018770426511764526e-01
3.098124563694000244e-01
1.167531162500381470e-01
1.779516190290451050e-01
4.344975054264068604e-01
4.126335680484771729e-01
8.868167549371719360e-02
7.898422479629516602e-01
1.942697614431381226e-01
4.818342924118041992e-01
2.581033483147621155e-02
4.081449210643768311e-01
6.429816484451293945e-01
2.189950048923492432e-01
3.612813949584960938e-01
7.880393266677856445e-01
2.357014417648315430e-01
2.755797095596790314e-02
3.176555410027503967e-02
1.291074305772781372e-01
2.824077904224395752e-01
2.803552150726318359e-01
1.619926542043685913e-01
4.129841327667236328e-01
2.812912166118621826e-01
3.992095887660980225e-01
6.417792756110429764e-03
4.990237355232238770e-01
4.231595695018768311e-01
2.097983658313751221e-01
3.537325188517570496e-03
6.413479894399642944e-02
2.894149124622344971e-01
5.982413887977600098e-01
3.700145483016967773e-01
1.951181888580322266e-01
1.892407387495040894e-01
1.687769144773483276e-01
5.426526665687561035e-01
2.269444167613983154e-01
2.154324054718017578e-01
3.860681951045989990e-01
1.966032683849334717e-01
2.124972194433212280e-01
2.257833778858184814e-01
2.124154120683670044e-01
6.298794150352478027e-01
1.910651475191116333e-01
7.421340048313140869e-02
9.854944944381713867e-01
2.057406008243560791e-01
6.077564954757690430e-01
2.152043581008911133e-01
4.922082424163818359e-01
3.906421065330505371e-01
3.608115911483764648e-01
2.022728770971298218e-01
6.131752729415893555e-01
2.003026604652404785e-01
4.424322247505187988e-01
7.181871533393859863e-01
2.015552520751953125e-01
7.399934530258178711e-01
6.605811119079589844e-01
1.099687963724136353e-01
2.031084448099136353e-01
5.795814394950866699e-01
6.019307971000671387e-01
2.770759463310241699e-01
4.192217811942100525e-02
8.032909631729125977e-01
5.463786125183105469e-01
5.960204005241394043e-01
3.003839850425720215e-01
2.805248077493160963e-04
6.938034892082214355e-01
5.617471933364868164e-01
4.958433508872985840e-01
2.819469869136810303e-01
2.162200212478637695e-01
3.678318858146667480e-01
5.250743627548217773e-01
6.006885319948196411e-03
2.671073079109191895e-01
2.841918962076306343e-03
2.093145102262496948e-01
3.463825583457946777e-01
1.956279873847961426e-01
4.348317384719848633e-01
6.494763493537902832e-01
4.391357004642486572e-01
2.003588378429412842e-01
2.072947174310684204e-01
4.325584471225738525e-01
4.042765796184539795e-01
2.377460896968841553e-01
2.140971124172210693e-01
6.154721975326538086e-01
6.033217906951904297e-01
3.483282923698425293e-01
2.597853541374206543e-02
5.540869235992431641e-01
4.687558114528656006e-01
5.813394784927368164e-01
4.221141636371612549e-01
2.850681543350219727e-01
2.281980812549591064e-01
7.724192142486572266e-01
7.521536350250244141e-01
2.528798282146453857e-01
6.831408739089965820e-01
3.585363030433654785e-01
6.480674147605895996e-01
1.378146349452435970e-03
3.821855187416076660e-01
4.778001084923744202e-02
3.761619627475738525e-01
2.018173187971115112e-01
4.794880747795104980e-01
4.810075461864471436e-01
2.859378755092620850e-01
1.924872249364852905e-01
6.673677265644073486e-02
5.075526833534240723e-01
4.046871066093444824e-01
1.919979602098464966e-01
2.679491974413394928e-02
5.998921990394592285e-01
4.942948818206787109e-01
2.473181188106536865e-01
9.087844938039779663e-02
6.898967549204826355e-04
5.927960872650146484e-01
3.323801755905151367e-01
3.001017309725284576e-02
2.120371907949447632e-01
3.353339135646820068e-01
5.924944877624511719e-01
2.324805259704589844e-01
2.075873911380767822e-01
5.369200110435485840e-01
3.186336755752563477e-01
3.027660846710205078e-01
2.530298531055450439e-01
4.637558758258819580e-01
5.791957974433898926e-01
4.828329682350158691e-01
2.896017134189605713e-01
2.553584519773721695e-03
2.745988070964813232e-01
5.190626382827758789e-01
2.174407690763473511e-01
1.629380322992801666e-02
8.018336296081542969e-01
4.588367938995361328e-01
6.195590496063232422e-01
3.725297152996063232e-01
2.569618523120880127e-01
5.749178528785705566e-01
4.243757426738739014e-01
4.007819890975952148e-01
1.074735149741172791e-01
3.442480266094207764e-01
4.603749513626098633e-01
3.929684758186340332e-01
3.545122444629669189e-01
6.639078855514526367e-01
3.678209185600280762e-01
2.133812606334686279e-01
5.380889400839805603e-02
7.087475061416625977e-01
5.296491384506225586e-01
2.227258533239364624e-01
9.082515239715576172e-01
3.582778945565223694e-02
5.110317468643188477e-01
