9.809097051620483398e-01
9.980782866477966309e-01
3.037043809890747070e-01
9.771337509155273438e-01
9.929271936416625977e-01
9.599549770355224609e-01
9.917827248573303223e-01
9.926438927650451660e-01
9.821267724037170410e-01
9.253818988800048828e-01
9.896560311317443848e-01
9.639933109283447266e-01
8.669039011001586914e-01
2.827324531972408295e-02
9.990424513816833496e-01
9.939309358596801758e-01
9.920300245285034180e-01
9.710082411766052246e-01
9.082762598991394043e-01
9.524413943290710449e-01
9.262273311614990234e-01
9.078902006149291992e-01
5.954370498657226562e-01
5.335319638252258301e-01
5.842896699905395508e-01
6.569432616233825684e-01
1.522562205791473389e-01
3.631432354450225830e-02
9.963301420211791992e-01
1.172373145818710327e-01
2.115845829248428345e-01
9.884561896324157715e-01
8.781858682632446289e-01
9.734352231025695801e-01
7.850863933563232422e-01
9.765278697013854980e-01
9.992932081222534180e-01
9.990797638893127441e-01
9.994038939476013184e-01
2.236322499811649323e-03
3.642861964181065559e-03
9.988668560981750488e-01
5.043239519000053406e-02
2.534474432468414307e-02
9.759270548820495605e-01
9.542718529701232910e-01
9.957330226898193359e-01
9.679014086723327637e-01
9.527782797813415527e-01
9.986894130706787109e-01
9.964733123779296875e-01
9.991969466209411621e-01
5.333855152130126953e-01
1.458459737477824092e-04
9.994143843650817871e-01
9.362815618515014648e-01
9.521505832672119141e-01
9.746480584144592285e-01
9.941429495811462402e-01
9.908181428909301758e-01
9.885697364807128906e-01
9.611445069313049316e-01
9.888216853141784668e-01
9.905521273612976074e-01
9.990632534027099609e-01
2.432830333709716797e-01
5.851231813430786133e-01
9.994643926620483398e-01
9.227374196052551270e-01
3.921915888786315918e-01
6.343769431114196777e-01
2.457034736871719360e-01
9.936087131500244141e-01
9.906517863273620605e-01
1.880346424877643585e-02
1.373545676469802856e-01
8.603684902191162109e-01
8.137308955192565918e-01
1.949283331632614136e-01
1.563886851072311401e-01
9.994506239891052246e-01
7.269791960716247559e-01
9.237903952598571777e-01
3.948940336704254150e-01
9.862540364265441895e-01
2.835018634796142578e-01
6.394006013870239258e-01
9.884046316146850586e-01
9.897103309631347656e-01
3.466044664382934570e-01
4.033216536045074463e-01
6.265614628791809082e-01
8.705969452857971191e-01
9.994285106658935547e-01
8.953876495361328125e-01
9.556311964988708496e-01
9.892381429672241211e-01
9.837427735328674316e-01
9.953694939613342285e-01
8.807197213172912598e-01
9.638198018074035645e-01
9.991870522499084473e-01
9.994238615036010742e-01
9.995338320732116699e-01
1.970697790384292603e-01
9.293706417083740234e-01
9.992711544036865234e-01
7.304021716117858887e-01
8.818752765655517578e-01
4.094969630241394043e-01
9.784996509552001953e-01
9.941977262496948242e-01
9.885841012001037598e-01
9.660508632659912109e-01
9.905056953430175781e-01
9.994853734970092773e-01
9.998022913932800293e-01
7.600870728492736816e-01
9.444189667701721191e-01
9.993972182273864746e-01
9.841620922088623047e-01
9.798668026924133301e-01
9.620800018310546875e-01
9.650337696075439453e-01
9.911560416221618652e-01
9.922466278076171875e-01
9.742045402526855469e-01
9.783056974411010742e-01
9.692623019218444824e-01
9.862366914749145508e-01
6.533418297767639160e-01
9.537473320960998535e-01
9.992401003837585449e-01
9.808601140975952148e-01
9.324649572372436523e-01
8.906611204147338867e-01
9.742740392684936523e-01
9.913015365600585938e-01
9.948545098304748535e-01
9.850327372550964355e-01
9.313053488731384277e-01
9.008630514144897461e-01
9.237859249114990234e-01
2.924210727214813232e-01
9.739705920219421387e-01
9.986663460731506348e-01
8.678601980209350586e-01
9.181768298149108887e-01
9.907778501510620117e-01
9.558871984481811523e-01
9.793583750724792480e-01
9.508080482482910156e-01
9.866142868995666504e-01
8.736770153045654297e-01
7.924392223358154297e-01
6.632498502731323242e-01
8.523629307746887207e-01
9.723587036132812500e-01
9.993326663970947266e-01
9.878193736076354980e-01
9.929508566856384277e-01
9.799240231513977051e-01
9.332193732261657715e-01
9.617528319358825684e-01
9.253706336021423340e-01
7.511865496635437012e-01
8.684787154197692871e-01
8.968963027000427246e-01
6.409183144569396973e-01
9.621762037277221680e-01
9.879879355430603027e-01
9.942465424537658691e-01
9.927815198898315430e-01
9.897065758705139160e-01
8.723363280296325684e-01
9.172207713127136230e-01
9.793083071708679199e-01
9.928942322731018066e-01
9.058006107807159424e-02
2.902123890817165375e-02
2.280258089303970337e-01
8.997325301170349121e-01
9.994082450866699219e-01
4.732476174831390381e-02
9.986771941184997559e-01
8.005485534667968750e-01
7.612090557813644409e-02
2.622607350349426270e-01
9.693381190299987793e-01
8.939249515533447266e-01
8.359580039978027344e-01
1.309633255004882812e-01
7.657523155212402344e-01
9.935470819473266602e-01
9.990483522415161133e-01
6.484765559434890747e-02
2.001523077487945557e-01
9.889868497848510742e-01
2.383421361446380615e-02
9.093497991561889648e-01
9.869493842124938965e-01
9.866153597831726074e-01
9.860945940017700195e-01
9.822039008140563965e-01
9.709385037422180176e-01
9.886510968208312988e-01
9.870378971099853516e-01
9.887684583663940430e-01
4.063177406787872314e-01
1.997194290161132812e-01
9.886975288391113281e-01
9.769815802574157715e-01
3.339725434780120850e-01
9.746981859207153320e-01
9.967293143272399902e-01
9.950421452522277832e-01
8.761125206947326660e-01
9.551841020584106445e-01
9.956669211387634277e-01
9.986200928688049316e-01
9.998452067375183105e-01
9.828056693077087402e-01
1.491448879241943359e-01
9.801449775695800781e-01
9.997443556785583496e-01
9.813090562820434570e-01
2.781436443328857422e-01
9.451442956924438477e-01
9.921177625656127930e-01
9.933941960334777832e-01
6.755048781633377075e-02
5.399328470230102539e-01
9.967703223228454590e-01
9.933553338050842285e-01
9.756138324737548828e-01
5.563251972198486328e-01
9.823045730590820312e-01
9.403783679008483887e-01
9.637134075164794922e-01
5.430273413658142090e-01
9.738363623619079590e-01
7.219714522361755371e-01
4.603013396263122559e-01
9.805024862289428711e-01
9.783735275268554688e-01
1.782702654600143433e-01
1.227561011910438538e-01
9.604985117912292480e-01
4.396649897098541260e-01
9.865318536758422852e-01
7.246208786964416504e-01
9.707878232002258301e-01
5.967040657997131348e-01
9.779634475708007812e-01
9.959148764610290527e-01
7.978356480598449707e-01
9.681501984596252441e-01
9.994117617607116699e-01
9.997295141220092773e-01
9.998390078544616699e-01
9.739373922348022461e-01
2.245375961065292358e-01
9.844772219657897949e-01
9.853917956352233887e-01
9.872741699218750000e-01
7.907751202583312988e-01
9.604105949401855469e-01
9.920217990875244141e-01
9.926475286483764648e-01
9.701308608055114746e-01
9.963283538818359375e-01
9.997609853744506836e-01
9.998842477798461914e-01
9.707337021827697754e-01
9.200242757797241211e-01
9.862018823623657227e-01
9.910112023353576660e-01
9.872511625289916992e-01
9.833641052246093750e-01
9.463191628456115723e-01
9.877324700355529785e-01
9.934975504875183105e-01
9.894378185272216797e-01
9.720264673233032227e-01
9.886515736579895020e-01
9.969123005867004395e-01
6.764089465141296387e-01
9.397232532501220703e-01
9.876708984375000000e-01
9.795671105384826660e-01
9.718856811523437500e-01
9.874763488769531250e-01
9.560194015502929688e-01
9.899541139602661133e-01
9.947690963745117188e-01
9.919426441192626953e-01
9.264994859695434570e-01
9.706230759620666504e-01
9.810109734535217285e-01
4.250219166278839111e-01
9.562277793884277344e-01
9.895483255386352539e-01
9.896721839904785156e-01
9.912163019180297852e-01
9.835020899772644043e-01
9.599469304084777832e-01
9.610342979431152344e-01
9.743018150329589844e-01
9.901720285415649414e-01
8.786782622337341309e-01
3.662283718585968018e-01
8.224768042564392090e-01
9.644081592559814453e-01
9.315092563629150391e-01
9.881520271301269531e-01
9.927908182144165039e-01
9.926503300666809082e-01
9.875363707542419434e-01
9.125465750694274902e-01
9.840534925460815430e-01
9.597246646881103516e-01
9.533300399780273438e-01
7.849221825599670410e-01
6.590035557746887207e-01
8.553840517997741699e-01
9.992845058441162109e-01
9.871512055397033691e-01
9.887797832489013672e-01
9.988291859626770020e-01
9.960594773292541504e-01
7.020694613456726074e-01
9.935576915740966797e-01
9.862664341926574707e-01
9.742297530174255371e-01
8.764458894729614258e-01
9.933624863624572754e-01
9.607836604118347168e-01
9.959771037101745605e-01
4.002582132816314697e-01
9.752939343452453613e-01
9.896314144134521484e-01
8.074718713760375977e-01
7.676031589508056641e-01
9.880427122116088867e-01
9.828276038169860840e-01
9.801634550094604492e-01
9.629315733909606934e-01
9.724779129028320312e-01
9.880709052085876465e-01
8.412429690361022949e-01
9.824634194374084473e-01
8.457069993019104004e-01
9.377957582473754883e-01
9.871723651885986328e-01
9.715900421142578125e-01
2.737118490040302277e-02
9.758260846138000488e-01
9.951258301734924316e-01
9.922174215316772461e-01
9.666191339492797852e-01
9.614264369010925293e-01
9.927028417587280273e-01
9.943199157714843750e-01
9.991564750671386719e-01
8.899490833282470703e-01
9.241339564323425293e-01
9.854596853256225586e-01
9.475480318069458008e-01
3.262799680233001709e-01
9.637690186500549316e-01
9.932903647422790527e-01
6.489901542663574219e-01
9.790433049201965332e-01
9.852737188339233398e-01
9.948562383651733398e-01
9.977904558181762695e-01
9.971009492874145508e-01
9.853226542472839355e-01
9.794737696647644043e-01
9.478968381881713867e-01
9.930480122566223145e-01
9.940592050552368164e-01
9.886235594749450684e-01
9.925040602684020996e-01
9.887982606887817383e-01
9.748645424842834473e-01
7.659422159194946289e-01
9.934818148612976074e-01
9.976739883422851562e-01
9.977435469627380371e-01
9.020480513572692871e-01
9.798396825790405273e-01
9.663451910018920898e-01
9.808013439178466797e-01
9.991218447685241699e-01
9.974668622016906738e-01
9.763081669807434082e-01
9.895158410072326660e-01
9.950329065322875977e-01
9.790647029876708984e-01
9.707407355308532715e-01
8.046854138374328613e-01
9.241209030151367188e-01
9.510081410408020020e-01
9.765037298202514648e-01
9.757467508316040039e-01
9.785211086273193359e-01
9.944890141487121582e-01
9.995529055595397949e-01
9.721950888633728027e-01
9.602380990982055664e-01
9.984798431396484375e-01
9.820712804794311523e-01
9.989407658576965332e-01
9.991503357887268066e-01
9.973703026771545410e-01
9.792287349700927734e-01
9.777781963348388672e-01
9.554064869880676270e-01
9.909824132919311523e-01
9.955048561096191406e-01
9.852631688117980957e-01
9.277269244194030762e-01
9.911509156227111816e-01
9.856198430061340332e-01
9.838399291038513184e-01
9.942383170127868652e-01
9.398394823074340820e-01
9.726365804672241211e-01
9.418904185295104980e-01
9.666678309440612793e-01
9.747596383094787598e-01
9.915791153907775879e-01
9.925023913383483887e-01
9.894427657127380371e-01
9.148119091987609863e-01
9.887439608573913574e-01
9.899997115135192871e-01
9.674300551414489746e-01
9.882097244262695312e-01
9.896483421325683594e-01
9.977795481681823730e-01
8.118541836738586426e-01
9.522036314010620117e-01
9.808388948440551758e-01
9.886440634727478027e-01
9.925461411476135254e-01
9.895997643470764160e-01
9.469389915466308594e-01
9.881599545478820801e-01
9.950750470161437988e-01
9.933450222015380859e-01
9.488468766212463379e-01
9.627105593681335449e-01
9.888046383857727051e-01
6.423903107643127441e-01
9.626206159591674805e-01
9.867863655090332031e-01
9.906859993934631348e-01
9.918052554130554199e-01
9.817968010902404785e-01
9.492130875587463379e-01
9.834095239639282227e-01
9.731051921844482422e-01
9.879601597785949707e-01
9.087308645248413086e-01
5.717387795448303223e-01
7.509862780570983887e-01
9.587970376014709473e-01
9.703060388565063477e-01
9.853197336196899414e-01
9.928347468376159668e-01
9.893895387649536133e-01
9.665447473526000977e-01
8.341758251190185547e-01
9.824429750442504883e-01
9.641948342323303223e-01
9.394710659980773926e-01
8.584669828414916992e-01
9.506616592407226562e-01
8.455498814582824707e-01
9.993910193443298340e-01
9.990946650505065918e-01
9.938871860504150391e-01
6.498171687126159668e-01
9.996768832206726074e-01
4.702878941316157579e-04
1.244177520275115967e-01
9.626232385635375977e-01
9.968159794807434082e-01
3.475204342976212502e-03
1.039609033614397049e-02
9.961361289024353027e-01
9.994875788688659668e-01
9.986420869827270508e-01
9.853505492210388184e-01
9.752304553985595703e-01
4.176721274852752686e-01
9.874526262283325195e-01
2.118930071592330933e-01
9.691509008407592773e-01
8.350763469934463501e-02
2.032842487096786499e-02
8.447568416595458984e-01
9.946838617324829102e-01
4.868334531784057617e-01
2.492115460336208344e-02
9.977033734321594238e-01
9.799764752388000488e-01
9.532095789909362793e-01
8.359038829803466797e-01
9.958381652832031250e-01
6.921458244323730469e-01
9.825962781906127930e-01
9.949353337287902832e-01
2.296262532472610474e-01
9.464796781539916992e-01
9.553256630897521973e-01
9.916221499443054199e-01
9.940013289451599121e-01
9.992346763610839844e-01
9.865623712539672852e-01
9.805239439010620117e-01
9.773104190826416016e-01
9.955639839172363281e-01
9.951968789100646973e-01
9.931516051292419434e-01
9.914187192916870117e-01
9.920244812965393066e-01
9.536909461021423340e-01
9.924504756927490234e-01
9.975982308387756348e-01
9.979462027549743652e-01
9.882006049156188965e-01
9.399245977401733398e-01
9.096220135688781738e-01
2.602646313607692719e-02
7.999267429113388062e-02
9.942028522491455078e-01
8.476201444864273071e-03
8.258935213088989258e-01
9.963679313659667969e-01
7.888941764831542969e-01
7.911127805709838867e-01
8.643829822540283203e-01
9.847826361656188965e-01
9.959514737129211426e-01
9.774509072303771973e-01
9.539460539817810059e-01
1.647502630949020386e-01
9.944567084312438965e-01
9.970325827598571777e-01
3.533500432968139648e-01
9.604959487915039062e-01
9.974616765975952148e-01
9.538261294364929199e-01
8.075718879699707031e-01
6.679262034595012665e-03
1.893137022852897644e-02
9.963911175727844238e-01
9.756364226341247559e-01
9.459991455078125000e-01
9.728364348411560059e-01
9.948755502700805664e-01
9.733976125717163086e-01
8.010542392730712891e-01
9.858046770095825195e-01
9.939631223678588867e-01
9.648864269256591797e-01
9.978156685829162598e-01
7.268448472023010254e-01
8.488696813583374023e-01
9.992685317993164062e-01
9.784529805183410645e-01
6.673557162284851074e-01
9.948059916496276855e-01
9.703963994979858398e-01
8.572029471397399902e-01
6.523772478103637695e-01
9.937185645103454590e-01
9.724674224853515625e-01
7.686977386474609375e-01
9.853304624557495117e-01
7.658140063285827637e-01
9.918981194496154785e-01
9.990235567092895508e-01
9.863723516464233398e-01
9.761419296264648438e-01
9.796058535575866699e-01
9.930555224418640137e-01
9.969925284385681152e-01
7.787441611289978027e-01
9.925278425216674805e-01
9.944589138031005859e-01
9.830598831176757812e-01
2.463248372077941895e-02
9.956513047218322754e-01
9.994282126426696777e-01
9.992494583129882812e-01
9.864996075630187988e-01
9.892985224723815918e-01
9.281945228576660156e-01
9.956110119819641113e-01
9.964039325714111328e-01
2.178049832582473755e-01
9.881949424743652344e-01
9.920883178710937500e-01
9.990290403366088867e-01
5.178875923156738281e-01
7.627013325691223145e-01
9.964181780815124512e-01
9.989938139915466309e-01
9.859652519226074219e-01
9.748954772949218750e-01
9.907441139221191406e-01
9.872586131095886230e-01
9.943095445632934570e-01
7.334027886390686035e-01
9.916120171546936035e-01
9.831305146217346191e-01
9.783143997192382812e-01
8.835533857345581055e-01
9.815555810928344727e-01
9.633957743644714355e-01
7.981441169977188110e-02
7.228049039840698242e-01
9.791477322578430176e-01
9.899736642837524414e-01
7.250155210494995117e-01
9.866800904273986816e-01
7.759128697216510773e-03
9.613488912582397461e-01
7.551240921020507812e-01
9.760199189186096191e-01
9.903589487075805664e-01
9.890510439872741699e-01
9.815353751182556152e-01
1.788566261529922485e-01
9.332084655761718750e-01
9.792298078536987305e-01
9.892327785491943359e-01
6.639461517333984375e-01
9.896326661109924316e-01
9.624538421630859375e-01
9.351223111152648926e-01
9.254187941551208496e-01
9.830983281135559082e-01
9.892912507057189941e-01
9.778841137886047363e-01
9.756890535354614258e-01
9.899622201919555664e-01
9.898690581321716309e-01
9.824243187904357910e-01
1.343590915203094482e-01
2.812518924474716187e-02
9.905759096145629883e-01
1.303297118283808231e-03
1.328897923231124878e-01
9.779642224311828613e-01
7.154580671340227127e-04
8.052276447415351868e-03
1.446270495653152466e-01
9.722804427146911621e-01
9.839161634445190430e-01
9.865599274635314941e-01
9.864225983619689941e-01
9.879828095436096191e-01
9.177743792533874512e-01
9.870880842208862305e-01
9.856216311454772949e-01
5.839352011680603027e-01
9.542820453643798828e-01
9.903635382652282715e-01
9.888922572135925293e-01
1.561117321252822876e-01
1.351382285356521606e-01
8.779702782630920410e-01
9.840310215950012207e-01
9.855085015296936035e-01
9.896208047866821289e-01
2.330738864839076996e-02
9.840137362480163574e-01
9.896616339683532715e-01
9.542454779148101807e-02
9.448717236518859863e-01
9.815975427627563477e-01
9.897456765174865723e-01
9.772661924362182617e-01
9.614498615264892578e-01
9.841096401214599609e-01
9.878928065299987793e-01
9.862533211708068848e-01
9.873348474502563477e-01
9.617623090744018555e-01
9.892987012863159180e-01
9.817357063293457031e-01
3.696706295013427734e-01
9.520170092582702637e-01
9.880290627479553223e-01
9.734084606170654297e-01
4.086360931396484375e-01
2.605177164077758789e-01
9.013376235961914062e-01
9.464392662048339844e-01
9.856217503547668457e-01
9.884529113769531250e-01
8.822837471961975098e-01
9.448378086090087891e-01
9.890550374984741211e-01
9.859718680381774902e-01
9.702216982841491699e-01
7.170821428298950195e-01
6.218429282307624817e-02
9.821426868438720703e-01
9.311882257461547852e-01
7.311487197875976562e-01
9.495816230773925781e-01
9.842002987861633301e-01
9.901368618011474609e-01
8.100823760032653809e-01
9.676830768585205078e-01
9.894829392433166504e-01
9.476618766784667969e-01
9.832620620727539062e-01
9.677028059959411621e-01
9.763271808624267578e-01
9.117545485496520996e-01
9.775961041450500488e-01
1.866917908191680908e-01
6.105785965919494629e-01
9.734553694725036621e-01
9.870129823684692383e-01
3.146650195121765137e-01
6.825300455093383789e-01
9.823247194290161133e-01
9.599446058273315430e-01
9.860636591911315918e-01
9.860354661941528320e-01
9.622657299041748047e-01
9.868102669715881348e-01
9.311250448226928711e-01
8.539458513259887695e-01
9.578699469566345215e-01
9.839346408843994141e-01
9.886958003044128418e-01
8.467433452606201172e-01
9.586505889892578125e-01
9.892801046371459961e-01
9.834179282188415527e-01
9.727441668510437012e-01
9.307165145874023438e-01
9.751724600791931152e-01
9.813281297683715820e-01
9.676762223243713379e-01
9.827226400375366211e-01
9.766057133674621582e-01
9.685879945755004883e-01
9.460934400558471680e-01
3.138102591037750244e-02
9.572792053222656250e-01
9.958512187004089355e-01
9.394623041152954102e-01
6.231507658958435059e-01
9.757943153381347656e-01
9.960132241249084473e-01
9.992261528968811035e-01
9.997777342796325684e-01
9.892931580543518066e-01
9.772677421569824219e-01
9.569502472877502441e-01
8.259864449501037598e-01
8.364435434341430664e-01
9.784910082817077637e-01
9.754285216331481934e-01
1.036834530532360077e-02
1.625762507319450378e-02
7.094175815582275391e-01
9.864156246185302734e-01
2.967726886272430420e-01
2.348548546433448792e-02
9.849245548248291016e-01
9.794711470603942871e-01
9.785596728324890137e-01
9.132361412048339844e-01
7.731692790985107422e-01
9.815367460250854492e-01
9.666904807090759277e-01
1.316385896643623710e-04
2.947575785219669342e-02
9.766999483108520508e-01
9.680793285369873047e-01
2.753978036344051361e-02
1.475418638437986374e-02
9.839061498641967773e-01
9.770004153251647949e-01
9.796213507652282715e-01
9.706184267997741699e-01
8.915935158729553223e-01
9.799374341964721680e-01
9.752050638198852539e-01
9.961793422698974609e-01
1.512226555496454239e-02
9.864409565925598145e-01
9.998201727867126465e-01
9.997417926788330078e-01
9.998229742050170898e-01
9.736590385437011719e-01
9.693747758865356445e-01
9.812690615653991699e-01
9.797375798225402832e-01
9.815540909767150879e-01
9.799601435661315918e-01
9.755508303642272949e-01
9.955505728721618652e-01
9.861110448837280273e-01
9.839484691619873047e-01
9.982017874717712402e-01
9.990735650062561035e-01
5.581779479980468750e-01
9.825837612152099609e-01
9.762420058250427246e-01
9.821397662162780762e-01
9.690290689468383789e-01
9.868513345718383789e-01
9.747841358184814453e-01
9.657855629920959473e-01
9.993422031402587891e-01
9.954434037208557129e-01
7.114765048027038574e-01
9.948596358299255371e-01
9.960128068923950195e-01
9.956768751144409180e-01
9.621090888977050781e-01
9.681565761566162109e-01
9.836789965629577637e-01
9.824756383895874023e-01
9.228714704513549805e-01
9.602957963943481445e-01
9.722174406051635742e-01
9.956201314926147461e-01
9.937385320663452148e-01
9.859538674354553223e-01
9.658693671226501465e-01
9.831445813179016113e-01
9.936064481735229492e-01
8.287825584411621094e-01
9.512218832969665527e-01
9.800694584846496582e-01
9.880852699279785156e-01
8.350049257278442383e-01
9.442912340164184570e-01
9.758409857749938965e-01
9.966975450515747070e-01
9.955770969390869141e-01
9.966568350791931152e-01
9.484244585037231445e-01
9.942766427993774414e-01
9.575971961021423340e-01
9.700097441673278809e-01
9.751416444778442383e-01
9.842352867126464844e-01
9.829053282737731934e-01
9.876793026924133301e-01
9.797277450561523438e-01
9.529719948768615723e-01
9.943765997886657715e-01
9.867418408393859863e-01
7.508855462074279785e-01
9.169588685035705566e-01
9.638769030570983887e-01
9.772247076034545898e-01
9.890068173408508301e-01
9.725571870803833008e-01
9.443249702453613281e-01
5.037916898727416992e-01
9.537706971168518066e-01
9.945899248123168945e-01
9.861088395118713379e-01
9.942136406898498535e-01
9.855186343193054199e-01
9.278716444969177246e-01
9.927456378936767578e-01
9.969770312309265137e-01
9.960383176803588867e-01
9.872888326644897461e-01
9.784636497497558594e-01
9.479989409446716309e-01
8.515887856483459473e-01
9.196322560310363770e-01
8.236186504364013672e-01
9.333827495574951172e-01
9.973384141921997070e-01
5.598997697234153748e-03
9.695832133293151855e-01
8.934326767921447754e-01
9.962437748908996582e-01
9.971666932106018066e-01
9.856706261634826660e-01
9.796680808067321777e-01
9.669698476791381836e-01
8.650359511375427246e-01
7.061660289764404297e-01
9.967305660247802734e-01
9.373744726181030273e-01
9.341220855712890625e-01
1.445412181055871770e-05
9.578063488006591797e-01
9.991521239280700684e-01
6.408976316452026367e-01
9.987171292304992676e-01
9.474325180053710938e-01
8.641883730888366699e-01
8.275207877159118652e-01
9.813396334648132324e-01
9.296904206275939941e-01
8.002153038978576660e-01
9.671602249145507812e-01
9.930917620658874512e-01
8.508653044700622559e-01
9.837817549705505371e-01
9.965173006057739258e-01
9.996262788772583008e-01
9.822083115577697754e-01
9.848079085350036621e-01
9.756982922554016113e-01
9.685429930686950684e-01
8.663609623908996582e-01
9.924238324165344238e-01
9.910705685615539551e-01
9.445609450340270996e-01
9.908959865570068359e-01
9.890896677970886230e-01
6.583957672119140625e-01
9.893220067024230957e-01
9.965406656265258789e-01
9.994820356369018555e-01
9.745400547981262207e-01
9.725007414817810059e-01
9.740730524063110352e-01
9.598696231842041016e-01
9.884839057922363281e-01
9.282870292663574219e-01
9.406003952026367188e-01
9.912897348403930664e-01
9.990835189819335938e-01
9.945367574691772461e-01
9.652137756347656250e-01
9.847940802574157715e-01
9.975492954254150391e-01
9.583918452262878418e-01
9.714704751968383789e-01
9.782459139823913574e-01
9.825729131698608398e-01
9.875162243843078613e-01
9.900638461112976074e-01
9.607405066490173340e-01
9.891160726547241211e-01
9.863576292991638184e-01
9.947303533554077148e-01
9.544625878334045410e-01
9.311087131500244141e-01
9.937584996223449707e-01
9.779645204544067383e-01
9.714893698692321777e-01
9.743629693984985352e-01
9.703840613365173340e-01
9.923498034477233887e-01
9.927297830581665039e-01
9.526481032371520996e-01
9.868006706237792969e-01
9.725161194801330566e-01
9.208343029022216797e-01
8.360938429832458496e-01
9.619573950767517090e-01
9.459927678108215332e-01
9.894115328788757324e-01
9.761664867401123047e-01
9.744657874107360840e-01
2.639589309692382812e-01
3.573567569255828857e-01
9.902743101119995117e-01
9.945068359375000000e-01
9.945703148841857910e-01
9.971019029617309570e-01
2.611283026635646820e-02
1.596274673938751221e-01
9.994822144508361816e-01
9.979392290115356445e-01
9.882354736328125000e-01
9.762044548988342285e-01
9.805070757865905762e-01
3.785006105899810791e-01
8.859202265739440918e-01
9.969229102134704590e-01
9.991287589073181152e-01
9.790391325950622559e-01
9.984332323074340820e-01
9.394823908805847168e-01
9.941056370735168457e-01
7.303911447525024414e-01
3.464092016220092773e-01
9.888629317283630371e-01
9.706617593765258789e-01
9.512745738029479980e-01
2.497436702251434326e-01
9.702639579772949219e-01
9.943002462387084961e-01
9.723507761955261230e-01
9.926459193229675293e-01
9.825449585914611816e-01
9.577182531356811523e-01
9.981922507286071777e-01
8.958423733711242676e-01
9.072858691215515137e-01
9.874096512794494629e-01
9.754232168197631836e-01
9.688765406608581543e-01
5.763403773307800293e-01
9.907299280166625977e-01
9.590397477149963379e-01
9.586094021797180176e-01
9.911656975746154785e-01
9.907060265541076660e-01
9.906152486801147461e-01
9.957104921340942383e-01
9.990100860595703125e-01
9.994822144508361816e-01
9.848191738128662109e-01
9.773800969123840332e-01
9.883523583412170410e-01
9.438527226448059082e-01
9.893764257431030273e-01
9.961417317390441895e-01
9.969052076339721680e-01
9.631728529930114746e-01
9.897167086601257324e-01
9.979491233825683594e-01
1.032308787107467651e-01
1.426151543855667114e-01
9.930416345596313477e-01
9.862827062606811523e-01
9.757548570632934570e-01
9.823297858238220215e-01
9.253193140029907227e-01
9.949601888656616211e-01
9.957502484321594238e-01
9.959591031074523926e-01
9.916635751724243164e-01
9.866158366203308105e-01
9.846551418304443359e-01
4.737123847007751465e-01
9.937980175018310547e-01
9.900838732719421387e-01
9.870009422302246094e-01
9.807074069976806641e-01
9.779449701309204102e-01
6.725639700889587402e-01
7.074263691902160645e-01
9.970787167549133301e-01
9.987295866012573242e-01
9.542740583419799805e-01
9.988595247268676758e-01
9.749178886413574219e-01
9.712440967559814453e-01
2.774928510189056396e-01
4.564707726240158081e-02
9.854242205619812012e-01
9.779191613197326660e-01
9.710209369659423828e-01
8.011535406112670898e-01
9.522297382354736328e-01
9.963970780372619629e-01
9.619743227958679199e-01
9.470808506011962891e-01
9.931464791297912598e-01
9.755387306213378906e-01
9.634407162666320801e-01
7.678272724151611328e-01
9.198494553565979004e-01
9.834738373756408691e-01
9.697625637054443359e-01
9.911919236183166504e-01
8.597331643104553223e-01
9.676697850227355957e-01
9.924616813659667969e-01
9.656966924667358398e-01
9.470077753067016602e-01
3.085841238498687744e-01
9.950317144393920898e-01
2.948696725070476532e-03
4.454736709594726562e-01
7.836215496063232422e-01
9.832547903060913086e-01
9.777396321296691895e-01
9.905588030815124512e-01
9.318141937255859375e-01
9.619042873382568359e-01
9.945081472396850586e-01
9.974652528762817383e-01
9.720646739006042480e-01
9.901367425918579102e-01
9.879406094551086426e-01
9.773753285408020020e-01
8.909503221511840820e-01
9.953746199607849121e-01
9.379789233207702637e-01
9.676073193550109863e-01
9.836639761924743652e-01
9.847341775894165039e-01
6.536589264869689941e-01
9.550947546958923340e-01
8.578475117683410645e-01
9.784007668495178223e-01
9.753165245056152344e-01
8.651316165924072266e-01
9.672790169715881348e-01
9.778473973274230957e-01
8.607913255691528320e-01
9.633479714393615723e-01
9.669110774993896484e-01
9.806665778160095215e-01
9.772229194641113281e-01
9.642681479454040527e-01
9.917644262313842773e-01
9.956783652305603027e-01
9.776110649108886719e-01
2.852931022644042969e-01
9.872149229049682617e-01
9.804320931434631348e-01
9.775140881538391113e-01
9.553603827953338623e-02
9.799379706382751465e-01
9.703676104545593262e-01
9.756682515144348145e-01
9.431660771369934082e-01
9.895995855331420898e-01
6.145001649856567383e-01
9.986395239830017090e-01
9.614042043685913086e-01
8.648559451103210449e-01
9.843695163726806641e-01
9.989954233169555664e-01
3.739528954029083252e-01
9.723396971821784973e-03
9.849081039428710938e-01
9.763292074203491211e-01
9.813739061355590820e-01
8.698764443397521973e-01
9.840400218963623047e-01
9.940102696418762207e-01
9.996085762977600098e-01
9.750655293464660645e-01
9.971578717231750488e-01
9.971773624420166016e-01
9.820372462272644043e-01
9.007557034492492676e-01
9.969292283058166504e-01
9.853989481925964355e-01
9.799655675888061523e-01
9.783768653869628906e-01
6.947212815284729004e-01
3.858335316181182861e-01
9.945270419120788574e-01
9.987381100654602051e-01
9.521336555480957031e-01
9.070471525192260742e-01
9.817929267883300781e-01
8.842928409576416016e-01
4.596034437417984009e-02
2.274329401552677155e-02
9.816501140594482422e-01
9.778142571449279785e-01
9.830258488655090332e-01
9.717059135437011719e-01
9.234500527381896973e-01
9.959743618965148926e-01
9.985824823379516602e-01
9.673985838890075684e-01
9.931880235671997070e-01
9.963548183441162109e-01
9.820419549942016602e-01
9.981269836425781250e-01
5.495963692665100098e-01
9.856169819831848145e-01
9.794998764991760254e-01
9.710865616798400879e-01
9.026315808296203613e-01
8.813408613204956055e-01
9.962945580482482910e-01
9.980422258377075195e-01
9.036523699760437012e-01
9.913288354873657227e-01
4.883964061737060547e-01
9.451234936714172363e-01
9.982255697250366211e-01
7.390452623367309570e-01
9.841784834861755371e-01
9.729849100112915039e-01
9.644569158554077148e-01
7.277263402938842773e-01
9.940648674964904785e-01
9.840288162231445312e-01
9.800145030021667480e-01
9.471911787986755371e-01
9.904362559318542480e-01
9.632501602172851562e-01
9.958770871162414551e-01
9.900231957435607910e-01
9.934737682342529297e-01
9.825690984725952148e-01
9.709831476211547852e-01
9.813361763954162598e-01
7.665386795997619629e-01
9.882662892341613770e-01
9.402003884315490723e-01
9.549345374107360840e-01
9.275522232055664062e-01
9.915680289268493652e-01
9.985202550888061523e-01
9.734389185905456543e-01
3.154625594615936279e-01
5.224199295043945312e-01
9.846389293670654297e-01
9.746460318565368652e-01
9.778803586959838867e-01
8.923345804214477539e-01
9.930219054222106934e-01
9.912071228027343750e-01
9.920308589935302734e-01
9.220185875892639160e-01
9.898071885108947754e-01
9.772463440895080566e-01
9.838954210281372070e-01
9.947805404663085938e-01
8.083957433700561523e-01
9.855949282646179199e-01
9.769730567932128906e-01
9.872554540634155273e-01
3.492814898490905762e-01
7.207350134849548340e-01
9.731736183166503906e-01
9.949999451637268066e-01
8.298887014389038086e-01
8.708155751228332520e-01
9.916988015174865723e-01
9.842532277107238770e-01
5.666942000389099121e-01
9.747919440269470215e-01
9.792595505714416504e-01
9.705370068550109863e-01
9.834657311439514160e-01
9.341429471969604492e-01
9.888161420822143555e-01
9.923766255378723145e-01
9.970575571060180664e-01
9.253201484680175781e-01
9.889061450958251953e-01
9.851564168930053711e-01
9.916407465934753418e-01
9.813008904457092285e-01
9.691396355628967285e-01
9.734197854995727539e-01
9.336034059524536133e-01
9.578010439872741699e-01
9.616838097572326660e-01
9.925889372825622559e-01
9.922088384628295898e-01
9.916209578514099121e-01
8.452454805374145508e-01
9.782480597496032715e-01
9.779569506645202637e-01
9.618768095970153809e-01
9.752884507179260254e-01
9.381492137908935547e-01
9.732298851013183594e-01
9.703100919723510742e-01
9.891987442970275879e-01
9.296687245368957520e-01
9.598499536514282227e-01
9.926968216896057129e-01
9.967394471168518066e-01
9.006875157356262207e-01
9.769917130470275879e-01
9.953004717826843262e-01
9.953988194465637207e-01
9.337375760078430176e-01
9.533913731575012207e-01
9.637755751609802246e-01
9.758707284927368164e-01
9.868980050086975098e-01
9.566129446029663086e-01
9.890081286430358887e-01
9.916623830795288086e-01
9.954737424850463867e-01
9.145963788032531738e-01
9.889308810234069824e-01
9.950640201568603516e-01
9.746159315109252930e-01
9.560354948043823242e-01
7.666254043579101562e-01
8.737810254096984863e-01
8.169938921928405762e-01
9.332931041717529297e-01
9.854562282562255859e-01
9.886027574539184570e-01
9.912909269332885742e-01
9.923630356788635254e-01
9.583646059036254883e-01
9.926528930664062500e-01
9.907346367835998535e-01
9.793583750724792480e-01
9.591293931007385254e-01
9.769108295440673828e-01
