2.816224396228790283e-01
2.932644106734257350e-01
2.233691674728806309e-01
2.633724742425748722e-01
2.998258102519545387e-01
1.882749026497969325e-01
1.835404016489449730e-01
1.196309643296094988e-01
3.347845832602335814e-01
2.108440747341284449e-01
2.437967686698986891e-01
2.834450278001335866e-01
2.585846277383657688e-01
3.312612839329701075e-01
1.801878095049267714e-01
3.082326986253834944e-01
3.112680519429537052e-01
3.620944869919465181e-01
2.319867117017005986e-01
2.996920732638010398e-01
3.001759515072290885e-01
3.000433231668117040e-01
4.116605004438987359e-01
2.459326383586113163e-01
3.780175895215227011e-01
2.116811259273582990e-01
3.333813348570122126e-01
4.223256138905596146e-01
4.798322118362053912e-01
3.761789612472057343e-01
2.942854418562582119e-01
3.270396841689944267e-01
4.031806053737035378e-01
4.773970567263089437e-01
3.803086296404497024e-01
4.070247681095049974e-01
3.094681134590736016e-01
1.113360685905298297e-01
1.239184768727192576e-01
2.367527226608497348e-01
3.097336331668954501e-01
2.332750313854865809e-01
1.756257006826882072e-01
2.095497081396528183e-01
3.177018030725706210e-01
3.436943061068842287e-01
2.454917780302751651e-01
2.912349471320899719e-01
2.945560782503049979e-01
3.831754314059463429e-01
1.917804968901551665e-01
2.869431791253961306e-01
2.844912234980326304e-01
3.837645191412705770e-01
3.208314765674563640e-01
3.911164953158451918e-01
3.223991239300140754e-01
3.674052118932685240e-01
3.354247556282923814e-01
2.377526982588908377e-01
2.363617022884472452e-01
3.044444382763825674e-01
2.568614514345357036e-01
3.228642258685655575e-01
3.558330710332553992e-01
3.484840957591167077e-01
3.606460503159233943e-01
2.597160645527765155e-01
3.378419609238895172e-01
4.062005710573150519e-01
4.379977614332277169e-01
3.547813269811180836e-01
4.259215591367907505e-01
4.187285824535557643e-01
4.646823648811103102e-01
2.606802633157573323e-01
2.331894006436834033e-01
3.861829599437232030e-01
3.614003196931802053e-01
3.975706089001435628e-01
3.606760054647635827e-01
2.781256845650764697e-01
2.973308328834649017e-01
2.715124605366817101e-01
2.656156084894274461e-01
2.108343991522605709e-01
2.924938022624701262e-01
2.989246736352260125e-01
3.334870253904507753e-01
2.549020844654968365e-01
2.876760569902566678e-01
3.975974355752651679e-01
4.558466440783097151e-01
3.319314086715726697e-01
3.528132943006662137e-01
4.598295986652374268e-01
3.099336040546544213e-01
2.737777748216803086e-01
3.489577519850662335e-01
3.934088751960259089e-01
4.171544760465621948e-01
