2.086461130619192417e-01
2.095114184294988580e-01
1.806048870337410572e-01
1.958105701308410773e-01
1.902036806677642744e-01
1.403978023845411371e-01
1.516264816255338266e-01
1.639550691644007518e-01
1.988567358186208722e-01
1.792581855283620351e-01
1.786406550940088100e-01
1.706519856637057075e-01
1.589385139612624342e-01
3.921432340016158813e-01
2.516403777632288952e-01
2.366359082013043680e-01
3.897486711637331847e-01
2.335487455129623413e-01
2.155810769002597937e-01
2.998211299127433449e-01
2.831079450059825198e-01
3.900303364946292040e-01
2.903879502521773959e-01
3.619031092653480775e-01
4.020151603438604782e-01
2.313443413452030417e-01
2.828211443691263649e-01
3.879423180881600985e-01
4.680565035400482410e-01
2.894846540517531652e-01
3.072735863522841337e-01
3.352557535354907525e-01
4.170416379347443581e-01
4.792527649551630020e-01
4.524378784162064182e-01
4.580669357942847020e-01
4.236292036680074924e-01
1.777495986853654675e-01
1.516372869149423541e-01
2.312173798966866145e-01
2.557163338821668019e-01
2.843993557673037409e-01
1.890263825816173859e-01
2.082548338078665240e-01
2.863080823758187288e-01
2.670435898023872379e-01
2.909450960488846882e-01
2.024636838155297047e-01
3.384644102591734538e-01
3.766780942678451538e-01
2.469649751169177287e-01
1.773259030283392823e-01
3.497312557525359411e-01
3.638178626469408261e-01
3.328526487502341258e-01
2.984193426449425202e-01
2.944256858541988153e-01
3.523270201224547038e-01
4.105522460662401896e-01
3.004992848906952729e-01
2.790677682630932632e-01
3.227362106912411432e-01
4.171812787222174412e-01
3.303463749874096522e-01
3.270500901361139134e-01
3.496437363613110194e-01
2.963327371309368297e-01
3.325920575029718274e-01
2.579651970881968737e-01
3.264225285921174002e-01
3.512307434844282872e-01
3.999393436198050988e-01
3.307454656415547145e-01
3.008883062866516411e-01
4.241054774835132379e-01
2.831196025318394316e-01
2.055055375497501502e-01
2.653421065411888380e-01
3.568409924180461767e-01
2.319947526646921332e-01
2.754844638447349059e-01
1.982312243954556241e-01
2.645918520597311252e-01
3.919969496731097736e-01
2.356059942842246291e-01
2.886970677539535957e-01
3.100783455257232202e-01
2.977518471889197826e-01
2.653861938474270099e-01
2.381972408596853830e-01
3.195731065780609281e-01
3.032989487625085134e-01
3.112063492511039642e-01
3.737891511275218126e-01
3.966173548072289834e-01
3.622897508052679294e-01
3.787492919856539353e-01
3.834843498009901652e-01
3.926222023392955673e-01
4.860622624938304437e-01
4.807119214764007942e-01
