1.542073190212249756e-01
5.450018644332885742e-01
3.327988088130950928e-02
5.091955512762069702e-02
1.121027511544525623e-03
2.160235643386840820e-01
4.183846712112426758e-01
9.615110605955123901e-02
5.933145806193351746e-02
4.594025760889053345e-02
3.836937546730041504e-01
1.865363866090774536e-01
5.218086242675781250e-01
1.423568755853921175e-05
6.001353263854980469e-01
6.261595524847507477e-03
4.552522674202919006e-03
1.476140320301055908e-01
3.281252384185791016e-01
9.697033092379570007e-04
3.427430093288421631e-01
3.913998305797576904e-01
4.374293237924575806e-02
2.102733254432678223e-01
4.489487409591674805e-01
1.988679468631744385e-01
1.371675170958042145e-04
8.067979943007230759e-04
6.722427010536193848e-01
6.650757044553756714e-03
2.927883528172969818e-02
2.006766647100448608e-01
6.925621628761291504e-02
1.271341145038604736e-01
4.477979615330696106e-03
2.155910711735486984e-03
2.777018845081329346e-01
5.543552041053771973e-01
4.029892981052398682e-01
3.957919031381607056e-02
2.540893387049436569e-03
2.034227997064590454e-01
1.399873197078704834e-01
1.991189420223236084e-01
3.979009985923767090e-01
2.038671821355819702e-01
2.074901461601257324e-01
1.778183877468109131e-01
1.645755022764205933e-01
3.161185979843139648e-02
4.238004088401794434e-01
3.538237810134887695e-01
2.063695108518004417e-03
1.276444163522683084e-05
2.892136275768280029e-01
1.773664355278015137e-02
4.407307133078575134e-02
7.983608841896057129e-01
1.884387284517288208e-01
2.542946636676788330e-01
6.664082873612642288e-03
2.373840543441474438e-04
2.004053443670272827e-01
4.049248695373535156e-01
2.662220895290374756e-01
7.587511790916323662e-04
1.616905443370342255e-02
8.000041246414184570e-01
1.297300308942794800e-01
2.012189030647277832e-01
5.382171002565883100e-05
2.069580107927322388e-01
2.112906724214553833e-01
1.919165849685668945e-01
8.813603199087083340e-04
5.177790671586990356e-02
6.493856664746999741e-03
7.918353192508220673e-03
1.671729958616197109e-03
7.832841016352176666e-03
7.931391000747680664e-01
2.209389768540859222e-02
3.786379238590598106e-03
4.059579168824711815e-06
5.288856625556945801e-01
1.926665380597114563e-02
1.066804165020585060e-03
2.007143944501876831e-01
3.872912526130676270e-01
3.691368503496050835e-03
1.700117485597729683e-03
2.212486288044601679e-05
6.557819142471998930e-05
3.887533545494079590e-01
2.073778063058853149e-01
6.130408728495240211e-04
1.610101753612980247e-05
2.010249793529510498e-01
6.101766228675842285e-01
3.426414623390883207e-04
1.565617173910140991e-01
4.737052321434020996e-01
6.888400530442595482e-04
9.206786006689071655e-02
6.167058018036186695e-04
3.731712058652192354e-05
2.799997627735137939e-01
4.205838777124881744e-03
2.016632258892059326e-01
7.201568951131775975e-05
4.188007712364196777e-01
3.290290236473083496e-01
2.171372808516025543e-02
1.227044612169265747e-01
2.449291348457336426e-01
5.950271487236022949e-01
3.663384318351745605e-01
1.060027396306395531e-03
5.131206009536981583e-03
3.404221832752227783e-01
1.775387674570083618e-02
6.775164604187011719e-02
6.207828409969806671e-03
1.996245384216308594e-01
3.886427879333496094e-01
2.715556025505065918e-01
1.551441941410303116e-02
2.511276006698608398e-01
5.455127954483032227e-01
2.200518995523452759e-01
2.683293678273912519e-05
9.414638043381273746e-04
4.380959272384643555e-01
2.139366716146469116e-01
4.402999766170978546e-03
1.236651092767715454e-03
7.156788110733032227e-01
4.000799357891082764e-01
2.052181363105773926e-01
5.334995221346616745e-03
1.133864061557687819e-04
3.082324862480163574e-01
2.903021872043609619e-02
3.494350239634513855e-03
4.598173312842845917e-03
7.620273828506469727e-01
3.139518946409225464e-02
3.827094659209251404e-02
1.448376686312258244e-03
4.962713420391082764e-01
4.239667672663927078e-03
4.068712238222360611e-03
7.403037697076797485e-02
3.263173699378967285e-01
3.960486650466918945e-01
7.626526057720184326e-02
3.544221166521310806e-03
2.501811459660530090e-02
5.189573764801025391e-01
6.544324569404125214e-03
2.636826597154140472e-03
1.787909716367721558e-01
2.103627473115921021e-01
1.570779085159301758e-02
8.651770651340484619e-02
1.480895876884460449e-01
1.365390866994857788e-01
1.993289291858673096e-01
5.341629981994628906e-01
7.787609696388244629e-01
7.887257933616638184e-01
2.933238148689270020e-01
3.380059450864791870e-02
2.099960576742887497e-03
6.028655767440795898e-01
7.893830537796020508e-01
3.981302380561828613e-01
9.168389439582824707e-02
7.717312872409820557e-02
3.071276247501373291e-01
6.007680892944335938e-01
3.340193033218383789e-01
8.394480943679809570e-01
2.320999503135681152e-01
2.476722300052642822e-01
7.172410190105438232e-02
1.083455234766006470e-01
5.554500594735145569e-02
3.390709757804870605e-01
7.862600088119506836e-01
9.675792604684829712e-02
5.271873995661735535e-02
2.622977597638964653e-03
1.052432060241699219e-01
3.338161706924438477e-01
7.996006011962890625e-01
1.717142760753631592e-01
7.805966138839721680e-01
1.453449949622154236e-03
9.398997062817215919e-04
2.008431553840637207e-01
2.457574754953384399e-01
2.218637317419052124e-01
9.809588082134723663e-03
2.260901266708970070e-03
3.861495554447174072e-01
6.399793051059532445e-07
2.552769184112548828e-01
7.353985905647277832e-01
1.725586652755737305e-01
5.972788333892822266e-01
6.015790700912475586e-01
1.844189465045928955e-01
1.163565926253795624e-02
6.017754077911376953e-01
2.109346538782119751e-01
3.848050534725189209e-02
3.728490322828292847e-02
8.364365100860595703e-01
4.214679002761840820e-01
6.174830794334411621e-01
5.189700126647949219e-01
8.660405874252319336e-02
7.235285043716430664e-01
2.679590582847595215e-01
1.073463540524244308e-02
3.857148438692092896e-02
9.102358669042587280e-02
5.756843090057373047e-01
1.133673731237649918e-02
8.945083245635032654e-03
4.263623654842376709e-01
1.656037382781505585e-02
2.598534822463989258e-01
4.021618366241455078e-01
2.911305241286754608e-02
6.670801639556884766e-01
1.128118410706520081e-01
3.874838948249816895e-01
4.391986876726150513e-03
4.323917031288146973e-01
1.323617994785308838e-01
3.626516759395599365e-01
1.994975507259368896e-01
2.015187870711088181e-03
2.967719919979572296e-02
4.091610759496688843e-02
4.022835493087768555e-01
3.744741261471062899e-04
4.280987083911895752e-01
2.916590869426727295e-01
4.852110147476196289e-02
2.029535323381423950e-01
8.053147196769714355e-01
7.719063758850097656e-01
7.996495068073272705e-02
3.153491616249084473e-01
4.032633304595947266e-01
1.701028319075703621e-03
1.462846696376800537e-01
3.955898582935333252e-01
2.508166944608092308e-04
3.994628787040710449e-01
4.433140158653259277e-01
9.088595397770404816e-03
2.318683080375194550e-03
4.249175190925598145e-01
4.177660346031188965e-01
2.312786877155303955e-01
2.503259181976318359e-01
2.038584053516387939e-01
3.779034614562988281e-01
5.243284106254577637e-01
7.701771259307861328e-01
1.041603907942771912e-01
4.051173031330108643e-01
5.882789492607116699e-01
2.561083436012268066e-02
1.644992679357528687e-01
3.684021830558776855e-01
7.976326942443847656e-01
5.706734657287597656e-01
1.971907317638397217e-01
3.198604583740234375e-01
3.071799874305725098e-01
4.516109824180603027e-01
4.291359782218933105e-01
1.314299443038180470e-04
2.733628638088703156e-02
6.432641148567199707e-01
1.897067204117774963e-02
6.169854477047920227e-02
5.371106863021850586e-01
4.019051194190979004e-01
4.148102402687072754e-01
1.993168592453002930e-01
1.227412372827529907e-03
6.320385932922363281e-01
4.080974161624908447e-01
7.919474840164184570e-01
1.779696047306060791e-01
1.996802091598510742e-01
5.554379820823669434e-01
1.313665062189102173e-01
2.095410227775573730e-02
2.922413349151611328e-01
7.938525080680847168e-01
5.367531180381774902e-01
5.705631375312805176e-01
1.297481954097747803e-01
1.702398527413606644e-03
5.025238394737243652e-01
3.454625010490417480e-01
7.474521407857537270e-05
6.086692214012145996e-01
3.917652070522308350e-01
1.026668325066566467e-01
3.951442427933216095e-03
7.784355878829956055e-01
7.972431778907775879e-01
5.979791879653930664e-01
5.841577649116516113e-01
2.821712791919708252e-01
5.322583317756652832e-01
2.013618052005767822e-01
5.067541003227233887e-01
4.040425717830657959e-01
3.295736014842987061e-01
1.515471027232706547e-03
3.935993835330009460e-02
7.870056666433811188e-03
2.109864056110382080e-01
2.001987248659133911e-01
1.995732337236404419e-01
1.905928701162338257e-01
1.940461061894893646e-02
5.447689294815063477e-01
3.528359234333038330e-01
5.100979208946228027e-01
5.993362069129943848e-01
3.338446607813239098e-03
2.178787440061569214e-01
1.259509623050689697e-01
4.072840213775634766e-01
2.958419322967529297e-01
1.007972583174705505e-01
5.646247789263725281e-02
1.569043088238686323e-04
2.763061225414276123e-01
3.775922060012817383e-01
7.056316733360290527e-01
6.009666919708251953e-01
1.557777673006057739e-01
3.999559283256530762e-01
2.172576636075973511e-01
1.260407920926809311e-02
7.393043637275695801e-01
6.474357843399047852e-01
4.173304736614227295e-01
1.611188650131225586e-01
1.395551264286041260e-01
2.495657503604888916e-01
5.411722660064697266e-01
7.612053751945495605e-01
7.382122874259948730e-01
1.344156451523303986e-02
1.478604972362518311e-01
1.660884767770767212e-01
3.984349071979522705e-01
7.075284123420715332e-01
8.133715391159057617e-01
7.176463603973388672e-01
2.843763828277587891e-01
1.140007674694061279e-01
4.160929918289184570e-01
7.481974363327026367e-01
8.194829225540161133e-01
5.907937288284301758e-01
2.044957578182220459e-01
5.977603197097778320e-01
5.567243099212646484e-01
4.005334973335266113e-01
1.622384339570999146e-01
2.187116295099258423e-01
3.030124306678771973e-01
5.836617574095726013e-02
1.824322156608104706e-02
7.822119444608688354e-02
8.281365782022476196e-02
4.913861453533172607e-01
2.945148944854736328e-01
3.994808793067932129e-01
4.100716710090637207e-01
2.306527495384216309e-01
4.021602272987365723e-01
4.122796356678009033e-01
6.339450478553771973e-01
1.846274137496948242e-01
2.781698703765869141e-01
7.277304306626319885e-03
3.653933852910995483e-02
3.005497753620147705e-01
4.042878150939941406e-01
6.442326903343200684e-01
2.370412051677703857e-01
6.591635346412658691e-01
2.065257132053375244e-01
2.548489570617675781e-01
2.433223649859428406e-02
5.486258268356323242e-01
7.738019824028015137e-01
3.559556230902671814e-02
6.062697619199752808e-02
2.112053334712982178e-01
3.738126456737518311e-01
3.285121321678161621e-01
6.963340044021606445e-01
2.042220532894134521e-01
7.317034006118774414e-01
5.832505226135253906e-01
7.663904130458831787e-02
1.125434506684541702e-02
4.008459448814392090e-01
5.410418510437011719e-01
6.914559006690979004e-01
3.271409869194030762e-01
4.674704074859619141e-01
4.053625762462615967e-01
2.848202586174011230e-01
3.646759390830993652e-01
2.004933059215545654e-01
7.565609216690063477e-01
6.147987842559814453e-01
2.481907010078430176e-01
1.133990474045276642e-02
3.757688701152801514e-01
6.112947463989257812e-01
8.253779411315917969e-01
5.104706287384033203e-01
4.866368174552917480e-01
5.893383622169494629e-01
6.353390216827392578e-01
5.999408960342407227e-01
3.817774653434753418e-01
5.980325341224670410e-01
5.325586199760437012e-01
9.241814166307449341e-02
2.113583497703075409e-03
7.864491343498229980e-01
5.758773088455200195e-01
5.297361016273498535e-01
7.628108263015747070e-01
1.485049375332891941e-03
3.723206520080566406e-01
6.461721062660217285e-01
8.940420150756835938e-01
3.941530585289001465e-01
9.088546968996524811e-03
5.671443343162536621e-01
3.989277780055999756e-01
1.574985086917877197e-01
5.586314201354980469e-01
7.636882066726684570e-01
5.557863116264343262e-01
5.250530838966369629e-01
2.006119787693023682e-01
3.943871259689331055e-01
5.358577966690063477e-01
4.021976590156555176e-01
7.953534126281738281e-01
5.100624561309814453e-01
6.472591161727905273e-01
7.316546142101287842e-02
1.381098777055740356e-01
4.216691255569458008e-01
5.095346570014953613e-01
6.323129534721374512e-01
2.192742228507995605e-01
2.077595591545104980e-01
5.830908417701721191e-01
3.673903048038482666e-01
5.820543169975280762e-01
4.074665009975433350e-01
1.488846819847822189e-02
5.117817521095275879e-01
2.799896895885467529e-01
5.763393640518188477e-02
1.436509750783443451e-02
6.282360851764678955e-02
8.496200293302536011e-02
4.068300593644380569e-03
1.236359179019927979e-01
1.609537303447723389e-01
6.121460814028978348e-03
4.539435207843780518e-01
3.546071946620941162e-01
8.766636997461318970e-02
3.764938935637474060e-02
8.172090351581573486e-02
6.609553005546331406e-03
1.707363128662109375e-02
7.956846058368682861e-02
2.245289236307144165e-01
9.456662833690643311e-02
6.461326777935028076e-02
3.106814324855804443e-01
1.580554544925689697e-01
6.694731712341308594e-01
3.366838097572326660e-01
1.412048637866973877e-01
2.883952856063842773e-01
5.296522751450538635e-02
2.781181968748569489e-02
2.166987806558609009e-01
3.919313848018646240e-01
3.202227950096130371e-01
5.658558383584022522e-02
1.651135534048080444e-01
2.090680003166198730e-01
1.296716630458831787e-01
3.991559147834777832e-01
1.967391371726989746e-01
7.467735558748245239e-03
1.988904178142547607e-01
1.764972358942031860e-01
2.037741988897323608e-01
9.696665406227111816e-02
4.193728268146514893e-01
3.880324959754943848e-01
1.187188848853111267e-01
2.820558547973632812e-01
4.968419969081878662e-01
3.397989869117736816e-01
7.663811445236206055e-01
5.322660803794860840e-01
3.836751282215118408e-01
3.900465071201324463e-01
2.011950910091400146e-01
4.938902854919433594e-01
1.636287925066426396e-04
2.297435253858566284e-01
2.000613957643508911e-01
8.120693266391754150e-03
1.166877523064613342e-01
2.292532026767730713e-01
1.457071900367736816e-01
4.698083996772766113e-01
4.144936203956604004e-01
2.031288575381040573e-03
3.600012958049774170e-01
1.952142571099102497e-03
9.075450897216796875e-02
3.281357511878013611e-02
4.249052107334136963e-01
1.914634704589843750e-01
8.034484088420867920e-02
5.233176797628402710e-02
1.520069874823093414e-02
3.212421536445617676e-01
7.993393540382385254e-01
1.944554895162582397e-01
2.366145607084035873e-03
4.546945393085479736e-01
4.686698317527770996e-01
3.920767994713969529e-05
2.761866338551044464e-02
9.311587363481521606e-02
4.033304750919342041e-01
9.115530550479888916e-02
1.368438303470611572e-01
1.880394108593463898e-02
1.688018254935741425e-02
6.544095277786254883e-01
1.398981176316738129e-02
2.675852505490183830e-03
2.364055514335632324e-01
1.514354813843965530e-02
3.770396709442138672e-01
2.625928819179534912e-02
3.108878135681152344e-01
5.688575506210327148e-01
2.168207913637161255e-01
3.352063596248626709e-01
3.097852170467376709e-01
6.545240879058837891e-01
8.064014911651611328e-01
1.369203906506299973e-02
3.851147294044494629e-01
2.124351859092712402e-01
8.078712038695812225e-03
2.057699561119079590e-01
5.887831002473831177e-02
2.244316935539245605e-01
5.072646141052246094e-01
6.745704412460327148e-01
8.205544436350464821e-04
1.667290627956390381e-01
2.073798775672912598e-01
4.915450215339660645e-01
2.046561837196350098e-01
3.974358439445495605e-01
5.427389144897460938e-01
4.020480811595916748e-01
2.102383226156234741e-01
4.387424141168594360e-02
1.463997066020965576e-01
7.735575437545776367e-01
2.026447206735610962e-01
4.367309156805276871e-03
7.920143194496631622e-03
3.548602163791656494e-01
4.041959941387176514e-01
1.890240758657455444e-01
3.601411581039428711e-01
1.229432076215744019e-01
2.782588303089141846e-01
4.503954201936721802e-02
2.560125850141048431e-02
1.366674602031707764e-01
1.989533603191375732e-01
4.010554254055023193e-01
1.895653307437896729e-01
8.420911617577075958e-03
2.721613347530364990e-01
6.191070079803466797e-01
2.080650776624679565e-01
7.298237085342407227e-02
4.007109105587005615e-01
2.285578399896621704e-01
3.426128029823303223e-01
3.968202173709869385e-01
7.557833194732666016e-02
2.202935069799423218e-01
4.006339609622955322e-01
6.320518255233764648e-01
2.604660689830780029e-01
5.421574115753173828e-01
9.609361886978149414e-01
4.035289883613586426e-01
3.868355154991149902e-01
3.545838892459869385e-01
2.473631948232650757e-01
3.980541825294494629e-01
3.078568875789642334e-01
2.250388860702514648e-01
2.436782121658325195e-01
1.340122520923614502e-01
3.346579372882843018e-01
5.358817577362060547e-01
3.643873333930969238e-01
2.431215643882751465e-01
2.049243599176406860e-01
5.301956534385681152e-01
7.861949801445007324e-01
9.585650265216827393e-02
1.744951903820037842e-01
2.716584503650665283e-02
2.379815280437469482e-01
2.019808590412139893e-01
1.809182763099670410e-01
2.588641643524169922e-01
6.057576276361942291e-03
2.627881765365600586e-01
5.949194431304931641e-01
2.272263765335083008e-01
1.000046543776988983e-02
2.491160035133361816e-01
2.736959431786090136e-04
3.010998293757438660e-02
4.889588952064514160e-01
6.143026053905487061e-02
2.021413594484329224e-01
3.081130329519510269e-03
1.348117925226688385e-02
3.412618339061737061e-01
8.323611319065093994e-02
8.938621282577514648e-01
4.716391265392303467e-01
2.029761821031570435e-01
7.525020241737365723e-01
1.327233165502548218e-01
3.063119575381278992e-02
3.341805636882781982e-01
9.451324120163917542e-03
4.018534719944000244e-01
4.968411102890968323e-02
5.982907414436340332e-01
2.739880979061126709e-01
3.947240412235260010e-01
5.343992710113525391e-01
2.015378326177597046e-01
3.383202850818634033e-01
1.146794669330120087e-02
2.401831895112991333e-01
3.968208134174346924e-01
3.963574171066284180e-01
6.409882903099060059e-01
4.407795965671539307e-01
5.736525636166334152e-04
7.889516353607177734e-01
1.589238792657852173e-01
5.803284049034118652e-01
6.015256643295288086e-01
2.795115411281585693e-01
2.086353022605180740e-03
9.600907564163208008e-02
3.988132774829864502e-01
1.860731840133666992e-01
5.813406705856323242e-01
3.106195330619812012e-01
3.612644076347351074e-01
2.770093679428100586e-01
2.196578979492187500e-01
3.995012044906616211e-01
6.136722564697265625e-01
6.052641868591308594e-01
2.059405297040939331e-01
1.906836777925491333e-01
1.544182747602462769e-01
3.966636955738067627e-01
2.008170485496520996e-01
5.615608096122741699e-01
3.962188363075256348e-01
3.788226544857025146e-01
2.143628597259521484e-01
6.527013611048460007e-04
2.470994740724563599e-01
3.269467055797576904e-01
4.006095528602600098e-01
2.068838626146316528e-01
1.393462764099240303e-03
5.934075117111206055e-01
2.743666172027587891e-01
4.422726929187774658e-01
3.292637467384338379e-01
3.213631808757781982e-01
6.460545063018798828e-01
2.774921655654907227e-01
3.147417604923248291e-01
7.916775066405534744e-04
1.889317855238914490e-02
5.523464679718017578e-01
4.489835202693939209e-01
3.058069646358489990e-01
6.288809180259704590e-01
1.014363914728164673e-01
2.725420892238616943e-01
3.287284374237060547e-01
3.351593613624572754e-01
7.383710145950317383e-01
3.987407386302947998e-01
7.615870237350463867e-02
1.963708698749542236e-01
1.967257857322692871e-01
3.724794387817382812e-01
2.124582231044769287e-01
1.822247803211212158e-01
3.826391100883483887e-01
6.998664140701293945e-01
4.111494421958923340e-01
7.972072362899780273e-01
5.966002941131591797e-01
1.328365653753280640e-01
6.512722373008728027e-02
3.760840892791748047e-01
5.199285149574279785e-01
5.885778665542602539e-01
6.004219651222229004e-01
4.182043075561523438e-01
3.533802032470703125e-01
5.981188416481018066e-01
1.608368307352066040e-01
4.278556909412145615e-03
2.878021895885467529e-01
2.703806161880493164e-01
3.995081782341003418e-01
8.945845067501068115e-02
4.017549157142639160e-01
1.755378022789955139e-02
3.047918677330017090e-01
5.540701150894165039e-01
1.090589240193367004e-01
3.291023313067853451e-04
5.434658527374267578e-01
3.709714710712432861e-01
4.029945731163024902e-01
5.880994200706481934e-01
3.263240158557891846e-01
3.822522461414337158e-01
2.849666168913245201e-03
1.997431516647338867e-01
1.318195164203643799e-01
1.590293273329734802e-02
4.500285089015960693e-01
2.000026106834411621e-01
1.715194620192050934e-02
6.718569993972778320e-01
7.157845497131347656e-01
3.989289999008178711e-01
2.498039603233337402e-01
6.114552021026611328e-01
1.632545888423919678e-02
1.717468351125717163e-01
9.222216904163360596e-03
1.339188516139984131e-01
5.493445992469787598e-01
7.794785499572753906e-01
5.172606706619262695e-01
2.977260649204254150e-01
9.965000152587890625e-01
7.381150964647531509e-03
1.995644122362136841e-01
2.093546837568283081e-01
6.746197938919067383e-01
4.268432557582855225e-01
2.573421690613031387e-03
4.998114407062530518e-01
3.375591933727264404e-01
4.746839702129364014e-01
2.179556638002395630e-01
5.875235795974731445e-01
7.113752886652946472e-03
3.959100246429443359e-01
2.079329490661621094e-01
5.560708045959472656e-02
1.824519336223602295e-01
5.901345014572143555e-01
3.990636467933654785e-01
4.898361116647720337e-02
4.428393244743347168e-01
2.983965277671813965e-01
8.605902791023254395e-01
5.980317592620849609e-01
4.294531047344207764e-01
1.127875968813896179e-02
3.991867303848266602e-01
2.068639248609542847e-01
2.420883812010288239e-02
6.079930067062377930e-01
6.517573595046997070e-01
4.052561223506927490e-01
4.060730636119842529e-01
4.973841714672744274e-04
2.080902457237243652e-01
3.029608726501464844e-01
9.155707359313964844e-01
4.083774685859680176e-01
7.105413824319839478e-03
3.991517424583435059e-01
1.585939526557922363e-01
1.837662905454635620e-01
4.219517111778259277e-01
5.783918499946594238e-01
3.635281920433044434e-01
5.662777423858642578e-01
3.916518092155456543e-01
5.851360037922859192e-03
1.451503038406372070e-01
2.599186003208160400e-01
1.691919416189193726e-01
3.381909918971359730e-04
1.915632486343383789e-01
3.960038721561431885e-01
3.699078559875488281e-01
3.833571970462799072e-01
9.615161418914794922e-01
2.057897150516510010e-01
4.822220802307128906e-01
1.482265293598175049e-01
7.574346661567687988e-02
2.085467427968978882e-01
6.383723020553588867e-01
1.962107233703136444e-02
1.170577597804367542e-03
3.010853528976440430e-01
5.974940061569213867e-01
1.987415850162506104e-01
4.806926548480987549e-01
4.319137036800384521e-01
4.110231995582580566e-01
1.464474499225616455e-01
1.937508732080459595e-01
3.468767404556274414e-01
5.565072298049926758e-01
7.932441234588623047e-01
3.998361825942993164e-01
1.429486786946654320e-03
5.148409605026245117e-01
2.103521972894668579e-01
2.057901918888092041e-01
7.087916601449251175e-03
1.556829065084457397e-01
3.563280999660491943e-01
2.036401927471160889e-01
5.718785524368286133e-02
1.788145899772644043e-01
2.693128585815429688e-01
5.951524376869201660e-01
3.712548613548278809e-01
7.239712285809218884e-04
6.017929315567016602e-01
1.607071757316589355e-01
2.185535579919815063e-01
5.742188096046447754e-01
7.911564111709594727e-01
8.921115845441818237e-02
1.091731898486614227e-02
3.404739126563072205e-02
4.028328657150268555e-01
3.929239809513092041e-01
7.993994951248168945e-01
5.829194784164428711e-01
5.320229567587375641e-03
1.838567107915878296e-01
2.608276903629302979e-01
2.306833565235137939e-01
2.804025113582611084e-01
6.263998150825500488e-01
2.147665917873382568e-01
3.201066851615905762e-01
2.050465494394302368e-01
5.765399932861328125e-01
2.797305583953857422e-01
4.050963222980499268e-01
4.003812968730926514e-01
3.965409472584724426e-02
6.229439377784729004e-01
4.588726162910461426e-01
4.014386534690856934e-01
4.506241679191589355e-01
3.156104385852813721e-01
4.416056275367736816e-01
3.991511762142181396e-01
5.114960074424743652e-01
2.582382857799530029e-01
4.940988421440124512e-01
4.998135864734649658e-01
2.016488313674926758e-01
1.341006020084023476e-03
7.447199821472167969e-01
5.723172426223754883e-01
2.091054618358612061e-01
1.385329663753509521e-01
2.855665087699890137e-01
8.271024227142333984e-01
5.313916206359863281e-01
9.120459109544754028e-02
1.631574034690856934e-01
3.378942981362342834e-02
2.033537477254867554e-01
2.913723886013031006e-01
8.975198143161833286e-04
4.009559452533721924e-01
2.044288367033004761e-01
4.393583834171295166e-01
2.486106902360916138e-01
2.657068967819213867e-01
5.678078532218933105e-01
5.411016345024108887e-01
3.381373584270477295e-01
2.443309873342514038e-01
1.654857397079467773e-01
8.831840753555297852e-01
1.697858422994613647e-02
3.841177094727754593e-03
7.848551273345947266e-01
1.767200678586959839e-01
2.686372399330139160e-01
5.848556756973266602e-01
6.535449028015136719e-01
5.345115065574645996e-01
5.597378015518188477e-01
1.479758769273757935e-01
3.840820193290710449e-01
5.144471526145935059e-01
5.874043703079223633e-01
4.081504940986633301e-01
5.639005685225129128e-04
2.411482632160186768e-01
4.839889407157897949e-01
3.493784368038177490e-01
2.865636944770812988e-01
3.899081051349639893e-01
1.628102362155914307e-01
1.990634351968765259e-01
8.253368735313415527e-02
1.750812530517578125e-01
3.139600157737731934e-01
4.027003049850463867e-01
1.948569528758525848e-02
2.815279178321361542e-02
7.828484773635864258e-01
2.127986401319503784e-01
5.807329341769218445e-02
4.910550545901060104e-03
1.461227983236312866e-01
1.137400865554809570e-01
1.541969925165176392e-01
4.587162286043167114e-03
3.347089588642120361e-01
4.092462360858917236e-01
5.989956855773925781e-01
1.918682157993316650e-01
3.521702252328395844e-03
4.683239758014678955e-01
2.077434509992599487e-01
1.634717285633087158e-01
4.437133967876434326e-01
2.382157742977142334e-01
3.840233087539672852e-01
1.457982063293457031e-01
1.450808048248291016e-01
2.395201623439788818e-01
2.191709727048873901e-01
7.183563709259033203e-01
5.846604704856872559e-01
7.001514546573162079e-03
5.982372760772705078e-01
4.492224156856536865e-01
2.292215079069137573e-01
3.661205172538757324e-01
3.200079798698425293e-01
2.128079086542129517e-01
2.239017337560653687e-01
7.844487577676773071e-02
4.024647474288940430e-01
4.484855830669403076e-01
4.904437065124511719e-01
4.369716718792915344e-02
8.806918561458587646e-02
3.992852270603179932e-01
1.301465183496475220e-01
1.373921632766723633e-01
6.766683608293533325e-02
2.613905072212219238e-01
3.973047733306884766e-01
5.418004989624023438e-01
4.773562308400869370e-03
1.224112324416637421e-02
4.417205154895782471e-01
2.034375518560409546e-01
1.915524341166019440e-02
1.883417814970016479e-01
5.962268114089965820e-01
4.338723421096801758e-01
1.703416407108306885e-01
2.963461279869079590e-01
3.112983405590057373e-01
7.917697429656982422e-01
4.367170929908752441e-01
1.342548895627260208e-02
1.053993254899978638e-01
1.496654003858566284e-02
4.700034260749816895e-01
4.708682894706726074e-01
6.608639378100633621e-03
2.207916676998138428e-01
2.051567733287811279e-01
8.735664188861846924e-02
1.998991072177886963e-01
1.079658322851173580e-04
2.641998827457427979e-01
2.141930758953094482e-01
4.088507592678070068e-02
7.815388962626457214e-03
3.891199827194213867e-01
7.218953371047973633e-01
2.127195000648498535e-01
9.612172096967697144e-02
5.953179597854614258e-01
3.862290084362030029e-01
4.021480381488800049e-01
2.027790695428848267e-01
1.961085200309753418e-01
1.728736460208892822e-01
6.688049435615539551e-02
3.229767084121704102e-02
2.640984356403350830e-01
9.022467583417892456e-02
9.953132271766662598e-01
2.007957547903060913e-01
2.316029531357344240e-05
6.001610755920410156e-01
5.760266184806823730e-01
5.236240029335021973e-01
1.677951589226722717e-02
3.975758850574493408e-01
3.704876899719238281e-01
7.474120855331420898e-01
7.106695789843797684e-03
4.792273640632629395e-01
1.814272701740264893e-01
5.821558833122253418e-01
2.533181607723236084e-01
1.223852206021547318e-02
1.550486385822296143e-01
1.271281391382217407e-01
4.225489497184753418e-01
2.006589323282241821e-01
3.960435688495635986e-01
4.606010317802429199e-01
1.766891800798475742e-03
2.548323944211006165e-03
4.237124621868133545e-01
2.510842122137546539e-02
4.042937457561492920e-01
3.508954048156738281e-01
1.794598065316677094e-02
9.440404176712036133e-01
1.852911114692687988e-01
6.299438476562500000e-01
2.921130061149597168e-01
4.221416264772415161e-02
4.362904131412506104e-01
2.365809828042984009e-01
1.045397855341434479e-02
1.216656310134567320e-04
2.028771638870239258e-01
5.555866956710815430e-01
4.000002741813659668e-01
1.992150843143463135e-01
5.035839080810546875e-01
3.552312552928924561e-01
5.950357317924499512e-01
2.920858860015869141e-01
3.908028006553649902e-01
2.858376130461692810e-02
4.029553532600402832e-01
1.996847689151763916e-01
5.275381729006767273e-02
5.549915507435798645e-02
7.842903733253479004e-01
3.370109200477600098e-01
3.273991402238607407e-03
5.510206818580627441e-01
3.669356405735015869e-01
1.989793032407760620e-01
7.745547592639923096e-02
1.514086425304412842e-01
4.849583208560943604e-01
2.006673812866210938e-01
2.623116374015808105e-01
1.920645982027053833e-01
2.603970468044281006e-01
7.955914735794067383e-01
4.003255069255828857e-01
2.129228115081787109e-01
3.359526023268699646e-02
1.889788061380386353e-01
2.586718499660491943e-01
1.985477805137634277e-01
3.245189189910888672e-01
5.984513163566589355e-01
7.210291922092437744e-02
3.102151155471801758e-01
2.629918046295642853e-02
2.979958057403564453e-02
2.780017554759979248e-01
4.535936284810304642e-03
1.874918052635621279e-05
7.487069815397262573e-04
6.855922937393188477e-01
1.721478067338466644e-03
2.059328556060791016e-01
5.826154947280883789e-01
7.737673521041870117e-01
3.456478118896484375e-01
2.026589214801788330e-01
5.266750813461840153e-04
1.479610055685043335e-02
9.702082872390747070e-01
5.731305480003356934e-02
1.364550888538360596e-01
5.427849292755126953e-01
3.789848983287811279e-01
2.252584397792816162e-01
2.184429168701171875e-01
3.919310569763183594e-01
4.128215909004211426e-01
2.066456675529479980e-01
2.137426435947418213e-01
3.998396396636962891e-01
2.217168002971448004e-05
2.093864083290100098e-01
1.256740242242813110e-01
1.536725088953971863e-02
1.538764685392379761e-01
1.590178161859512329e-01
2.483898848295211792e-01
4.198156595230102539e-01
7.352771759033203125e-01
7.746639847755432129e-01
4.715432822704315186e-01
9.169122576713562012e-02
2.047223150730133057e-01
3.334608376026153564e-01
5.908466577529907227e-01
2.744053602218627930e-01
7.079970557242631912e-03
2.285141348838806152e-01
5.811836719512939453e-01
2.405702471733093262e-01
1.251102276000892743e-05
4.193938374519348145e-01
5.708621740341186523e-01
5.850312709808349609e-01
1.120324581861495972e-01
2.352564334869384766e-01
2.004938125610351562e-01
9.783960580825805664e-01
2.595626115798950195e-01
1.761017590761184692e-01
6.169063448905944824e-01
4.154071807861328125e-01
2.646457254886627197e-01
3.971757292747497559e-01
2.022586613893508911e-01
2.522823512554168701e-01
2.136086225509643555e-01
1.989784985780715942e-01
4.719036519527435303e-01
4.120317697525024414e-01
6.050777435302734375e-01
8.124551177024841309e-01
2.506591677665710449e-01
5.937985181808471680e-01
3.847137093544006348e-01
3.533887267112731934e-01
1.577411592006683350e-01
3.224352141842246056e-03
2.580281794071197510e-01
5.501149296760559082e-01
4.350337684154510498e-01
2.105677872896194458e-01
5.412224531173706055e-01
4.501046836376190186e-01
3.068728744983673096e-01
1.981202512979507446e-01
5.014863610267639160e-01
4.106932878494262695e-01
4.161571562290191650e-01
2.172821015119552612e-01
2.213644087314605713e-01
2.509889304637908936e-01
6.763399243354797363e-01
1.976494938135147095e-01
3.502580225467681885e-01
5.124492645263671875e-01
5.123502016067504883e-01
3.994757831096649170e-01
2.376913093030452728e-03
4.571469724178314209e-01
6.096742153167724609e-01
3.826774060726165771e-01
3.350515365600585938e-01
4.293952584266662598e-01
7.954449057579040527e-01
5.424953103065490723e-01
1.960321515798568726e-01
3.106273710727691650e-03
2.585138678550720215e-01
7.723402380943298340e-01
4.028339982032775879e-01
3.894106149673461914e-01
4.307497441768646240e-01
1.947388947010040283e-01
4.800452589988708496e-01
5.343169346451759338e-02
2.357376664876937866e-01
4.876331388950347900e-01
6.115017533302307129e-01
2.394602820277214050e-02
3.286327123641967773e-01
5.742948055267333984e-01
4.238019585609436035e-01
2.544122934341430664e-01
2.548222839832305908e-01
6.006644368171691895e-01
6.103820800781250000e-01
2.167313545942306519e-01
2.310953736305236816e-01
5.500892996788024902e-01
8.011040687561035156e-01
7.367203235626220703e-01
3.805124163627624512e-01
1.712143304757773876e-03
4.204059764742851257e-02
7.026521563529968262e-01
8.035026192665100098e-01
1.620009392499923706e-01
4.090113341808319092e-01
7.074802517890930176e-01
4.937953352928161621e-01
3.550890684127807617e-01
5.989322066307067871e-01
5.385992527008056641e-01
5.911175608634948730e-01
5.579184293746948242e-01
3.352583199739456177e-02
3.651844263076782227e-01
5.949204564094543457e-01
4.007224440574645996e-01
2.802268415689468384e-02
5.970901846885681152e-01
3.448506593704223633e-01
7.604565620422363281e-01
3.085349202156066895e-01
4.210144281387329102e-01
6.765013337135314941e-01
9.664680957794189453e-01
3.023636341094970703e-01
2.550334334373474121e-01
5.932761430740356445e-01
