6.194034218788146973e-01
9.999449849128723145e-01
2.165473550558090210e-01
1.044104397296905518e-01
1.422355137765407562e-02
9.980520606040954590e-01
9.990167617797851562e-01
9.939414858818054199e-01
9.838758111000061035e-01
9.562404155731201172e-01
9.923979043960571289e-01
8.274836540222167969e-01
8.679967522621154785e-01
9.970209794119000435e-04
9.999372363090515137e-01
9.890215992927551270e-01
9.183348417282104492e-01
9.705798625946044922e-01
9.981283545494079590e-01
9.984653592109680176e-01
9.940195083618164062e-01
9.929969310760498047e-01
9.228758811950683594e-01
9.679446220397949219e-01
9.151912331581115723e-01
9.451826810836791992e-01
4.305974016460822895e-06
5.982133188808802515e-06
9.999619722366333008e-01
1.955724201252451167e-06
5.532417617359897122e-06
9.999593496322631836e-01
9.973639249801635742e-01
9.951322674751281738e-01
9.201659704558551311e-04
8.469653725624084473e-01
9.943230152130126953e-01
9.411706924438476562e-01
9.477906227111816406e-01
6.110435151640558615e-06
1.831751433201134205e-04
9.999217987060546875e-01
8.008909225463867188e-01
2.532156358938664198e-04
9.982894062995910645e-01
9.983457922935485840e-01
9.917449951171875000e-01
9.907783269882202148e-01
9.901850819587707520e-01
9.906594157218933105e-01
9.752620458602905273e-01
9.511683583259582520e-01
9.018966555595397949e-01
7.153581362217664719e-03
9.999421238899230957e-01
8.995394110679626465e-01
6.807532906532287598e-01
9.982265233993530273e-01
9.989377260208129883e-01
9.968231320381164551e-01
9.924525618553161621e-01
9.742282629013061523e-01
9.930348992347717285e-01
9.863610267639160156e-01
9.380351901054382324e-01
1.383300311863422394e-02
6.621783226728439331e-02
9.998857975006103516e-01
7.320682052522897720e-03
1.106840185821056366e-02
1.193300038576126099e-01
1.059695519506931305e-02
2.176667563617229462e-02
9.941210746765136719e-01
2.061623521149158478e-02
1.417537499219179153e-02
2.529601939022541046e-02
3.634131699800491333e-02
3.683856874704360962e-02
1.777986250817775726e-02
9.999428987503051758e-01
2.733963774517178535e-03
1.186452619731426239e-02
4.087451845407485962e-02
9.981209635734558105e-01
6.026545539498329163e-03
9.746579453349113464e-03
9.980762600898742676e-01
9.981604814529418945e-01
1.079433946870267391e-03
1.319167553447186947e-03
4.537494182586669922e-01
2.858420610427856445e-01
9.999557137489318848e-01
9.805479049682617188e-01
5.680058617144823074e-03
4.118093103170394897e-02
9.983295798301696777e-01
9.988922476768493652e-01
8.641957538202404976e-05
9.958711266517639160e-01
9.924234747886657715e-01
9.911575317382812500e-01
9.968472123146057129e-01
1.252955663949251175e-02
4.300880804657936096e-02
9.999606013298034668e-01
1.289313752204179764e-02
1.190251111984252930e-02
3.325151046738028526e-03
9.980117678642272949e-01
9.989887475967407227e-01
9.944264292716979980e-01
9.958587884902954102e-01
7.007958889007568359e-01
8.832063674926757812e-01
9.964241385459899902e-01
8.605277538299560547e-01
9.344866871833801270e-01
9.999399185180664062e-01
8.243442773818969727e-01
5.672658681869506836e-01
6.326487660408020020e-01
9.981505870819091797e-01
9.999639987945556641e-01
9.988608360290527344e-01
9.945252537727355957e-01
4.984000623226165771e-01
9.105809926986694336e-01
9.434849619865417480e-01
7.318027615547180176e-01
6.637725830078125000e-01
9.999050498008728027e-01
9.970201849937438965e-01
2.043021470308303833e-02
2.166510671377182007e-01
9.981561899185180664e-01
9.990844726562500000e-01
9.964562058448791504e-01
9.948655366897583008e-01
9.896140694618225098e-01
9.246158003807067871e-01
9.665770530700683594e-01
8.464224338531494141e-01
9.577400684356689453e-01
9.998682737350463867e-01
9.983018040657043457e-01
7.428594231605529785e-01
7.783286571502685547e-01
9.977511763572692871e-01
9.982742071151733398e-01
9.936675429344177246e-01
9.106584191322326660e-01
5.197679996490478516e-01
6.549984216690063477e-01
5.968014150857925415e-02
8.611395359039306641e-01
9.813236594200134277e-01
9.999528527259826660e-01
9.934527277946472168e-01
9.950131773948669434e-01
9.754450321197509766e-01
9.980767369270324707e-01
9.978492259979248047e-01
9.932128190994262695e-01
9.813848733901977539e-01
5.041203498840332031e-01
6.951059699058532715e-01
3.689417839050292969e-01
6.965950131416320801e-01
9.961372613906860352e-01
9.666333198547363281e-01
2.666431665420532227e-01
7.647536695003509521e-02
9.944844841957092285e-01
9.975462555885314941e-01
9.908764958381652832e-01
9.885079264640808105e-01
9.883542060852050781e-01
9.940781593322753906e-01
9.775031805038452148e-01
8.804889917373657227e-01
9.999727606773376465e-01
5.053523182868957520e-02
5.883995071053504944e-02
2.150505967438220978e-02
4.175491631031036377e-02
1.176947634667158127e-02
2.912945747375488281e-01
8.045789599418640137e-01
9.532550573348999023e-01
4.220184385776519775e-01
3.457221090793609619e-01
6.631477475166320801e-01
6.810536384582519531e-01
1.726125180721282959e-01
2.293490069860126823e-06
9.962864518165588379e-01
7.364082648564362898e-06
1.282484340947576129e-09
9.968343973159790039e-01
9.938195943832397461e-01
9.906932115554809570e-01
1.170799951069056988e-03
9.902072548866271973e-01
9.960264563560485840e-01
9.857391119003295898e-01
9.689915180206298828e-01
1.038781479001045227e-01
9.640475618652999401e-04
9.968312382698059082e-01
9.989995956420898438e-01
7.436495798174291849e-05
9.950070381164550781e-01
9.969806075096130371e-01
9.907495975494384766e-01
9.887135028839111328e-01
9.531666636466979980e-01
9.837912917137145996e-01
9.881939291954040527e-01
9.253026247024536133e-01
9.986403584480285645e-01
4.505724832415580750e-02
9.949182868003845215e-01
4.090416431427001953e-01
2.935885488986968994e-01
2.231088280677795410e-02
4.580866694450378418e-01
9.916129112243652344e-01
9.887735843658447266e-01
3.087412416934967041e-01
1.208070889115333557e-01
9.816281199455261230e-01
8.719502091407775879e-01
9.934468865394592285e-01
1.093801017850637436e-02
9.957557916641235352e-01
2.787297964096069336e-01
9.609555602073669434e-01
1.047308463603258133e-02
9.932142496109008789e-01
2.019144408404827118e-02
3.633151948451995850e-01
9.946347475051879883e-01
9.949065446853637695e-01
3.668769821524620056e-02
1.691523380577564240e-02
7.244086861610412598e-01
2.710244152694940567e-03
9.965820312500000000e-01
2.525804005563259125e-02
3.681599348783493042e-02
1.381414104253053665e-02
9.950851798057556152e-01
9.991980791091918945e-01
3.948081284761428833e-03
9.939203858375549316e-01
9.994240999221801758e-01
9.874401092529296875e-01
9.986236691474914551e-01
9.680050611495971680e-01
7.521617412567138672e-01
9.961582422256469727e-01
5.055223107337951660e-01
6.388720273971557617e-01
2.483361214399337769e-02
9.943545460700988770e-01
9.972113966941833496e-01
9.926111698150634766e-01
9.925210475921630859e-01
9.864621162414550781e-01
8.474367260932922363e-01
9.793154597282409668e-01
9.311946630477905273e-01
9.535917043685913086e-01
9.957689046859741211e-01
9.938979744911193848e-01
9.978232979774475098e-01
7.568575739860534668e-01
9.939432740211486816e-01
9.997528195381164551e-01
9.877458214759826660e-01
9.480094909667968750e-01
7.460981011390686035e-01
9.869974255561828613e-01
9.634813070297241211e-01
9.798821806907653809e-01
8.414888978004455566e-01
9.953478574752807617e-01
9.578080773353576660e-01
8.517583012580871582e-01
2.107654809951782227e-01
9.934166073799133301e-01
9.954356551170349121e-01
9.907233715057373047e-01
9.244371652603149414e-01
8.659160733222961426e-01
9.068060517311096191e-01
9.948291778564453125e-01
8.934540748596191406e-01
9.734705686569213867e-01
9.950753450393676758e-01
9.986006617546081543e-01
9.974318742752075195e-01
9.298111200332641602e-01
9.927926659584045410e-01
9.847988486289978027e-01
9.830720424652099609e-01
9.313497543334960938e-01
6.140643954277038574e-01
5.969730615615844727e-01
1.395130455493927002e-01
8.255487084388732910e-01
9.682362079620361328e-01
9.964369535446166992e-01
9.976832270622253418e-01
9.977062344551086426e-01
9.883003830909729004e-01
9.942933917045593262e-01
9.959936141967773438e-01
9.886049628257751465e-01
9.241450428962707520e-01
6.047795414924621582e-01
7.051926255226135254e-01
6.778863072395324707e-01
9.999609589576721191e-01
9.573907256126403809e-01
9.896093606948852539e-01
2.509731650352478027e-01
6.054759621620178223e-01
2.353460527956485748e-02
9.256359338760375977e-01
9.913756251335144043e-01
9.595993757247924805e-01
3.677814602851867676e-01
5.391314625740051270e-01
9.924166202545166016e-01
7.831156849861145020e-01
9.923829436302185059e-01
9.812327623367309570e-01
9.964668750762939453e-01
5.902107357978820801e-01
9.977043271064758301e-01
9.965348243713378906e-01
4.834104795008897781e-03
9.878787994384765625e-01
8.401548862457275391e-01
3.020861446857452393e-01
9.892975687980651855e-01
8.843627572059631348e-01
9.157466888427734375e-01
5.815163254737854004e-01
3.321274518966674805e-01
9.967826604843139648e-01
9.866152405738830566e-01
5.852845060871914029e-05
9.954229593276977539e-01
9.969782829284667969e-01
9.921175241470336914e-01
9.877011775970458984e-01
9.655368328094482422e-01
9.839656949043273926e-01
9.835044145584106445e-01
9.172901511192321777e-01
9.900614023208618164e-01
9.924545288085937500e-01
9.948232173919677734e-01
9.950378537178039551e-01
9.990285038948059082e-01
9.941834807395935059e-01
9.887456297874450684e-01
9.833506345748901367e-01
7.740288376808166504e-01
9.432756900787353516e-01
9.764661788940429688e-01
9.049218297004699707e-01
7.576308846473693848e-01
9.984029531478881836e-01
9.912042617797851562e-01
9.940080046653747559e-01
9.806786179542541504e-01
2.620674371719360352e-01
1.973234713077545166e-01
8.238101005554199219e-01
9.960485696792602539e-01
9.847829341888427734e-01
2.351247966289520264e-01
2.966490089893341064e-01
9.926739931106567383e-01
8.254671692848205566e-01
8.168101906776428223e-01
9.918179512023925781e-01
9.951590299606323242e-01
7.986462116241455078e-01
4.015503227710723877e-01
1.426130384206771851e-01
9.940616488456726074e-01
3.800728321075439453e-01
9.710318446159362793e-01
9.943755269050598145e-01
9.934402108192443848e-01
2.337644696235656738e-01
6.868661940097808838e-02
9.808144569396972656e-01
9.977949857711791992e-01
9.922567605972290039e-01
9.743122458457946777e-01
2.325347065925598145e-01
9.942767620086669922e-01
9.943587183952331543e-01
9.988954067230224609e-01
9.915121197700500488e-01
9.811502695083618164e-01
9.989153146743774414e-01
5.521941781044006348e-01
5.238996744155883789e-01
9.569020271301269531e-01
9.118630290031433105e-01
9.959186315536499023e-01
6.568632721900939941e-01
4.631534591317176819e-02
7.233136892318725586e-02
9.942887425422668457e-01
9.974079728126525879e-01
9.957722425460815430e-01
9.927332997322082520e-01
9.936757087707519531e-01
9.139235615730285645e-01
9.519241452217102051e-01
9.209986329078674316e-01
7.466567754745483398e-01
9.952855110168457031e-01
9.961827397346496582e-01
8.812289237976074219e-01
8.463433980941772461e-01
9.945707321166992188e-01
9.981300234794616699e-01
9.806742072105407715e-01
9.501191973686218262e-01
9.920906424522399902e-01
9.822782278060913086e-01
9.818854928016662598e-01
9.840286970138549805e-01
9.320662021636962891e-01
9.949911236763000488e-01
9.931355118751525879e-01
9.675077795982360840e-01
7.047364711761474609e-01
9.938379526138305664e-01
9.931001663208007812e-01
9.829003810882568359e-01
8.199774622917175293e-01
9.306411147117614746e-01
9.324930310249328613e-01
9.956832528114318848e-01
9.180529117584228516e-01
6.592249274253845215e-01
9.954834580421447754e-01
9.939881563186645508e-01
8.464339971542358398e-01
9.414746761322021484e-01
9.941016435623168945e-01
9.771491289138793945e-01
9.522424340248107910e-01
9.230169653892517090e-01
4.104595184326171875e-01
6.561027169227600098e-01
1.217234879732131958e-01
8.394558429718017578e-01
6.149762272834777832e-01
9.959719181060791016e-01
9.988396763801574707e-01
9.792960286140441895e-01
9.888522028923034668e-01
9.946948289871215820e-01
9.976479411125183105e-01
9.787507057189941406e-01
9.173781275749206543e-01
3.490404188632965088e-01
5.818510651588439941e-01
5.298805832862854004e-01
9.999862313270568848e-01
9.994725584983825684e-01
9.887039661407470703e-01
9.792125821113586426e-01
9.948897957801818848e-01
7.349337010964518413e-06
1.730578369460999966e-04
3.674315661191940308e-02
9.784023761749267578e-01
6.137307354947552085e-05
2.513270010240375996e-04
2.366049587726593018e-02
4.021296650171279907e-02
9.999761581420898438e-01
9.995155930519104004e-01
9.989153742790222168e-01
9.894970059394836426e-01
9.993929862976074219e-01
1.914803870022296906e-02
7.335276603698730469e-01
6.852651238441467285e-01
2.075314670801162720e-01
4.712385833263397217e-01
9.500765204429626465e-01
9.039130210876464844e-01
6.312299370765686035e-01
9.999845623970031738e-01
9.982088208198547363e-01
9.875130653381347656e-01
9.926223158836364746e-01
9.886050224304199219e-01
3.866032138466835022e-02
9.897431135177612305e-01
9.974024891853332520e-01
4.471081197261810303e-01
4.668277502059936523e-01
9.654403328895568848e-01
9.087889194488525391e-01
7.604444026947021484e-01
9.995099306106567383e-01
9.980978965759277344e-01
9.886245131492614746e-01
7.093890011310577393e-02
5.859996676445007324e-01
9.995735883712768555e-01
8.731536567211151123e-02
9.432225227355957031e-01
9.913917779922485352e-01
2.137300372123718262e-01
3.740181624889373779e-01
8.712600469589233398e-01
4.796772599220275879e-01
9.996869564056396484e-01
9.981634616851806641e-01
9.887250065803527832e-01
1.464301049709320068e-01
1.158433780074119568e-01
9.992343187332153320e-01
3.204336462658829987e-05
9.111304879188537598e-01
9.988484382629394531e-01
7.955418550409376621e-04
8.276143111288547516e-03
8.934438228607177734e-01
9.482363462448120117e-01
9.999630451202392578e-01
9.992516636848449707e-01
9.973278045654296875e-01
9.259374737739562988e-01
9.869649410247802734e-01
9.998520612716674805e-01
2.570243179798126221e-02
9.903792738914489746e-01
9.998539090156555176e-01
1.907311230897903442e-01
8.860934376716613770e-01
7.465158700942993164e-01
6.205412149429321289e-01
9.999071359634399414e-01
9.990656375885009766e-01
9.957325458526611328e-01
4.912153184413909912e-01
6.551290750503540039e-01
9.997854828834533691e-01
3.364361450076103210e-02
6.715979576110839844e-01
1.823359876871109009e-01
4.139430224895477295e-01
8.025895357131958008e-01
9.827365875244140625e-01
9.344547390937805176e-01
9.999724030494689941e-01
9.988689422607421875e-01
9.928455352783203125e-01
9.851697683334350586e-01
9.901691079139709473e-01
9.873348474502563477e-01
5.989319086074829102e-02
9.605063796043395996e-01
9.806607365608215332e-01
9.860584735870361328e-01
9.611485600471496582e-01
9.907754659652709961e-01
8.708292245864868164e-01
9.998909831047058105e-01
9.990446567535400391e-01
9.943664073944091797e-01
8.469628691673278809e-01
9.810334444046020508e-01
9.993255734443664551e-01
5.080518126487731934e-02
9.558084011077880859e-01
9.869125485420227051e-01
9.934986233711242676e-01
1.669660414336249232e-04
9.515886306762695312e-01
9.968479275703430176e-01
9.999549388885498047e-01
9.983965754508972168e-01
9.837517738342285156e-01
9.463379979133605957e-01
9.867641329765319824e-01
9.789561629295349121e-01
6.061904504895210266e-02
9.113200902938842773e-01
9.888992905616760254e-01
9.249140024185180664e-01
1.574398130178451538e-01
4.991850554943084717e-01
9.830353260040283203e-01
9.999881982803344727e-01
9.983630776405334473e-01
9.876379370689392090e-01
9.759588241577148438e-01
9.806651473045349121e-01
9.773617386817932129e-01
7.965822517871856689e-02
9.816594123840332031e-01
9.928280711174011230e-01
9.842264652252197266e-01
5.728840231895446777e-01
8.993787765502929688e-01
9.826034903526306152e-01
9.987605214118957520e-01
9.995831847190856934e-01
6.621040105819702148e-01
9.955589175224304199e-01
1.347699016332626343e-01
9.964988231658935547e-01
9.958119988441467285e-01
9.936975836753845215e-01
5.031285881996154785e-01
9.949413537979125977e-01
9.961867332458496094e-01
9.876317977905273438e-01
9.642148613929748535e-01
9.990724325180053711e-01
9.997258782386779785e-01
9.860315322875976562e-01
9.960842132568359375e-01
9.915168881416320801e-01
9.963258504867553711e-01
9.643014669418334961e-01
3.454283475875854492e-01
9.846133589744567871e-01
9.942249655723571777e-01
9.942381381988525391e-01
7.113617658615112305e-01
2.076954841613769531e-01
9.996839165687561035e-01
9.996446967124938965e-01
9.960137605667114258e-01
9.914808273315429688e-01
6.767690181732177734e-01
9.991225004196166992e-01
2.467789873480796814e-02
8.448658585548400879e-01
9.947597980499267578e-01
3.083912888541817665e-04
1.238229568116366863e-03
8.990900218486785889e-02
2.884482145309448242e-01
9.996983408927917480e-01
9.993705153465270996e-01
9.960024952888488770e-01
9.679934382438659668e-01
6.048327088356018066e-01
9.986008405685424805e-01
9.955244660377502441e-01
9.153155088424682617e-01
9.955811500549316406e-01
9.965401291847229004e-01
9.969532489776611328e-01
1.482055038213729858e-01
4.782035052776336670e-01
9.995719194412231445e-01
9.996651411056518555e-01
9.975485205650329590e-01
9.957477450370788574e-01
7.780145108699798584e-02
9.995595812797546387e-01
9.964585900306701660e-01
4.076366126537322998e-01
9.819223284721374512e-01
9.955379366874694824e-01
9.967545866966247559e-01
9.348815679550170898e-01
9.354894161224365234e-01
9.982010722160339355e-01
9.996042847633361816e-01
4.231669902801513672e-01
9.965453743934631348e-01
9.923187494277954102e-01
2.914443314075469971e-01
9.967749714851379395e-01
9.783080220222473145e-01
5.135822892189025879e-01
9.958169460296630859e-01
9.966959953308105469e-01
9.524214267730712891e-01
7.317693233489990234e-01
9.988460540771484375e-01
9.995862841606140137e-01
9.496499896049499512e-01
9.915063977241516113e-01
9.897658824920654297e-01
9.947957992553710938e-01
9.961238503456115723e-01
9.139708280563354492e-01
5.364147424697875977e-01
9.702985286712646484e-01
9.864538311958312988e-01
9.283103346824645996e-01
9.493469595909118652e-01
9.997371435165405273e-01
9.993776679039001465e-01
9.963215589523315430e-01
7.318388819694519043e-01
9.132259488105773926e-01
9.987210035324096680e-01
7.530358433723449707e-01
9.048411250114440918e-02
4.962235689163208008e-02
9.404969811439514160e-01
9.889836311340332031e-01
1.707354336977005005e-01
7.878048717975616455e-02
9.992931485176086426e-01
9.996929764747619629e-01
9.763014316558837891e-01
9.927461743354797363e-01
9.876829385757446289e-01
9.992405176162719727e-01
9.412052631378173828e-01
5.796290636062622070e-01
1.016354858875274658e-01
8.229042887687683105e-01
7.727680206298828125e-01
9.906305074691772461e-01
6.650112569332122803e-02
9.519014358520507812e-01
8.645916581153869629e-01
1.532413810491561890e-01
9.968111515045166016e-01
3.555689752101898193e-01
3.485186100006103516e-01
9.969714283943176270e-01
9.958353042602539062e-01
9.902449250221252441e-01
2.540982961654663086e-01
9.949955940246582031e-01
9.965957999229431152e-01
9.851209521293640137e-01
6.573699712753295898e-01
2.248908579349517822e-01
1.962821334600448608e-01
9.966515898704528809e-01
9.834510684013366699e-01
9.947527647018432617e-01
9.974313378334045410e-01
1.537632793188095093e-01
2.131981216371059418e-02
9.940757155418395996e-01
9.993595480918884277e-01
9.790338873863220215e-01
9.907856583595275879e-01
9.997364282608032227e-01
9.986652731895446777e-01
9.969691038131713867e-01
9.770933985710144043e-01
9.805520176887512207e-01
9.973437786102294922e-01
9.874650835990905762e-01
6.603739261627197266e-01
4.354864358901977539e-02
5.199269652366638184e-01
9.841694235801696777e-01
8.090544939041137695e-01
2.989991605281829834e-01
9.974119663238525391e-01
9.990929961204528809e-01
9.981845617294311523e-01
9.957755804061889648e-01
8.715622425079345703e-01
9.987946748733520508e-01
9.910234808921813965e-01
3.876577102346345782e-05
3.020193427801132202e-02
9.941967129707336426e-01
9.940294027328491211e-01
3.906890196958556771e-05
5.647638812661170959e-03
9.963203668594360352e-01
9.980668425559997559e-01
9.982943534851074219e-01
9.962865114212036133e-01
1.974590122699737549e-01
9.983423948287963867e-01
9.946423768997192383e-01
9.796292185783386230e-01
5.583308339118957520e-01
9.938169717788696289e-01
9.955374598503112793e-01
8.995777368545532227e-01
9.676740765571594238e-01
9.993387460708618164e-01
9.992678165435791016e-01
9.980332255363464355e-01
9.485275149345397949e-01
9.561213254928588867e-01
8.618620038032531738e-01
9.801164269447326660e-01
9.969125390052795410e-01
1.386862546205520630e-01
9.907557368278503418e-01
9.902114868164062500e-01
6.579931974411010742e-01
9.951299428939819336e-01
9.935770034790039062e-01
9.976377487182617188e-01
9.981545805931091309e-01
9.940793514251708984e-01
5.542823672294616699e-01
9.980142712593078613e-01
9.934747219085693359e-01
9.998156428337097168e-01
9.910594224929809570e-01
9.323292374610900879e-01
9.957401156425476074e-01
9.861618876457214355e-01
8.825373053550720215e-01
9.997524619102478027e-01
9.992055892944335938e-01
9.979760646820068359e-01
9.651308059692382812e-01
3.234246373176574707e-01
9.986288547515869141e-01
9.780408740043640137e-01
9.932903051376342773e-01
9.938120841979980469e-01
4.459945261478424072e-01
9.891698956489562988e-01
1.715368926525115967e-01
9.817200303077697754e-01
9.986237287521362305e-01
9.986977577209472656e-01
9.983246326446533203e-01
9.940483570098876953e-01
9.949814081192016602e-01
9.985064268112182617e-01
9.921774268150329590e-01
9.894142746925354004e-01
9.863794445991516113e-01
8.583278059959411621e-01
7.391425371170043945e-01
9.698071479797363281e-01
3.836734294891357422e-01
9.864372611045837402e-01
9.984719753265380859e-01
9.985566735267639160e-01
9.938340783119201660e-01
9.963342547416687012e-01
9.975606203079223633e-01
9.932997226715087891e-01
9.798620343208312988e-01
9.660941362380981445e-01
9.659969210624694824e-01
7.510434389114379883e-01
9.906440973281860352e-01
9.639580249786376953e-01
9.996654391288757324e-01
9.980235099792480469e-01
9.937878847122192383e-01
9.697778820991516113e-01
9.909890294075012207e-01
9.880917072296142578e-01
9.818197488784790039e-01
9.966710805892944336e-01
4.548983275890350342e-01
5.732769966125488281e-01
9.645911455154418945e-01
9.536650776863098145e-01
8.176012039184570312e-01
9.995529651641845703e-01
9.987007975578308105e-01
9.943408370018005371e-01
9.684849381446838379e-01
9.858591556549072266e-01
9.809938669204711914e-01
9.895902872085571289e-01
9.669432044029235840e-01
7.003577947616577148e-01
9.934771656990051270e-01
9.898150563240051270e-01
9.883077144622802734e-01
8.535884022712707520e-01
9.422277212142944336e-01
9.985396265983581543e-01
4.450841546058654785e-01
9.962130784988403320e-01
7.752500772476196289e-01
4.835381358861923218e-02
9.945748448371887207e-01
9.533526897430419922e-01
1.065356514118320774e-08
9.936854839324951172e-01
9.943111538887023926e-01
8.929130434989929199e-01
9.113532304763793945e-01
9.239859580993652344e-01
6.639895439147949219e-01
4.543563425540924072e-01
9.960782527923583984e-01
3.113670349121093750e-01
5.008686780929565430e-01
9.941558837890625000e-01
9.987801313400268555e-01
9.943287968635559082e-01
9.938257336616516113e-01
9.820552468299865723e-01
6.802890896797180176e-01
8.057254552841186523e-01
9.966219067573547363e-01
9.799619913101196289e-01
9.206961393356323242e-01
9.894965887069702148e-01
7.608192563056945801e-01
9.928607940673828125e-01
9.935865998268127441e-01
9.998815059661865234e-01
9.962164759635925293e-01
8.660353422164916992e-01
9.952206611633300781e-01
9.902651906013488770e-01
9.620975852012634277e-01
9.985098242759704590e-01
9.894195795059204102e-01
9.736427068710327148e-01
9.912530183792114258e-01
9.248534440994262695e-01
6.695618629455566406e-01
9.930847287178039551e-01
9.970633387565612793e-01
9.986930489540100098e-01
9.428194761276245117e-01
9.913458824157714844e-01
9.959568381309509277e-01
9.973124861717224121e-01
9.980340600013732910e-01
9.888864159584045410e-01
9.331277012825012207e-01
9.945549964904785156e-01
9.921872019767761230e-01
9.839531183242797852e-01
9.929516315460205078e-01
9.882966279983520508e-01
9.713900685310363770e-01
9.216268658638000488e-01
9.359139204025268555e-01
9.730491638183593750e-01
8.021627068519592285e-01
9.167613387107849121e-01
5.607869029045104980e-01
4.298513531684875488e-01
9.958907365798950195e-01
8.554809093475341797e-01
7.283859252929687500e-01
9.950443506240844727e-01
9.956383705139160156e-01
9.823956489562988281e-01
9.793376922607421875e-01
9.839351177215576172e-01
9.937511086463928223e-01
9.837630391120910645e-01
9.995955228805541992e-01
9.967631697654724121e-01
9.840162396430969238e-01
6.757143139839172363e-01
2.927210628986358643e-01
3.996556997299194336e-01
9.995532035827636719e-01
8.915578126907348633e-01
9.993018507957458496e-01
8.765838295221328735e-02
1.544961892068386078e-02
9.776730537414550781e-01
7.951794862747192383e-01
9.996751546859741211e-01
9.987317919731140137e-01
9.927785992622375488e-01
8.037878870964050293e-01
9.220231771469116211e-01
7.915987372398376465e-01
9.998243451118469238e-01
9.855088591575622559e-01
9.998949766159057617e-01
2.897965013980865479e-01
9.267897605895996094e-01
9.343149662017822266e-01
3.974757492542266846e-01
9.993575215339660645e-01
9.965529441833496094e-01
9.815621972084045410e-01
3.748176693916320801e-01
5.011310577392578125e-01
7.541517019271850586e-01
9.994422197341918945e-01
5.492788553237915039e-01
8.325158357620239258e-01
4.314216673374176025e-01
8.461940288543701172e-01
9.835807085037231445e-01
9.384940862655639648e-01
9.996803402900695801e-01
9.980965256690979004e-01
9.904955625534057617e-01
9.647189974784851074e-01
9.875375628471374512e-01
9.830823540687561035e-01
8.746891617774963379e-01
9.865555167198181152e-01
9.939725995063781738e-01
9.916265010833740234e-01
3.921865522861480713e-01
9.335560798645019531e-01
9.142963886260986328e-01
9.996309876441955566e-01
9.982481598854064941e-01
9.920637607574462891e-01
9.381923675537109375e-01
9.675644040107727051e-01
9.573034644126892090e-01
9.880608320236206055e-01
9.485322833061218262e-01
9.873879551887512207e-01
9.470846056938171387e-01
8.965107798576354980e-01
7.946833372116088867e-01
9.861465692520141602e-01
9.996711015701293945e-01
9.985983967781066895e-01
9.935972094535827637e-01
9.132757186889648438e-01
9.637879729270935059e-01
9.205654263496398926e-01
9.902204871177673340e-01
9.734373092651367188e-01
9.893960356712341309e-01
9.964185953140258789e-01
4.671947360038757324e-01
9.692870378494262695e-01
9.894508719444274902e-01
9.991520047187805176e-01
9.990809559822082520e-01
9.947314262390136719e-01
9.610185027122497559e-01
9.856633543968200684e-01
9.846852421760559082e-01
9.995355010032653809e-01
9.929572939872741699e-01
9.993361830711364746e-01
9.938580989837646484e-01
9.941701889038085938e-01
3.411727026104927063e-03
1.437221770174801350e-03
9.996166229248046875e-01
9.981702566146850586e-01
9.930846095085144043e-01
8.927134871482849121e-01
7.480574846267700195e-01
9.529055356979370117e-01
9.997513890266418457e-01
9.764193892478942871e-01
6.949705481529235840e-01
9.929557442665100098e-01
9.925475716590881348e-01
9.884208440780639648e-01
6.203404664993286133e-01
9.996442198753356934e-01
9.971861243247985840e-01
9.889687299728393555e-01
2.129404619336128235e-02
9.303756356239318848e-01
6.329244375228881836e-01
9.993892908096313477e-01
4.918494224548339844e-01
5.393903255462646484e-01
9.994691014289855957e-01
3.226796984672546387e-01
6.508856415748596191e-01
5.761185288429260254e-01
9.996092319488525391e-01
9.961189031600952148e-01
9.881305694580078125e-01
7.114987969398498535e-01
8.502513170242309570e-01
8.496425747871398926e-01
9.990066885948181152e-01
8.637577891349792480e-01
2.526827752590179443e-01
9.996910691261291504e-01
9.908767938613891602e-01
8.647081255912780762e-01
9.482941627502441406e-01
9.007821679115295410e-01
7.942757010459899902e-01
3.191062808036804199e-01
9.958476424217224121e-01
2.649639546871185303e-01
6.749414205551147461e-01
3.712134063243865967e-02
9.940093159675598145e-01
8.468607068061828613e-01
9.971603155136108398e-01
9.918749928474426270e-01
9.919700026512145996e-01
1.264043003320693970e-01
9.993419647216796875e-01
9.981738328933715820e-01
9.883276820182800293e-01
9.932978749275207520e-01
9.905669689178466797e-01
9.908562898635864258e-01
9.373092651367187500e-01
9.936133623123168945e-01
9.872745871543884277e-01
9.974101185798645020e-01
9.945213198661804199e-01
9.936776757240295410e-01
4.494354128837585449e-01
9.981845617294311523e-01
9.977115988731384277e-01
9.716756343841552734e-01
9.684603214263916016e-01
9.526317715644836426e-01
9.191247224807739258e-01
9.994609355926513672e-01
9.934577345848083496e-01
9.959771037101745605e-01
9.928318262100219727e-01
9.891176819801330566e-01
9.690299034118652344e-01
9.808821678161621094e-01
9.978031516075134277e-01
9.988229274749755859e-01
9.879077672958374023e-01
9.539136290550231934e-01
8.426703214645385742e-01
9.481002092361450195e-01
8.805597424507141113e-01
9.942407608032226562e-01
9.755260348320007324e-01
9.507803916931152344e-01
2.644568122923374176e-02
2.219804823398590088e-01
9.956430196762084961e-01
9.996664524078369141e-01
9.988514184951782227e-01
9.948903918266296387e-01
7.357562184333801270e-01
9.442584514617919922e-01
9.894845485687255859e-01
9.998258352279663086e-01
9.924860596656799316e-01
9.938181638717651367e-01
9.995805025100708008e-01
9.456479549407958984e-01
2.219587191939353943e-02
4.335743375122547150e-03
9.991529583930969238e-01
9.988084435462951660e-01
9.928525090217590332e-01
9.542644619941711426e-01
9.877105355262756348e-01
9.903429746627807617e-01
9.996414780616760254e-01
9.922478199005126953e-01
9.950994849205017090e-01
9.998158812522888184e-01
9.879656434059143066e-01
9.739322066307067871e-01
3.266276419162750244e-02
9.981752038002014160e-01
9.991143345832824707e-01
9.967730045318603516e-01
9.737074971199035645e-01
9.239838719367980957e-01
9.883660674095153809e-01
9.998638033866882324e-01
9.927397966384887695e-01
9.987143874168395996e-01
9.999261498451232910e-01
9.924033880233764648e-01
9.744713306427001953e-01
9.384258389472961426e-01
9.996942877769470215e-01
9.988549351692199707e-01
9.939712882041931152e-01
7.114325165748596191e-01
9.799873828887939453e-01
9.903725981712341309e-01
9.860390424728393555e-01
9.865447282791137695e-01
9.925864338874816895e-01
9.903476238250732422e-01
8.784328699111938477e-01
9.454766511917114258e-01
9.988609552383422852e-01
9.996846318244934082e-01
9.985902309417724609e-01
9.930903911590576172e-01
9.103108644485473633e-01
9.849681854248046875e-01
9.912436008453369141e-01
9.876413941383361816e-01
9.921228289604187012e-01
9.943701624870300293e-01
9.853467345237731934e-01
9.918490648269653320e-01
9.948483705520629883e-01
1.959689520299434662e-02
9.995790719985961914e-01
9.988615512847900391e-01
9.933631420135498047e-01
9.379413723945617676e-01
9.838924407958984375e-01
9.910559654235839844e-01
9.129098653793334961e-01
9.910976886749267578e-01
9.950863122940063477e-01
9.948063492774963379e-01
9.930801391601562500e-01
9.681873917579650879e-01
6.591856479644775391e-01
9.997258186340332031e-01
9.985669255256652832e-01
9.929336309432983398e-01
5.806061625480651855e-01
9.720404744148254395e-01
9.893777370452880859e-01
9.961167573928833008e-01
9.908601641654968262e-01
9.917604923248291016e-01
9.550825953483581543e-01
9.612134099006652832e-01
5.751289129257202148e-01
9.942266345024108887e-01
9.985744953155517578e-01
9.679281711578369141e-01
4.388723671436309814e-01
9.888949990272521973e-01
9.590026736259460449e-01
9.840452671051025391e-01
9.271578788757324219e-01
9.927381873130798340e-01
9.976061582565307617e-01
9.860957860946655273e-01
9.098168015480041504e-01
9.019048213958740234e-01
8.153545856475830078e-01
9.988231062889099121e-01
9.889046549797058105e-01
9.142996072769165039e-01
9.868043661117553711e-01
9.756677150726318359e-01
9.798498153686523438e-01
9.708728194236755371e-01
9.934071898460388184e-01
9.997555017471313477e-01
9.813817739486694336e-01
8.571429252624511719e-01
9.745234251022338867e-01
9.933027625083923340e-01
9.977118372917175293e-01
9.769255518913269043e-01
8.472948670387268066e-01
9.950396418571472168e-01
9.785261750221252441e-01
9.614542126655578613e-01
9.185210466384887695e-01
9.937270879745483398e-01
9.976021051406860352e-01
9.913859367370605469e-01
9.271373748779296875e-01
9.854946732521057129e-01
9.264600276947021484e-01
9.996135830879211426e-01
9.986102581024169922e-01
9.916322231292724609e-01
9.688492417335510254e-01
9.895514845848083496e-01
9.853634238243103027e-01
9.967494010925292969e-01
9.923328161239624023e-01
9.949231743812561035e-01
9.588341712951660156e-01
9.579776525497436523e-01
9.784722924232482910e-01
3.861877620220184326e-01
9.993121623992919922e-01
9.964777231216430664e-01
9.625005125999450684e-01
9.850370883941650391e-01
9.924841523170471191e-01
9.884172677993774414e-01
9.973028302192687988e-01
9.929561018943786621e-01
9.937609434127807617e-01
9.786821603775024414e-01
8.563529849052429199e-01
5.873424410820007324e-01
8.574725985527038574e-01
