7.364257383518494349e-01
8.933596255060715086e-01
5.941234738057014075e-01
7.452068188486359324e-01
8.744141834501463206e-01
1.800437979041956960e-01
3.171202900031438454e-01
6.723510523264010219e-01
5.885639918359140133e-01
8.587061510636255779e-01
8.076116299399962450e-01
8.044860437512397766e-01
8.726937495745145101e-01
8.318710636634093492e-01
4.111883016303181648e-01
6.224916133164071219e-01
7.632809730499642287e-01
5.757812917805634756e-01
5.130895571066782512e-01
5.982483646545845302e-01
8.211896505493384568e-01
9.427047967910766602e-01
8.852780690559973742e-01
8.484928814264444119e-01
8.972928615716787570e-01
7.220000723520150210e-01
8.060687244869768620e-01
8.245859418669939656e-01
9.456929747874920356e-01
7.367877937280215006e-01
6.755407613057357041e-01
8.625319691804739231e-01
8.061476421470825660e-01
9.435726541739243300e-01
9.403922420281630723e-01
7.991887709269156481e-01
8.282027359192187799e-01
4.647520950978524801e-01
7.376328822798453588e-01
8.108730181478537302e-01
6.617968976497650146e-01
6.160650807693085484e-01
7.976241730726681967e-01
7.047797415692073075e-01
9.049409719613882297e-01
8.274040163725238095e-01
8.015057080640242138e-01
8.779394913178223403e-01
8.632990981523807061e-01
8.592784863251906602e-01
6.082247778988227882e-01
8.532939885671322333e-01
8.706596459333713067e-01
8.358961366690121908e-01
9.388514986405005480e-01
6.701046962004441054e-01
7.869408417206543715e-01
7.603458085885415052e-01
7.068590480261124354e-01
7.887613612871903213e-01
6.827691558708186559e-01
8.903060119885665147e-01
8.856120166870263821e-01
9.474510504649236164e-01
8.336679247709420926e-01
9.155464905958908828e-01
9.678533260638897406e-01
8.986814641035519857e-01
9.546163219671982558e-01
7.650660714449202260e-01
7.922927806010613416e-01
9.572123105709369195e-01
9.587320181039663547e-01
9.597026522342975152e-01
8.770017302953280192e-01
7.011414936815316690e-01
8.494000389025762043e-01
7.837308072126828451e-01
9.238841648285205377e-01
9.539545774459838867e-01
9.357616076102623914e-01
8.391567462285121071e-01
9.115349191885727675e-01
7.038596309721469879e-01
8.703283690489255209e-01
6.873321647827441705e-01
9.472158734615032660e-01
9.791189202895531629e-01
8.287995476275682449e-01
8.169844317464873829e-01
9.157305508852005005e-01
9.828203595601595621e-01
9.578924087377694851e-01
9.110510273335071796e-01
9.553113029553339519e-01
9.228953627439645535e-01
9.129224763466761150e-01
9.703642817643972629e-01
9.613292721601632840e-01
9.383921141807849420e-01
9.375460743904113770e-01
