9.452459216117858887e-01
9.745083451271057129e-01
9.542603492736816406e-01
9.878990054130554199e-01
9.669365286827087402e-01
9.827561378479003906e-01
9.287961125373840332e-01
9.938802719116210938e-01
9.830290675163269043e-01
9.705438613891601562e-01
9.828229546546936035e-01
9.943589568138122559e-01
9.995899200439453125e-01
9.996244907379150391e-01
9.995748400688171387e-01
7.832142114639282227e-01
8.387135267257690430e-01
9.999154806137084961e-01
9.715668559074401855e-01
9.605405926704406738e-01
9.904819726943969727e-01
9.875347018241882324e-01
9.985841512680053711e-01
9.959466457366943359e-01
9.973209500312805176e-01
9.757359027862548828e-01
9.922336339950561523e-01
9.794945716857910156e-01
9.671472907066345215e-01
9.143066406250000000e-01
8.720842599868774414e-01
9.991663098335266113e-01
9.787094593048095703e-01
9.923759102821350098e-01
9.801016449928283691e-01
9.957265257835388184e-01
9.997746944427490234e-01
9.996315240859985352e-01
9.983099699020385742e-01
9.851327538490295410e-01
9.971281290054321289e-01
9.867655634880065918e-01
9.870669841766357422e-01
9.300244450569152832e-01
9.582085013389587402e-01
9.816962480545043945e-01
9.641689658164978027e-01
9.166628718376159668e-01
8.941415548324584961e-01
9.952288269996643066e-01
9.972931742668151855e-01
9.962887763977050781e-01
9.886611104011535645e-01
9.963495135307312012e-01
9.988334178924560547e-01
9.912968873977661133e-01
9.976897835731506348e-01
9.999999403953552246e-01
9.993168115615844727e-01
9.918831586837768555e-01
9.423236250877380371e-01
9.752260446548461914e-01
9.990576505661010742e-01
5.435922741889953613e-01
9.100318551063537598e-01
9.953698515892028809e-01
9.709760546684265137e-01
7.317495942115783691e-01
9.949650168418884277e-01
9.952735900878906250e-01
9.998801946640014648e-01
9.997658133506774902e-01
9.998818039894104004e-01
9.903451204299926758e-01
9.516753554344177246e-01
9.970101118087768555e-01
9.969838857650756836e-01
9.669531583786010742e-01
9.600262641906738281e-01
9.947783350944519043e-01
9.958057999610900879e-01
9.967608451843261719e-01
9.913913011550903320e-01
9.511510729789733887e-01
9.977015256881713867e-01
9.424744248390197754e-01
9.265466332435607910e-01
9.993525147438049316e-01
9.987502694129943848e-01
9.336338639259338379e-01
9.996365308761596680e-01
9.979317784309387207e-01
9.960395097732543945e-01
9.964224696159362793e-01
9.356011152267456055e-01
9.922164082527160645e-01
9.988169074058532715e-01
9.972594380378723145e-01
9.877498149871826172e-01
9.959048628807067871e-01
9.922880530357360840e-01
9.408946633338928223e-01
8.786892890930175781e-01
9.832886457443237305e-01
9.868105649948120117e-01
9.265272021293640137e-01
9.952872395515441895e-01
9.858620166778564453e-01
9.611998200416564941e-01
9.956429004669189453e-01
9.976009130477905273e-01
9.942262172698974609e-01
9.929450750350952148e-01
9.980230927467346191e-01
9.982397556304931641e-01
9.905851483345031738e-01
8.973907232284545898e-01
9.556026458740234375e-01
9.914107918739318848e-01
9.942294955253601074e-01
9.848512411117553711e-01
9.885061979293823242e-01
9.132892489433288574e-01
8.144661784172058105e-01
9.868069291114807129e-01
9.948217272758483887e-01
9.999245405197143555e-01
9.992409348487854004e-01
9.987195134162902832e-01
9.977262616157531738e-01
7.828244566917419434e-01
8.498829007148742676e-01
9.872105121612548828e-01
9.997316598892211914e-01
9.745216369628906250e-01
9.944396615028381348e-01
9.974470734596252441e-01
9.493225216865539551e-01
7.298719286918640137e-01
9.974390864372253418e-01
9.999877214431762695e-01
9.989996552467346191e-01
9.982835650444030762e-01
9.959962368011474609e-01
9.113945364952087402e-01
9.551351666450500488e-01
9.923391938209533691e-01
9.999434351921081543e-01
9.532207250595092773e-01
9.488196372985839844e-01
9.929252266883850098e-01
9.510167241096496582e-01
9.966042041778564453e-01
9.306052923202514648e-01
9.722366929054260254e-01
9.924468398094177246e-01
9.948747158050537109e-01
9.712932109832763672e-01
9.602556228637695312e-01
9.721755385398864746e-01
9.724740982055664062e-01
9.847861528396606445e-01
9.884188771247863770e-01
9.957615137100219727e-01
9.958495497703552246e-01
9.964370131492614746e-01
9.973689913749694824e-01
9.904196858406066895e-01
9.684709906578063965e-01
9.469895958900451660e-01
9.513047933578491211e-01
9.692546725273132324e-01
9.834456443786621094e-01
9.875900745391845703e-01
9.522879123687744141e-01
9.547038078308105469e-01
9.760674834251403809e-01
9.987181425094604492e-01
9.923743605613708496e-01
9.900420904159545898e-01
9.955139160156250000e-01
9.975605607032775879e-01
9.994640946388244629e-01
9.242552518844604492e-01
9.559624195098876953e-01
9.714295864105224609e-01
9.978222250938415527e-01
9.751083850860595703e-01
9.469864368438720703e-01
9.399857521057128906e-01
9.730287194252014160e-01
9.780815243721008301e-01
9.993816018104553223e-01
9.881508350372314453e-01
9.939392805099487305e-01
9.945905804634094238e-01
9.990389943122863770e-01
8.870320916175842285e-01
9.126158356666564941e-01
9.461552500724792480e-01
9.946601986885070801e-01
9.328083395957946777e-01
8.796331286430358887e-01
9.121205806732177734e-01
9.893438220024108887e-01
9.918554425239562988e-01
9.580467343330383301e-01
9.999316930770874023e-01
9.965586662292480469e-01
9.989012479782104492e-01
9.795970320701599121e-01
9.779837131500244141e-01
9.880281686782836914e-01
9.176420569419860840e-01
9.811294078826904297e-01
9.571419954299926758e-01
9.662553668022155762e-01
9.819972515106201172e-01
9.924476742744445801e-01
9.981088638305664062e-01
9.978925585746765137e-01
9.960330128669738770e-01
9.963613748550415039e-01
9.982788562774658203e-01
9.928648471832275391e-01
