3.981284201145172119e-01
5.635131001472473145e-01
1.824416071176528931e-01
3.501893579959869385e-01
1.624960899353027344e-01
1.958653517067432404e-02
3.250894844532012939e-01
4.048604071140289307e-01
6.137897968292236328e-01
4.212793707847595215e-01
5.246368050575256348e-01
2.263206243515014648e-01
2.132447808980941772e-01
4.418756067752838135e-01
5.315145254135131836e-01
2.159742871299386024e-03
2.130141714587807655e-03
2.426969259977340698e-01
5.126347299665212631e-03
2.887101378291845322e-03
7.804855238646268845e-03
1.522167325019836426e-01
5.725151300430297852e-02
2.877278923988342285e-01
1.968364417552947998e-01
1.501396596431732178e-01
2.001198977231979370e-01
2.400203645229339600e-01
4.780814349651336670e-01
7.767989039421081543e-01
1.754416674375534058e-01
7.963390946388244629e-01
5.303907394409179688e-01
2.100847363471984863e-01
6.826174259185791016e-02
2.031905204057693481e-01
2.971689105033874512e-01
2.103509902954101562e-01
9.006570279598236084e-02
2.332112198928371072e-04
5.507665872573852539e-01
3.249191939830780029e-01
4.212540686130523682e-01
8.040945529937744141e-01
4.081391096115112305e-01
7.377915978431701660e-01
5.887079238891601562e-01
3.515501022338867188e-01
2.341119050979614258e-01
5.899102687835693359e-01
1.474722027778625488e-01
5.106159448623657227e-01
2.021911293268203735e-01
1.215444728732109070e-01
3.988315463066101074e-01
7.616252303123474121e-01
3.273634016513824463e-01
6.117865443229675293e-01
2.235530763864517212e-01
3.928236365318298340e-01
3.195306062698364258e-01
5.999144315719604492e-01
1.476544141769409180e-01
7.134798914194107056e-02
4.430769979953765869e-01
4.280370473861694336e-01
1.698176860809326172e-01
1.988119632005691528e-02
5.056414380669593811e-02
5.913986563682556152e-01
5.487269163131713867e-01
9.859215617179870605e-01
2.951957881450653076e-01
5.233751726336777210e-04
6.320572495460510254e-01
1.036194711923599243e-01
2.194186449050903320e-01
1.308204680681228638e-01
2.284532487392425537e-01
3.941194415092468262e-01
3.893947303295135498e-01
1.050341054797172546e-01
1.985620409250259399e-01
6.382942199707031250e-01
5.565108060836791992e-01
7.141271829605102539e-01
4.072530567646026611e-01
6.983326375484466553e-02
2.116478979587554932e-01
4.749895334243774414e-01
2.101871073246002197e-01
1.587937176227569580e-01
3.911902606487274170e-01
5.407317876815795898e-01
3.562651872634887695e-01
7.758876681327819824e-02
3.732528686523437500e-01
4.950615167617797852e-01
5.675175189971923828e-01
1.825016438961029053e-01
3.015449047088623047e-01
3.560917684808373451e-03
2.187525331974029541e-01
3.093717396259307861e-01
2.322815656661987305e-01
2.672946155071258545e-01
6.689708232879638672e-01
4.059254527091979980e-01
4.508135318756103516e-01
7.279341109097003937e-03
2.498971223831176758e-01
2.770783007144927979e-01
5.945201516151428223e-01
6.312333941459655762e-01
1.958457827568054199e-01
1.891389547381550074e-04
7.948330640792846680e-01
4.246014058589935303e-01
4.964216649532318115e-01
2.090100049972534180e-01
2.178340554237365723e-01
4.813433289527893066e-01
9.489134550094604492e-01
4.668868146836757660e-03
4.503102302551269531e-01
7.491086423397064209e-02
4.255570173263549805e-01
7.054197192192077637e-01
9.978525340557098389e-03
1.666121631860733032e-01
1.972131133079528809e-01
4.408155381679534912e-02
5.948532819747924805e-01
2.349010668694972992e-02
3.910902142524719238e-01
6.484251022338867188e-01
3.900989890098571777e-01
7.387182675302028656e-03
4.128836691379547119e-01
3.066847026348114014e-01
4.165097177028656006e-01
5.775993466377258301e-01
2.923922836780548096e-01
1.721214270219206810e-03
4.169793725013732910e-01
4.413521885871887207e-01
3.319109976291656494e-01
1.007820665836334229e-01
1.789859384298324585e-01
4.016153216361999512e-01
1.167678013443946838e-01
5.968257784843444824e-02
6.923665404319763184e-01
1.786092668771743774e-01
3.210563659667968750e-01
6.171916127204895020e-01
4.165891110897064209e-01
1.985369175672531128e-01
5.711402893066406250e-01
5.378919839859008789e-01
2.342361807823181152e-01
6.459625903517007828e-03
3.309091925621032715e-01
6.058489084243774414e-01
6.539995670318603516e-01
8.955939279076119419e-07
4.066944718360900879e-01
9.743446111679077148e-01
4.948781132698059082e-01
9.910259842872619629e-01
2.196567654609680176e-01
1.785140186548233032e-01
4.480411410331726074e-01
1.967522203922271729e-01
2.252292782068252563e-01
1.914110928773880005e-01
1.435627043247222900e-02
5.716753005981445312e-01
7.855840921401977539e-01
5.970606803894042969e-01
5.032703280448913574e-01
2.328570187091827393e-01
5.894691348075866699e-01
7.326825261116027832e-01
4.061261713504791260e-01
9.394506365060806274e-02
3.017723858356475830e-01
2.185832858085632324e-01
2.442515641450881958e-01
8.724071085453033447e-02
2.561241090297698975e-01
5.950748920440673828e-01
4.746419191360473633e-02
6.762074828147888184e-01
4.641919136047363281e-01
1.377039551734924316e-01
1.150480061769485474e-01
3.624477982521057129e-01
3.815296292304992676e-01
1.383791794069111347e-03
7.965005636215209961e-01
6.144568920135498047e-01
3.139569163322448730e-01
4.211352765560150146e-01
2.080670893192291260e-01
5.934621691703796387e-01
4.602180719375610352e-01
6.149861216545104980e-01
2.041773945093154907e-01
6.712248921394348145e-01
4.113704711198806763e-02
5.953537821769714355e-01
6.143540740013122559e-01
1.919738203287124634e-01
3.504574596881866455e-01
3.847617805004119873e-01
1.158756241202354431e-01
1.895410120487213135e-01
5.892954468727111816e-01
4.152955114841461182e-01
6.484671235084533691e-01
2.422750145196914673e-01
2.494666725397109985e-01
7.921409606933593750e-01
8.017744421958923340e-01
