4.521738886833190918e-01
5.968419313430786133e-01
4.502820968627929688e-02
6.906781792640686035e-01
1.775217205286026001e-01
6.066675782203674316e-01
3.356980383396148682e-01
3.827919960021972656e-01
6.203526854515075684e-01
7.691207528114318848e-01
5.917870402336120605e-01
1.883928626775741577e-01
3.326207697391510010e-01
3.716771900653839111e-01
5.489307641983032227e-01
7.309510558843612671e-02
8.168299496173858643e-02
8.230422139167785645e-01
5.858634114265441895e-01
3.949069082736968994e-01
1.967679858207702637e-01
2.447057887911796570e-02
1.938507854938507080e-01
5.736556649208068848e-01
7.098646163940429688e-01
1.909493803977966309e-01
2.552337646484375000e-01
3.438353538513183594e-01
5.997046232223510742e-01
5.833764076232910156e-01
1.570503562688827515e-01
8.110899329185485840e-01
5.718736648559570312e-01
3.847557008266448975e-01
1.919522583484649658e-01
5.502079725265502930e-01
3.775260150432586670e-01
5.926015973091125488e-01
4.841785430908203125e-01
5.944713018834590912e-03
1.798956692218780518e-01
1.620066612958908081e-01
6.875972151756286621e-01
9.416113607585430145e-03
8.483004570007324219e-02
4.197757840156555176e-01
2.953907251358032227e-01
5.871408581733703613e-01
3.452385216951370239e-02
3.893804550170898438e-01
3.353333473205566406e-01
5.931091308593750000e-01
2.439667582511901855e-01
2.391324751079082489e-02
6.840921193361282349e-02
3.890629410743713379e-01
7.869678139686584473e-01
3.989214897155761719e-01
5.920422077178955078e-01
2.040617763996124268e-01
3.008811036124825478e-04
4.091784358024597168e-01
8.162066340446472168e-02
3.195436671376228333e-02
5.181765300221741199e-04
5.987295135855674744e-02
1.576049625873565674e-01
3.123545832931995392e-02
2.845586836338043213e-02
1.240097135305404663e-01
1.581572443246841431e-01
7.719760537147521973e-01
3.920799493789672852e-01
3.457279503345489502e-02
7.633246779441833496e-01
5.361763238906860352e-01
2.738352119922637939e-01
2.130216509103775024e-01
4.588328599929809570e-01
4.631948173046112061e-01
5.065948367118835449e-01
1.731127500534057617e-01
1.806858181953430176e-01
3.062198758125305176e-01
3.722857236862182617e-01
4.030456244945526123e-01
2.231424514320679009e-05
2.071236849587876350e-05
7.965605258941650391e-01
2.190133035182952881e-01
4.471784457564353943e-03
5.574182271957397461e-01
2.762635350227355957e-01
5.044654607772827148e-01
1.908157169818878174e-01
2.611001729965209961e-01
5.823356914333999157e-04
6.206647157669067383e-01
3.138583600521087646e-01
4.216041862964630127e-01
2.138868272304534912e-01
9.666963666677474976e-02
4.701033234596252441e-01
3.707275688648223877e-01
6.010812520980834961e-01
5.272429436445236206e-02
4.413168430328369141e-01
4.451924264430999756e-01
2.834335565567016602e-01
1.877343980595469475e-03
2.251129895448684692e-01
1.701026260852813721e-01
5.922559499740600586e-01
5.654051899909973145e-01
3.836285173892974854e-01
2.110567390918731689e-01
6.146210432052612305e-01
8.012554645538330078e-01
4.049752652645111084e-01
1.216367781162261963e-01
2.418657392263412476e-02
2.163180708885192871e-01
7.601603269577026367e-01
7.587891817092895508e-02
1.913066394627094269e-02
2.598980069160461426e-01
8.174422979354858398e-01
4.180522561073303223e-01
8.423808217048645020e-02
2.057836800813674927e-01
6.486485004425048828e-01
5.897591710090637207e-01
1.723574995994567871e-01
1.801604330539703369e-01
4.616046845912933350e-01
8.215906023979187012e-01
4.539614915847778320e-01
7.427923381328582764e-02
2.838874459266662598e-01
3.892941176891326904e-01
3.288896679878234863e-01
1.887050718069076538e-01
2.304212301969528198e-01
2.242339309304952621e-03
4.572508037090301514e-01
7.949564456939697266e-01
4.766674637794494629e-01
1.919768452644348145e-01
6.344092488288879395e-01
2.586818337440490723e-01
2.086479365825653076e-01
2.953600883483886719e-01
4.624010324478149414e-01
1.424403637647628784e-01
3.684467673301696777e-01
2.529975175857543945e-01
3.562082350254058838e-01
1.481460779905319214e-01
4.312379360198974609e-01
2.567997276782989502e-01
5.899482369422912598e-01
3.970380425453186035e-01
4.045065343379974365e-01
1.856200397014617920e-01
6.549319028854370117e-01
1.296967566013336182e-01
3.257466554641723633e-01
7.401288300752639771e-02
3.646359443664550781e-01
2.913648486137390137e-01
1.681131273508071899e-01
2.676472067832946777e-01
5.836334824562072754e-01
7.580116987228393555e-01
5.856239199638366699e-01
5.666926503181457520e-01
3.969982266426086426e-01
4.747371673583984375e-01
6.175528764724731445e-01
5.123132467269897461e-01
3.290260732173919678e-01
3.986072838306427002e-01
8.178397417068481445e-01
4.044059514999389648e-01
5.548321604728698730e-01
1.388872128416096530e-08
7.713490724563598633e-01
5.189611762762069702e-02
6.654440164566040039e-01
4.271341562271118164e-01
2.134787440299987793e-01
3.564980030059814453e-01
5.846613645553588867e-01
3.987040221691131592e-01
1.709257215261459351e-01
2.133261114358901978e-01
6.137084364891052246e-01
3.638935387134552002e-01
5.665073394775390625e-01
1.488531976938247681e-01
7.730867862701416016e-01
2.745592594146728516e-01
7.927355766296386719e-01
4.776692390441894531e-01
2.427422851324081421e-01
2.428873479366302490e-01
7.124013900756835938e-01
7.011112570762634277e-01
2.209385484457015991e-01
2.244691401720046997e-01
5.439562797546386719e-01
3.918218016624450684e-01
2.280876636505126953e-01
2.213231921195983887e-01
9.779787063598632812e-01
2.187855094671249390e-01
6.058992147445678711e-01
6.501673460006713867e-01
1.946325153112411499e-01
2.768503427505493164e-01
6.531661748886108398e-01
8.681793212890625000e-01
2.939975587651133537e-03
2.015182971954345703e-01
2.221071124076843262e-01
