8.931353092193603516e-01
9.739193320274353027e-01
9.955723881721496582e-01
9.868871569633483887e-01
9.786878824234008789e-01
9.960015416145324707e-01
9.850319623947143555e-01
9.490633606910705566e-01
9.245677590370178223e-01
9.912673234939575195e-01
9.913846254348754883e-01
9.536611437797546387e-01
8.915706276893615723e-01
8.821609020233154297e-01
9.997732043266296387e-01
3.613498210906982422e-01
7.639263868331909180e-01
9.999982714653015137e-01
8.535396456718444824e-01
9.305738210678100586e-01
9.628474116325378418e-01
9.891549944877624512e-01
9.652863144874572754e-01
9.940693378448486328e-01
9.884532094001770020e-01
9.837509393692016602e-01
9.164222478866577148e-01
9.125388264656066895e-01
9.994479417800903320e-01
8.881629109382629395e-01
6.252963542938232422e-01
9.889255762100219727e-01
9.676073789596557617e-01
9.729564189910888672e-01
9.266669154167175293e-01
9.549129009246826172e-01
9.555944204330444336e-01
9.956218004226684570e-01
9.593133330345153809e-01
9.607874751091003418e-01
9.127179384231567383e-01
9.552940130233764648e-01
9.999843835830688477e-01
9.012097120285034180e-01
9.677829742431640625e-01
9.531848430633544922e-01
9.577665328979492188e-01
9.976987838745117188e-01
9.684321880340576172e-01
8.758268952369689941e-01
8.406132459640502930e-01
9.932392239570617676e-01
9.501390457153320312e-01
9.036611914634704590e-01
8.483511805534362793e-01
9.361621737480163574e-01
9.997634291648864746e-01
9.999877214431762695e-01
9.971169233322143555e-01
9.787553548812866211e-01
8.400012850761413574e-01
9.965485334396362305e-01
9.494053125381469727e-01
7.895150184631347656e-01
8.494057059288024902e-01
9.764468669891357422e-01
9.513912200927734375e-01
9.830508232116699219e-01
9.271257519721984863e-01
9.647626876831054688e-01
9.600262641906738281e-01
8.244270086288452148e-01
9.230791926383972168e-01
9.835145473480224609e-01
9.962840080261230469e-01
8.129707574844360352e-01
9.534064531326293945e-01
9.999471306800842285e-01
9.338924288749694824e-01
9.889703989028930664e-01
9.774381518363952637e-01
9.631448984146118164e-01
9.405618309974670410e-01
9.059498310089111328e-01
9.997575283050537109e-01
8.790842294692993164e-01
9.147037863731384277e-01
9.914234280586242676e-01
9.952285885810852051e-01
9.445022344589233398e-01
9.511155486106872559e-01
9.662773013114929199e-01
9.838671088218688965e-01
9.897953867912292480e-01
9.788765311241149902e-01
9.697204828262329102e-01
8.797363638877868652e-01
9.862214326858520508e-01
9.999769926071166992e-01
9.263699650764465332e-01
9.825125932693481445e-01
9.868209958076477051e-01
9.754025340080261230e-01
9.758577346801757812e-01
9.966543316841125488e-01
9.103972315788269043e-01
8.863884806632995605e-01
9.989512562751770020e-01
9.373019933700561523e-01
9.233447313308715820e-01
8.730078339576721191e-01
9.113069176673889160e-01
9.994115233421325684e-01
9.940299987792968750e-01
9.953600168228149414e-01
9.788287281990051270e-01
8.265500664710998535e-01
9.385147690773010254e-01
9.973298311233520508e-01
9.256591796875000000e-01
8.687941431999206543e-01
9.841129779815673828e-01
9.538227319717407227e-01
9.575532078742980957e-01
9.192807078361511230e-01
9.564594626426696777e-01
9.902802109718322754e-01
8.836178779602050781e-01
9.348998069763183594e-01
9.942103624343872070e-01
9.968113303184509277e-01
9.456367492675781250e-01
9.859122037887573242e-01
9.826917052268981934e-01
9.900621175765991211e-01
8.012296557426452637e-01
9.583196640014648438e-01
9.998694062232971191e-01
9.996287822723388672e-01
9.995756149291992188e-01
9.195998907089233398e-01
8.694942593574523926e-01
9.304645061492919922e-01
9.859416484832763672e-01
9.830168485641479492e-01
9.501990079879760742e-01
9.936376214027404785e-01
9.839391112327575684e-01
9.777293205261230469e-01
9.510558247566223145e-01
8.620360493659973145e-01
9.824270606040954590e-01
9.903854727745056152e-01
9.945273399353027344e-01
9.956806302070617676e-01
9.687392711639404297e-01
9.762182235717773438e-01
9.912416338920593262e-01
9.697760939598083496e-01
9.792860150337219238e-01
9.913251399993896484e-01
9.441559314727783203e-01
9.063933491706848145e-01
8.484457731246948242e-01
9.866885542869567871e-01
9.475942254066467285e-01
9.122837185859680176e-01
9.980470538139343262e-01
9.922346472740173340e-01
9.507805109024047852e-01
9.827389121055603027e-01
9.833043813705444336e-01
9.181164503097534180e-01
9.817540049552917480e-01
9.975166916847229004e-01
9.484633207321166992e-01
9.495067596435546875e-01
8.872910737991333008e-01
9.927203655242919922e-01
9.742026925086975098e-01
8.576413393020629883e-01
9.297859072685241699e-01
9.998961091041564941e-01
9.548007249832153320e-01
9.784077405929565430e-01
9.904936552047729492e-01
9.788537025451660156e-01
9.574041962623596191e-01
9.963855743408203125e-01
9.591324329376220703e-01
9.159342050552368164e-01
9.241343736648559570e-01
9.934480190277099609e-01
9.852120280265808105e-01
9.169385433197021484e-01
9.111242294311523438e-01
9.994394779205322266e-01
8.638924360275268555e-01
9.612012505531311035e-01
9.900660514831542969e-01
9.887549877166748047e-01
9.742743372917175293e-01
9.932822585105895996e-01
9.661544561386108398e-01
9.668187499046325684e-01
9.270356893539428711e-01
9.916787743568420410e-01
9.922672510147094727e-01
9.454434514045715332e-01
9.080821871757507324e-01
9.956966638565063477e-01
9.351633787155151367e-01
9.803176522254943848e-01
9.800831079483032227e-01
9.786044359207153320e-01
9.748216271400451660e-01
9.982354640960693359e-01
9.629621505737304688e-01
9.369121193885803223e-01
9.372903704643249512e-01
9.968887567520141602e-01
9.532753229141235352e-01
9.429005384445190430e-01
8.878828883171081543e-01
9.328303933143615723e-01
