7.561388267920567952e-01
8.367969708947035068e-01
5.963272142667287445e-01
7.372005462129891384e-01
6.451833462879921210e-01
5.433643986501780487e-01
7.145766868041112385e-01
8.309971234546258412e-01
6.483256328277863245e-01
8.931816174433782063e-01
8.968072258509122152e-01
7.479153573513031006e-01
8.179213748528406658e-01
7.179823408906276239e-01
2.458103165168162851e-01
6.043995087249920406e-01
7.131152532708185943e-01
4.783976994686571782e-01
7.801606471721942437e-01
7.786562729340332778e-01
5.102938775447770636e-01
8.358928125638228623e-01
8.854735103937295682e-01
8.111942846041458877e-01
8.378248719068673855e-01
6.734426689083472528e-01
8.247021711789644938e-01
7.187426392562114019e-01
9.445821551176217801e-01
8.101433775513074975e-01
8.698497735537015219e-01
8.234630227088928223e-01
8.423966306906479629e-01
8.892723505313580024e-01
9.427951069978567356e-01
9.089826207894545762e-01
8.782930557544414985e-01
5.688939381673298046e-01
3.883869815767516664e-01
7.569477593956085437e-01
8.700685362122245747e-01
6.811676030923929925e-01
4.671690275583667007e-01
7.867525088099333042e-01
8.611835420418244569e-01
7.936709157964707551e-01
6.436908960414047254e-01
6.660246959744164919e-01
9.163752404543069607e-01
4.853994261759977946e-01
6.453239267494246256e-01
7.746856728425393079e-01
6.194931023503438272e-01
7.360994850213711249e-01
9.020645847687354113e-01
9.224471220603356336e-01
8.206001061659592422e-01
9.245803447870107883e-01
8.621509694136105795e-01
5.061395433104525221e-01
7.076447869420428027e-01
8.775251867392888094e-01
3.151548078435902900e-01
8.007813371144808512e-01
7.687350345345643765e-01
8.744684068056253201e-01
5.955244789902980340e-01
8.720156372247191978e-01
9.540981604502751789e-01
7.850420983203758585e-01
8.786008220452529160e-01
9.330411278284512777e-01
9.383153869555547200e-01
9.114649387506338352e-01
9.221293100943932508e-01
8.159871718483618919e-01
5.767167326197383259e-01
8.699239441988398935e-01
9.147336483001708984e-01
7.825641035891871544e-01
8.205540768305161770e-01
7.075205691731892843e-01
7.092263343242498630e-01
8.342610441683966371e-01
8.210957600520207844e-01
8.752671021681565078e-01
9.027099540600409533e-01
8.257673420370198469e-01
8.179262314851467597e-01
7.398664341020887436e-01
7.913237653959256379e-01
8.254840030119969807e-01
9.430891183706430203e-01
8.445015228711642008e-01
9.430859684944152832e-01
8.616374524740072482e-01
8.938149580588707899e-01
9.195366731056799914e-01
8.646806959922497260e-01
8.153501084217658068e-01
8.644820726834810953e-01
