9.678619503974914551e-01
9.999999403953552246e-01
1.317593008279800415e-01
1.628677397966384888e-01
9.277021288871765137e-01
9.995612502098083496e-01
4.010764956474304199e-01
3.040631413459777832e-01
9.818241596221923828e-01
9.986549019813537598e-01
9.571692943572998047e-01
9.991320371627807617e-01
9.981324076652526855e-01
8.565615862607955933e-02
9.999998807907104492e-01
5.752098560333251953e-01
7.077301740646362305e-01
9.236440658569335938e-01
9.979550838470458984e-01
8.092238306999206543e-01
9.425196647644042969e-01
9.937031269073486328e-01
9.956958889961242676e-01
9.873472452163696289e-01
8.614801168441772461e-01
9.981955289840698242e-01
9.334142669104039669e-05
3.185905516147613525e-02
1.000000000000000000e+00
1.401259680278599262e-03
2.128797769546508789e-02
9.999996423721313477e-01
8.150546550750732422e-01
6.942247152328491211e-01
2.304286807775497437e-01
9.994552135467529297e-01
9.713404178619384766e-01
9.871485233306884766e-01
9.999603033065795898e-01
2.978078919113613665e-05
2.527011334896087646e-01
9.999999403953552246e-01
9.357553124427795410e-01
1.709365993738174438e-01
9.995657801628112793e-01
6.891335248947143555e-01
7.278617620468139648e-01
8.302631378173828125e-01
9.996458888053894043e-01
9.785658121109008789e-01
9.991723299026489258e-01
9.999760985374450684e-01
1.708985567092895508e-01
7.260940037667751312e-05
9.999113082885742188e-01
8.356222510337829590e-01
2.439971864223480225e-01
9.419068694114685059e-01
4.215774536132812500e-01
9.966959953308105469e-01
5.874502062797546387e-01
9.157757163047790527e-01
3.958082199096679688e-01
8.787164688110351562e-01
9.989506602287292480e-01
6.525167822837829590e-02
7.682768255472183228e-02
9.999983310699462891e-01
9.813122153282165527e-01
4.862010180950164795e-01
1.675928831100463867e-01
7.095432877540588379e-01
9.491091966629028320e-01
3.595444262027740479e-01
8.216633432311937213e-06
2.955722510814666748e-01
9.734892249107360840e-01
9.992867708206176758e-01
3.083410263061523438e-01
8.835312724113464355e-01
1.000000000000000000e+00
7.030261754989624023e-01
6.247087717056274414e-01
9.082775712013244629e-01
9.988832473754882812e-01
4.495600163936614990e-01
8.987286090850830078e-01
9.999880790710449219e-01
9.141804575920104980e-01
2.645587325096130371e-01
3.357129693031311035e-01
2.472705021500587463e-02
6.839622259140014648e-01
9.999939799308776855e-01
8.633339405059814453e-01
9.618217945098876953e-01
8.648990988731384277e-01
9.979650378227233887e-01
8.979848027229309082e-01
5.114052891731262207e-01
9.975695610046386719e-01
9.997381567955017090e-01
9.998904466629028320e-01
9.996712207794189453e-01
2.009342163801193237e-01
1.338394582271575928e-01
9.999826550483703613e-01
9.631161093711853027e-01
4.838732481002807617e-01
2.162156067788600922e-02
9.747189283370971680e-01
7.679449915885925293e-01
9.409807920455932617e-01
9.186869263648986816e-01
2.679036557674407959e-01
9.979538917541503906e-01
7.566767930984497070e-01
7.841101288795471191e-01
8.540543317794799805e-01
9.999973773956298828e-01
8.033920526504516602e-01
9.656798243522644043e-01
8.466122150421142578e-01
9.953180551528930664e-01
9.622386097908020020e-01
8.995113968849182129e-01
9.358935952186584473e-01
6.903783082962036133e-01
8.881888389587402344e-01
9.859862923622131348e-01
7.698460817337036133e-01
9.537380337715148926e-01
9.999994635581970215e-01
8.801128268241882324e-01
8.574967384338378906e-01
8.721862435340881348e-01
9.974893331527709961e-01
8.506556153297424316e-01
9.588771462440490723e-01
8.980056047439575195e-01
9.977093338966369629e-01
6.796682476997375488e-01
9.427092671394348145e-01
3.065357804298400879e-01
9.578560590744018555e-01
9.999997019767761230e-01
4.508873820304870605e-01
3.369772732257843018e-01
9.284248948097229004e-01
9.975172281265258789e-01
6.346752047538757324e-01
7.033936977386474609e-01
9.036355018615722656e-01
9.980995655059814453e-01
9.928526282310485840e-01
5.120447278022766113e-01
5.925262570381164551e-01
9.485903978347778320e-01
9.999813437461853027e-01
3.198651373386383057e-01
5.372533202171325684e-01
8.935550451278686523e-01
9.987065196037292480e-01
6.465148925781250000e-01
8.949574232101440430e-01
8.520695567131042480e-01
9.977608323097229004e-01
9.894549846649169922e-01
9.617421627044677734e-01
1.087135523557662964e-01
9.996457099914550781e-01
7.569450736045837402e-01
6.095444411039352417e-02
8.629984855651855469e-01
9.993622303009033203e-01
3.346547484397888184e-01
3.083296418190002441e-01
9.149269461631774902e-01
9.990862011909484863e-01
9.887394309043884277e-01
9.994435310363769531e-01
9.999704360961914062e-01
9.999998807907104492e-01
5.178038030862808228e-03
5.872099101543426514e-02
3.186670318245887756e-02
1.402520947158336639e-02
3.062046598643064499e-04
2.518341504037380219e-02
5.738117098808288574e-01
2.887982130050659180e-01
6.669782305834814906e-05
3.037958592176437378e-02
4.278296828269958496e-01
7.393677830696105957e-01
5.093332752585411072e-02
3.817277848720550537e-01
9.999428987503051758e-01
1.453183405101299286e-02
1.623594611883163452e-01
9.999961256980895996e-01
3.671636879444122314e-01
2.282614409923553467e-01
9.327663779258728027e-01
9.993305206298828125e-01
7.223152518272399902e-01
9.981080293655395508e-01
9.997568726539611816e-01
5.092154443264007568e-02
2.449596114456653595e-02
9.997836351394653320e-01
9.346924424171447754e-01
6.857803463935852051e-02
9.991396069526672363e-01
7.219826579093933105e-01
7.005275487899780273e-01
8.065269589424133301e-01
9.996075630187988281e-01
9.663427472114562988e-01
9.979050159454345703e-01
9.999945759773254395e-01
9.973689317703247070e-01
2.427597157657146454e-02
9.864885210990905762e-01
7.497113347053527832e-01
1.243270635604858398e-01
4.893964529037475586e-02
2.531320452690124512e-01
6.972755789756774902e-01
3.651221692562103271e-01
8.474432252114638686e-05
1.045658886432647705e-01
8.698770403861999512e-01
9.980011582374572754e-01
7.270237207412719727e-01
6.898629069328308105e-01
9.962045550346374512e-01
8.685951828956604004e-01
8.700769543647766113e-01
9.619240164756774902e-01
9.677211046218872070e-01
3.936037123203277588e-01
8.207612633705139160e-01
9.999729394912719727e-01
8.382233381271362305e-01
2.776832878589630127e-01
7.304354310035705566e-01
3.621039390563964844e-01
5.420854091644287109e-01
9.944202899932861328e-01
6.514311432838439941e-01
8.448626399040222168e-01
8.155054450035095215e-01
9.990554451942443848e-01
8.443868756294250488e-01
1.025427132844924927e-01
9.995391964912414551e-01
9.677736163139343262e-01
9.990916252136230469e-01
9.997332096099853516e-01
9.909235835075378418e-01
7.416126900352537632e-04
9.514865279197692871e-01
7.003298997879028320e-01
9.877093881368637085e-02
5.616669077426195145e-03
9.149565100669860840e-01
3.762001991271972656e-01
4.562743604183197021e-01
8.503287434577941895e-01
1.781081557273864746e-01
9.767132401466369629e-01
1.333699673414230347e-01
9.856025576591491699e-01
7.262359261512756348e-01
9.921504855155944824e-01
9.268959164619445801e-01
3.243003785610198975e-01
8.539581298828125000e-01
9.906101226806640625e-01
9.095404148101806641e-01
8.974015116691589355e-01
9.754761457443237305e-01
5.239733457565307617e-01
7.696286439895629883e-01
9.908329844474792480e-01
8.675251007080078125e-01
9.809888601303100586e-01
9.940633773803710938e-01
7.831028699874877930e-01
8.216596841812133789e-01
9.795503616333007812e-01
9.927736520767211914e-01
8.479293584823608398e-01
9.261122941970825195e-01
9.641169905662536621e-01
9.939603209495544434e-01
4.137044250965118408e-01
9.456683397293090820e-01
7.272377014160156250e-01
9.701494574546813965e-01
9.924703240394592285e-01
7.059242725372314453e-01
6.736321449279785156e-01
9.367645978927612305e-01
9.924898743629455566e-01
7.978579401969909668e-01
5.015786290168762207e-01
8.413212299346923828e-01
9.918172359466552734e-01
9.760580062866210938e-01
4.382242858409881592e-01
9.448924064636230469e-01
7.385577559471130371e-01
9.963990449905395508e-01
5.033997297286987305e-01
5.247544050216674805e-01
9.858758449554443359e-01
9.964596033096313477e-01
5.645261406898498535e-01
8.062322139739990234e-01
8.771728873252868652e-01
9.947705268859863281e-01
9.811547994613647461e-01
9.775279760360717773e-01
9.999988675117492676e-01
9.986303448677062988e-01
4.581966996192932129e-01
9.997133612632751465e-01
8.352388143539428711e-01
5.693281069397926331e-03
3.441509306430816650e-01
9.555191993713378906e-01
9.619139432907104492e-01
3.724047681316733360e-03
2.818865478038787842e-01
9.101501107215881348e-01
9.999385476112365723e-01
9.961755275726318359e-01
9.995980858802795410e-01
9.736246466636657715e-01
7.044292688369750977e-01
5.581392645835876465e-01
9.980726242065429688e-01
9.015836715698242188e-01
9.326815605163574219e-01
3.877040743827819824e-01
9.702017307281494141e-01
9.922512173652648926e-01
3.071315884590148926e-01
9.995349645614624023e-01
2.653785049915313721e-01
4.891912937164306641e-01
9.997934699058532715e-01
8.024923801422119141e-01
3.089324198663234711e-02
9.998776316642761230e-01
5.848154425621032715e-01
2.545646131038665771e-01
9.247173666954040527e-01
9.993351697921752930e-01
9.930500984191894531e-01
9.995490908622741699e-01
9.999960064888000488e-01
8.731304407119750977e-01
9.882678389549255371e-01
9.873589277267456055e-01
8.718486428260803223e-01
9.968296289443969727e-01
9.549220800399780273e-01
9.041117429733276367e-01
9.986996054649353027e-01
8.999580144882202148e-01
9.343913197517395020e-01
8.758845925331115723e-01
9.945837259292602539e-01
9.995814561843872070e-01
9.980573058128356934e-01
9.979463815689086914e-01
9.809889197349548340e-01
6.474779844284057617e-01
9.996404051780700684e-01
8.117734789848327637e-01
6.859223246574401855e-01
9.378377795219421387e-01
9.555609822273254395e-01
2.985995961353182793e-04
5.483071208000183105e-01
9.680778384208679199e-01
9.999747872352600098e-01
8.167177438735961914e-01
9.845166802406311035e-01
9.963263273239135742e-01
9.188065528869628906e-01
9.289404749870300293e-01
7.871840596199035645e-01
9.987568259239196777e-01
8.701462745666503906e-01
9.556860923767089844e-01
9.999233484268188477e-01
9.995127916336059570e-01
4.487317800521850586e-01
6.027981042861938477e-01
4.578591883182525635e-01
8.854649066925048828e-01
9.942922592163085938e-01
6.763829588890075684e-01
9.067218899726867676e-01
9.267125129699707031e-01
9.984010457992553711e-01
4.517332315444946289e-01
4.091417491436004639e-01
9.986895322799682617e-01
9.997876286506652832e-01
9.998942017555236816e-01
9.999381899833679199e-01
9.885679483413696289e-01
9.967192411422729492e-01
9.413009285926818848e-01
6.435109376907348633e-01
9.989314079284667969e-01
7.060076594352722168e-01
8.241817355155944824e-01
6.503676772117614746e-01
9.825243353843688965e-01
6.500461101531982422e-01
6.628902554512023926e-01
9.990167617797851562e-01
9.070912003517150879e-01
9.378629922866821289e-01
9.953131079673767090e-01
9.862321019172668457e-01
5.074508786201477051e-01
9.970242977142333984e-01
8.603029847145080566e-01
9.643062949180603027e-01
6.332741975784301758e-01
9.063185453414916992e-01
9.818008542060852051e-01
8.790087699890136719e-01
9.119049906730651855e-01
9.997405409812927246e-01
9.114722013473510742e-01
9.800326824188232422e-01
9.879972934722900391e-01
9.195405244827270508e-01
9.799978137016296387e-01
8.975127935409545898e-01
9.676581621170043945e-01
9.000418186187744141e-01
9.741000533103942871e-01
9.802345633506774902e-01
9.805992841720581055e-01
7.782817482948303223e-01
9.988674521446228027e-01
6.745862960815429688e-01
9.458051919937133789e-01
9.935873746871948242e-01
8.856957554817199707e-01
8.535420894622802734e-01
9.656303524971008301e-01
9.845748543739318848e-01
9.124501347541809082e-01
8.747093081474304199e-01
9.919242262840270996e-01
9.890664815902709961e-01
7.878758907318115234e-01
9.573261141777038574e-01
8.211224675178527832e-01
9.632710218429565430e-01
9.924703240394592285e-01
8.344160318374633789e-01
8.885394930839538574e-01
9.646368622779846191e-01
9.891491532325744629e-01
4.730229377746582031e-01
8.484664559364318848e-01
9.794819951057434082e-01
9.880228638648986816e-01
8.855813145637512207e-01
7.896288037300109863e-01
9.999996423721313477e-01
9.999817609786987305e-01
9.230623245239257812e-01
9.772812128067016602e-01
9.725697636604309082e-01
4.048840480663784547e-07
1.727687485981732607e-04
6.099977493286132812e-01
9.925795793533325195e-01
3.954244917614424537e-12
2.319159762009803671e-07
2.535574436187744141e-01
6.664183139801025391e-01
9.999998807907104492e-01
9.998380541801452637e-01
9.999713301658630371e-01
4.640129394829273224e-03
9.995156526565551758e-01
6.445681719924323261e-06
7.089831342454999685e-05
3.732549026608467102e-03
8.685461282730102539e-01
4.807438381249085069e-05
3.835662500932812691e-03
8.975625969469547272e-03
1.598503291606903076e-01
9.999837875366210938e-01
9.911089539527893066e-01
9.303733110427856445e-01
8.865106701850891113e-01
9.932461977005004883e-01
1.880991272628307343e-02
8.210718631744384766e-01
9.977016448974609375e-01
4.362019896507263184e-01
1.413368061184883118e-02
7.646335363388061523e-01
9.896265864372253418e-01
9.969187378883361816e-01
9.999929070472717285e-01
9.909192323684692383e-01
9.266757965087890625e-01
8.444372415542602539e-01
9.807928204536437988e-01
9.759073257446289062e-01
9.573365449905395508e-01
9.694751501083374023e-01
9.865928888320922852e-01
2.783351374091580510e-05
7.053149342536926270e-01
9.734287858009338379e-01
9.999895095825195312e-01
9.999998807907104492e-01
9.987004399299621582e-01
9.851458072662353516e-01
2.524407804012298584e-01
8.393645286560058594e-01
9.974101781845092773e-01
4.569091327510932388e-09
9.954111576080322266e-01
9.996484518051147461e-01
2.366772093864710769e-07
8.060677791945636272e-04
7.862524986267089844e-01
9.999988079071044922e-01
9.999998211860656738e-01
9.990796446800231934e-01
9.911718368530273438e-01
7.141932845115661621e-02
8.685280680656433105e-01
9.999948740005493164e-01
4.857351537793874741e-03
1.141477003693580627e-01
9.999717473983764648e-01
1.263335288967937231e-04
1.385019719600677490e-02
1.128230127505958080e-03
8.922224864363670349e-03
9.999901652336120605e-01
9.817300438880920410e-01
7.438051700592041016e-01
9.832767248153686523e-01
9.801689386367797852e-01
8.112864494323730469e-01
1.587510854005813599e-02
9.626201391220092773e-01
9.525781869888305664e-01
2.022439241409301758e-02
8.022027611732482910e-01
9.999188780784606934e-01
9.741056561470031738e-01
9.999943375587463379e-01
9.906680583953857422e-01
8.896136879920959473e-01
8.272070884704589844e-01
9.866002202033996582e-01
9.407676458358764648e-01
1.709764637053012848e-02
8.137044906616210938e-01
9.669864177703857422e-01
9.603483676910400391e-01
8.362093567848205566e-01
9.662190079689025879e-01
9.999697208404541016e-01
9.999908208847045898e-01
9.831108450889587402e-01
8.320142030715942383e-01
9.022809267044067383e-01
9.911134243011474609e-01
9.701036810874938965e-01
4.053820297122001648e-02
8.384337425231933594e-01
9.921684265136718750e-01
8.333543539047241211e-01
3.211775765521451831e-05
9.346059560775756836e-01
9.999752044677734375e-01
9.999987483024597168e-01
9.973570704460144043e-01
9.673190712928771973e-01
3.127259612083435059e-01
9.189907908439636230e-01
9.886792898178100586e-01
3.622347488999366760e-03
1.814037114381790161e-01
9.412622451782226562e-01
9.999191164970397949e-01
1.262527424842119217e-03
5.641017854213714600e-02
9.990305900573730469e-01
9.999995231628417969e-01
9.955715537071228027e-01
9.286935925483703613e-01
5.763609409332275391e-01
9.215528964996337891e-01
9.528423547744750977e-01
9.631154127418994904e-03
3.908418715000152588e-01
9.526044726371765137e-01
7.846646308898925781e-01
2.603722270578145981e-03
2.211100310087203979e-01
9.218443036079406738e-01
9.977904558181762695e-01
9.972910881042480469e-01
9.973018169403076172e-01
9.985507130622863770e-01
8.817058801651000977e-01
9.999555945396423340e-01
2.858138978481292725e-01
9.163404703140258789e-01
8.462989926338195801e-01
9.959745407104492188e-01
9.971793293952941895e-01
9.987598657608032227e-01
9.999154806137084961e-01
9.999323487281799316e-01
9.999901056289672852e-01
9.981241822242736816e-01
2.252803891897201538e-01
6.515387892723083496e-01
8.807463943958282471e-02
2.251098304986953735e-02
9.315072298049926758e-01
2.108218222856521606e-01
7.567077130079269409e-02
8.810427784919738770e-02
2.937847375869750977e-01
7.248522639274597168e-01
9.991874694824218750e-01
9.994711279869079590e-01
8.903365731239318848e-01
9.287993311882019043e-01
9.866183400154113770e-01
9.822058677673339844e-01
9.975813736673444510e-05
6.453884840011596680e-01
9.940764307975769043e-01
4.698835865554426040e-17
5.386735324464098085e-08
1.389563232660293579e-01
8.240712881088256836e-01
9.838879108428955078e-01
9.913709759712219238e-01
9.791049957275390625e-01
9.931973218917846680e-01
7.389911413192749023e-01
9.995087981224060059e-01
9.998450279235839844e-01
2.627791166305541992e-01
9.975821971893310547e-01
9.999974370002746582e-01
9.968047738075256348e-01
6.494931131601333618e-02
6.289473921060562134e-02
9.999366402626037598e-01
9.999884366989135742e-01
9.994894266128540039e-01
5.657047629356384277e-01
3.070465475320816040e-02
9.627655744552612305e-01
9.473716616630554199e-01
9.689497947692871094e-01
9.537591338157653809e-01
3.983436226844787598e-01
2.100841403007507324e-01
3.534802934154868126e-03
1.277767866849899292e-02
9.930170774459838867e-01
9.997577667236328125e-01
7.659364938735961914e-01
8.858660459518432617e-01
9.235247969627380371e-01
9.127874970436096191e-01
9.272017478942871094e-01
2.391129583120346069e-01
9.181273579597473145e-01
3.505230844020843506e-01
6.448315978050231934e-01
3.615014255046844482e-01
6.471054553985595703e-01
9.957885146141052246e-01
9.985485076904296875e-01
9.652150869369506836e-01
9.971114993095397949e-01
8.505544662475585938e-01
9.950472116470336914e-01
9.997681379318237305e-01
9.943104982376098633e-01
5.411106944084167480e-01
9.843638539314270020e-01
5.324456691741943359e-01
9.226083159446716309e-01
9.499671459197998047e-01
9.885966777801513672e-01
9.973429441452026367e-01
9.860259294509887695e-01
9.913305044174194336e-01
8.497942090034484863e-01
9.981002211570739746e-01
9.993189573287963867e-01
9.713386893272399902e-01
8.803500533103942871e-01
9.615308642387390137e-01
9.594863653182983398e-01
7.058182358741760254e-01
7.027789354324340820e-01
9.449338316917419434e-01
9.736328125000000000e-01
9.896516799926757812e-01
9.972460865974426270e-01
2.874957919120788574e-01
9.388750791549682617e-01
9.997376799583435059e-01
9.355155229568481445e-01
3.447607457637786865e-01
3.105404078960418701e-01
9.933876991271972656e-01
9.890227317810058594e-01
9.630013108253479004e-01
9.914261102676391602e-01
9.956506490707397461e-01
9.919122457504272461e-01
8.810587525367736816e-01
5.753672122955322266e-01
9.821372628211975098e-01
9.996749758720397949e-01
9.706310033798217773e-01
9.737731814384460449e-01
8.233361244201660156e-01
9.836445450782775879e-01
9.374253153800964355e-01
9.135071039199829102e-01
9.290855526924133301e-01
9.970101118087768555e-01
9.998269081115722656e-01
9.990313649177551270e-01
5.200468897819519043e-01
9.979014396667480469e-01
8.602448105812072754e-01
4.940800070762634277e-01
4.289667904376983643e-01
9.983105063438415527e-01
9.927720427513122559e-01
9.998403787612915039e-01
9.908457994461059570e-01
9.980033636093139648e-01
9.977529644966125488e-01
9.998554587364196777e-01
9.905450940132141113e-01
2.254156917333602905e-01
9.992300868034362793e-01
2.489293515682220459e-01
1.187127083539962769e-02
1.499297022819519043e-01
1.250893110409379005e-04
1.379693150520324707e-01
6.238317489624023438e-01
1.963549256324768066e-01
9.987072944641113281e-01
9.985594153404235840e-01
9.997682571411132812e-01
9.908540248870849609e-01
3.560437262058258057e-01
9.963725805282592773e-01
9.735228419303894043e-01
3.153500438202172518e-05
1.833404530771076679e-03
9.999856948852539062e-01
9.994803667068481445e-01
7.100358605384826660e-01
1.741872280836105347e-01
9.845808744430541992e-01
9.920053482055664062e-01
9.993627071380615234e-01
9.988560080528259277e-01
8.566046357154846191e-01
6.976150870323181152e-01
9.993810057640075684e-01
8.872278332710266113e-01
1.421778462827205658e-02
9.996989369392395020e-01
9.993757009506225586e-01
9.995794892311096191e-01
9.793220162391662598e-01
9.999632835388183594e-01
9.999492168426513672e-01
9.999935030937194824e-01
1.748129576444625854e-01
1.986318733543157578e-03
4.653986692428588867e-01
1.089460849761962891e-01
4.379755817353725433e-03
3.115630825050175190e-04
1.808015108108520508e-01
2.260632999241352081e-02
8.606348186731338501e-02
5.179982632398605347e-02
9.327977299690246582e-01
9.852681159973144531e-01
9.993934035301208496e-01
9.969196319580078125e-01
2.606067657470703125e-01
9.887956380844116211e-01
9.912493824958801270e-01
8.989057540893554688e-01
4.490374922752380371e-01
5.892526507377624512e-01
4.992445111274719238e-01
8.569080233573913574e-01
9.617782831192016602e-01
9.847735166549682617e-01
9.947037696838378906e-01
9.996190667152404785e-01
9.923821687698364258e-01
8.180566877126693726e-02
9.811236858367919922e-01
9.335989952087402344e-01
9.267588257789611816e-01
5.055640935897827148e-01
2.899637520313262939e-01
9.942958950996398926e-01
3.284711539745330811e-01
9.804948568344116211e-01
9.329877495765686035e-01
9.351482987403869629e-01
9.907040596008300781e-01
9.920700788497924805e-01
9.053848385810852051e-01
4.806696474552154541e-01
9.782936573028564453e-01
9.543069601058959961e-01
9.479629397392272949e-01
8.996731042861938477e-01
9.801877140998840332e-01
6.149345636367797852e-01
7.557656764984130859e-01
9.893769621849060059e-01
9.984416365623474121e-01
9.997680187225341797e-01
9.315373897552490234e-01
2.230931818485260010e-01
7.350562214851379395e-01
8.629273772239685059e-01
9.255048632621765137e-02
1.421204656362533569e-01
6.625873446464538574e-01
8.228154182434082031e-01
2.081005126237869263e-01
7.344321161508560181e-02
9.969517588615417480e-01
9.869929552078247070e-01
9.475164413452148438e-01
9.311683177947998047e-01
9.214802384376525879e-01
9.902084469795227051e-01
9.530141353607177734e-01
9.988083243370056152e-01
6.928448677062988281e-01
7.606233702972531319e-05
9.222742319107055664e-01
9.966961741447448730e-01
9.981713294982910156e-01
9.947245121002197266e-01
9.922638535499572754e-01
9.193261861801147461e-01
9.864839315414428711e-01
8.489603400230407715e-01
9.842063784599304199e-01
9.639993309974670410e-01
9.765275716781616211e-01
8.437559008598327637e-01
9.996603727340698242e-01
9.935380816459655762e-01
9.035298824310302734e-01
9.962997436523437500e-01
1.251953691244125366e-01
9.908670783042907715e-01
9.789005517959594727e-01
9.986128211021423340e-01
7.387169599533081055e-01
9.663000702857971191e-01
9.991933107376098633e-01
5.909538865089416504e-01
1.699288724921643734e-03
9.993178248405456543e-01
9.992195367813110352e-01
9.999433159828186035e-01
8.166272640228271484e-01
9.920124411582946777e-01
9.971947669982910156e-01
9.620828628540039062e-01
9.150165319442749023e-01
6.982252001762390137e-01
8.998163938522338867e-01
7.908194661140441895e-01
7.590889930725097656e-01
9.991557598114013672e-01
6.320496201515197754e-01
8.034551739692687988e-01
9.999675154685974121e-01
9.729259610176086426e-01
9.688037633895874023e-01
9.939571619033813477e-01
9.449740648269653320e-01
9.634707570075988770e-01
8.964718580245971680e-01
7.403398156166076660e-01
8.843571543693542480e-01
9.814809560775756836e-01
9.991861581802368164e-01
8.120869398117065430e-01
9.571977853775024414e-01
9.908687472343444824e-01
9.963394999504089355e-01
9.419556260108947754e-01
9.860122203826904297e-01
9.025957584381103516e-01
9.695110321044921875e-01
9.172281026840209961e-01
9.892011284828186035e-01
9.476359486579895020e-01
8.986392617225646973e-01
9.999423623085021973e-01
6.990909576416015625e-01
9.694840908050537109e-01
9.827778935432434082e-01
9.940256476402282715e-01
7.924627065658569336e-01
9.909313917160034180e-01
9.926653504371643066e-01
9.815846085548400879e-01
9.076619744300842285e-01
8.294329047203063965e-01
9.666047096252441406e-01
8.654215335845947266e-01
9.962759017944335938e-01
7.938964962959289551e-01
9.698275923728942871e-01
7.730358839035034180e-01
9.892431497573852539e-01
8.169910907745361328e-01
9.812723994255065918e-01
9.898086786270141602e-01
9.843165874481201172e-01
8.952925205230712891e-01
8.692736029624938965e-01
9.975543618202209473e-01
9.278416037559509277e-01
9.989907145500183105e-01
7.271668910980224609e-01
9.775789976119995117e-01
8.632809519767761230e-01
9.583126306533813477e-01
9.993678331375122070e-01
9.866319298744201660e-01
9.532577395439147949e-01
9.496309161186218262e-01
8.947268128395080566e-01
9.337255954742431641e-01
9.560430645942687988e-01
9.943642020225524902e-01
9.652518033981323242e-01
2.624418084652517524e-15
1.279072648685541935e-06
9.749402403831481934e-01
9.998918175697326660e-01
9.933632016181945801e-01
9.960409402847290039e-01
9.914322495460510254e-01
9.795739650726318359e-01
4.910317063331604004e-01
5.065156817436218262e-01
9.999932646751403809e-01
2.133489400148391724e-01
9.997359514236450195e-01
7.250707312778104097e-06
1.576973795890808105e-01
5.245662480592727661e-02
1.161203682422637939e-01
9.955413937568664551e-01
9.816234111785888672e-01
8.275379538536071777e-01
8.402334451675415039e-01
9.654067158699035645e-01
9.831561446189880371e-01
7.864342927932739258e-01
9.879146218299865723e-01
9.923775792121887207e-01
1.099646178772673011e-04
9.707346558570861816e-01
9.999723434448242188e-01
9.779687523841857910e-01
9.933379292488098145e-01
9.539080262184143066e-01
7.212413549423217773e-01
9.814144968986511230e-01
9.686553478240966797e-01
9.776582717895507812e-01
6.405658721923828125e-01
9.495158195495605469e-01
9.927705526351928711e-01
8.174690604209899902e-01
9.036828279495239258e-01
9.918572902679443359e-01
9.994605779647827148e-01
9.515816569328308105e-01
9.866452217102050781e-01
9.570454359054565430e-01
9.977292418479919434e-01
9.684199094772338867e-01
7.795682549476623535e-01
9.612414836883544922e-01
5.554963350296020508e-01
9.717950224876403809e-01
9.995703697204589844e-01
4.952793233314878307e-07
4.456857964396476746e-02
9.996713399887084961e-01
9.962562918663024902e-01
9.917527437210083008e-01
9.030693769454956055e-01
9.762577414512634277e-01
8.445563912391662598e-01
9.152973294258117676e-01
8.940005302429199219e-01
7.096167206764221191e-01
9.566975235939025879e-01
9.470216631889343262e-01
1.546637213323265314e-04
5.537676811218261719e-01
9.787543416023254395e-01
9.996229410171508789e-01
9.997403025627136230e-01
9.986603856086730957e-01
6.180770397186279297e-01
1.047482565045356750e-01
1.372565329074859619e-01
9.489973187446594238e-01
9.275271892547607422e-01
9.997459650039672852e-01
9.997780919075012207e-01
9.992057681083679199e-01
1.368437558412551880e-01
3.275638520717620850e-01
9.991669058799743652e-01
9.973062872886657715e-01
9.495010375976562500e-01
4.461131989955902100e-01
3.554204404354095459e-01
9.719984531402587891e-01
9.664291143417358398e-01
2.230690717697143555e-01
9.176745414733886719e-01
4.004284441471099854e-01
5.485521256923675537e-02
9.899216294288635254e-01
9.480580091476440430e-01
9.995148181915283203e-01
9.933244585990905762e-01
9.523702263832092285e-01
8.779777288436889648e-01
8.622899055480957031e-01
9.814753532409667969e-01
9.621532559394836426e-01
3.074485361576080322e-01
9.882225990295410156e-01
9.906585216522216797e-01
5.911796385760226258e-09
9.329636096954345703e-01
9.969945549964904785e-01
9.996905326843261719e-01
9.977084994316101074e-01
9.910333752632141113e-01
6.980300545692443848e-01
2.503755986690521240e-01
9.200931787490844727e-01
9.967374205589294434e-01
6.416996717453002930e-01
8.000440597534179688e-01
9.993534088134765625e-01
9.918451309204101562e-01
3.877865374088287354e-01
9.998474121093750000e-01
7.169264554977416992e-01
8.720909357070922852e-01
9.701240658760070801e-01
9.998588562011718750e-01
7.073082923889160156e-01
8.914788365364074707e-01
9.209973216056823730e-01
9.997723698616027832e-01
6.953234076499938965e-01
9.985281229019165039e-01
9.999991059303283691e-01
6.347951889038085938e-01
9.712693691253662109e-01
9.989430904388427734e-01
9.971800446510314941e-01
9.924579262733459473e-01
9.661211967468261719e-01
4.627789556980133057e-01
9.014994502067565918e-01
9.979571104049682617e-01
9.866459965705871582e-01
8.584452271461486816e-01
9.986349940299987793e-01
9.909909963607788086e-01
9.907686114311218262e-01
5.928058028221130371e-01
9.323238730430603027e-01
9.910727739334106445e-01
9.582501053810119629e-01
8.808529376983642578e-01
6.954813599586486816e-01
9.615252017974853516e-01
9.999822378158569336e-01
8.686032891273498535e-01
7.607690095901489258e-01
8.584501147270202637e-01
8.669105768203735352e-01
9.542585611343383789e-01
6.495405454188585281e-03
9.221068024635314941e-01
9.731112718582153320e-01
9.876148104667663574e-01
9.844557642936706543e-01
1.898509114980697632e-01
9.089180827140808105e-01
9.989819526672363281e-01
9.994730949401855469e-01
9.722362756729125977e-01
9.932784438133239746e-01
5.153363943099975586e-01
6.841061115264892578e-01
5.035710930824279785e-01
9.439137578010559082e-01
9.753500819206237793e-01
9.891972541809082031e-01
9.132947325706481934e-01
7.818521857261657715e-01
7.142220735549926758e-01
9.996046423912048340e-01
9.734917879104614258e-01
3.537422716617584229e-01
9.633530974388122559e-01
9.497801065444946289e-01
2.124337328268666170e-07
6.046143919229507446e-02
5.206354856491088867e-01
6.131386756896972656e-01
9.243637919425964355e-01
9.924716949462890625e-01
7.577152252197265625e-01
8.234052062034606934e-01
9.894783496856689453e-01
9.920510053634643555e-01
9.049942493438720703e-01
8.768805265426635742e-01
9.871698021888732910e-01
8.941415548324584961e-01
1.076338253915309906e-02
9.569606184959411621e-01
9.909298419952392578e-01
9.980367422103881836e-01
9.062858223915100098e-01
8.884751200675964355e-01
3.436692357063293457e-01
9.582552909851074219e-01
9.237968921661376953e-01
8.175569176673889160e-01
7.291190028190612793e-01
9.216119050979614258e-01
4.659161269664764404e-01
8.306785225868225098e-01
9.729219079017639160e-01
9.891845583915710449e-01
8.242565989494323730e-01
9.574294686317443848e-01
9.436891674995422363e-01
9.887681007385253906e-01
7.813697457313537598e-01
8.970966339111328125e-01
9.675045013427734375e-01
9.921091794967651367e-01
9.741646647453308105e-01
9.998690485954284668e-01
9.717949628829956055e-01
9.941722750663757324e-01
9.948669075965881348e-01
9.036629796028137207e-01
7.684679031372070312e-01
6.193233728408813477e-01
9.917731881141662598e-01
9.017323255538940430e-01
5.024105310440063477e-01
8.095086216926574707e-01
7.576577663421630859e-01
7.535769343376159668e-01
9.993425607681274414e-01
9.820244312286376953e-01
7.565432786941528320e-01
9.814754724502563477e-01
9.885886907577514648e-01
9.959653019905090332e-01
8.988555669784545898e-01
9.478332996368408203e-01
9.960270524024963379e-01
9.948034882545471191e-01
9.277581572532653809e-01
8.328794240951538086e-01
9.932922720909118652e-01
9.469284415245056152e-01
9.991671442985534668e-01
9.889600276947021484e-01
9.867374897003173828e-01
9.705296158790588379e-01
9.708680510520935059e-01
6.176872253417968750e-01
9.326884150505065918e-01
9.907639622688293457e-01
6.545310616493225098e-01
3.662930428981781006e-01
9.037957191467285156e-01
9.907186627388000488e-01
8.288400769233703613e-01
9.988735318183898926e-01
8.035442829132080078e-01
9.204391837120056152e-01
9.592611193656921387e-01
9.946467280387878418e-01
8.250969648361206055e-01
9.726883172988891602e-01
9.596592783927917480e-01
9.763041138648986816e-01
8.658572435379028320e-01
7.896345853805541992e-01
9.735679626464843750e-01
6.029841899871826172e-01
9.759104847908020020e-01
9.226245284080505371e-01
9.856407642364501953e-01
9.794246554374694824e-01
9.846869111061096191e-01
9.247909784317016602e-01
9.455468058586120605e-01
9.797642827033996582e-01
9.707917571067810059e-01
9.540923237800598145e-01
8.304702639579772949e-01
9.367489814758300781e-01
6.411156654357910156e-01
8.982788324356079102e-01
9.683130383491516113e-01
9.858316183090209961e-01
9.977955222129821777e-01
9.599096775054931641e-01
8.507866859436035156e-01
6.421818733215332031e-01
9.902235865592956543e-01
9.292179942131042480e-01
7.622945904731750488e-01
3.516148626804351807e-01
9.613140225410461426e-01
9.147409796714782715e-01
9.266245961189270020e-01
9.932484030723571777e-01
9.984921216964721680e-01
9.963815212249755859e-01
8.134524822235107422e-01
5.722604393959045410e-01
8.443588018417358398e-01
9.944578409194946289e-01
7.554116249084472656e-01
9.015944600105285645e-01
4.769770205020904541e-01
9.384067058563232422e-01
7.584549188613891602e-01
5.560550689697265625e-01
9.679085612297058105e-01
9.836348891258239746e-01
9.959610104560852051e-01
9.072546362876892090e-01
8.938713669776916504e-01
8.171062469482421875e-01
9.972264766693115234e-01
8.583483695983886719e-01
9.029608964920043945e-01
8.388653397560119629e-01
9.805519580841064453e-01
8.395797014236450195e-01
2.549974918365478516e-01
