1.726024150848388672e-01
9.994769692420959473e-01
3.363323807716369629e-01
1.986512243747711182e-01
1.300719380378723145e-01
4.305124282836914062e-01
1.511041969060897827e-01
1.220764070749282837e-01
3.268533647060394287e-01
1.845172196626663208e-01
2.011872529983520508e-01
6.074020862579345703e-01
8.078764677047729492e-01
4.498063586652278900e-03
7.696800231933593750e-01
5.425345301628112793e-01
5.761851668357849121e-01
8.294438594020903111e-04
2.187294363975524902e-01
3.457024693489074707e-02
5.283384919166564941e-01
1.661911755800247192e-01
3.303115069866180420e-02
1.209991797804832458e-01
4.048390686511993408e-01
4.124724864959716797e-01
1.243012375198304653e-04
8.759832780924625695e-06
7.986691594123840332e-01
9.038313291966915131e-03
9.875537361949682236e-04
1.413298249244689941e-01
9.919804334640502930e-02
3.407825827598571777e-01
1.944600343704223633e-01
4.082299023866653442e-02
4.590134602040052414e-03
1.618599593639373779e-01
2.288412600755691528e-01
4.135087656322866678e-04
2.218358032405376434e-02
5.729400515556335449e-01
3.671518266201019287e-01
4.312928393483161926e-02
2.323347479104995728e-01
2.720361053943634033e-01
3.395755589008331299e-01
7.246969640254974365e-02
2.380198538303375244e-01
3.183632791042327881e-01
2.151424065232276917e-02
4.413614869117736816e-01
1.036579161882400513e-01
2.065608045086264610e-03
4.107122421264648438e-01
2.527255117893218994e-01
1.814464293420314789e-02
1.805470557883381844e-03
3.805387914180755615e-01
3.280329704284667969e-01
1.871696859598159790e-01
3.996721282601356506e-02
3.017744980752468109e-02
5.483594536781311035e-01
4.313830137252807617e-01
9.740276262164115906e-03
1.485932469367980957e-01
6.025220155715942383e-01
2.916548550128936768e-01
2.384188622236251831e-01
7.342730648815631866e-03
5.872331559658050537e-02
1.378364711999893188e-01
3.538753986358642578e-01
5.151852383278310299e-05
1.725586503744125366e-02
3.965124189853668213e-01
7.271111011505126953e-01
2.250890806317329407e-02
7.779659790685400367e-05
5.381127595901489258e-01
2.755341827869415283e-01
2.303330041468143463e-02
8.189398050308227539e-02
2.090168446302413940e-01
2.322467602789402008e-02
2.037482522428035736e-02
1.396672241389751434e-02
1.288069337606430054e-01
3.564546704292297363e-01
2.750270068645477295e-01
6.196844857186079025e-03
6.726495921611785889e-02
8.127673864364624023e-01
3.278256058692932129e-01
2.661093473434448242e-01
2.941936254501342773e-01
3.819817900657653809e-01
4.210121035575866699e-01
1.320140957832336426e-01
3.585046622902154922e-03
9.591285139322280884e-02
3.097129166126251221e-01
1.223736703395843506e-01
3.094190731644630432e-02
9.639229625463485718e-02
8.170629143714904785e-01
4.934514760971069336e-01
3.236959874629974365e-01
1.871555447578430176e-01
2.169317454099655151e-01
4.604493081569671631e-01
2.412315905094146729e-01
1.551824957132339478e-01
1.128577142953872681e-01
8.265021443367004395e-01
3.427516520023345947e-01
3.096725791692733765e-03
2.087112283334136009e-03
4.799944758415222168e-01
5.181943774223327637e-01
1.119163036346435547e-01
2.485159635543823242e-01
6.606119219213724136e-03
4.088130295276641846e-01
4.598320424556732178e-01
2.824932634830474854e-01
7.583190500736236572e-02
1.424639523029327393e-01
3.146638274192810059e-01
6.255040410906076431e-03
2.604809403419494629e-02
8.089393973350524902e-01
3.864570260047912598e-01
2.104761600494384766e-01
1.691845357418060303e-01
3.725186884403228760e-01
2.675711214542388916e-01
3.897815644741058350e-01
2.014195621013641357e-01
1.123496680520474911e-03
4.641734957695007324e-01
3.504459559917449951e-01
7.482415065169334412e-03
4.675995660363696516e-05
3.663350343704223633e-01
4.046239852905273438e-01
2.810481190681457520e-01
1.371477916836738586e-02
5.398319363594055176e-01
2.201049327850341797e-01
2.284710109233856201e-01
5.128751322627067566e-02
1.979994922876358032e-01
4.227542784065008163e-03
5.366194248199462891e-01
1.532753347419202328e-03
1.036503672366961837e-04
4.300036728382110596e-01
3.533694148063659668e-01
2.398846447467803955e-01
1.823123991489410400e-01
8.830745518207550049e-02
7.303500175476074219e-02
2.653118371963500977e-01
1.424060761928558350e-01
1.076869368553161621e-01
2.233693003654479980e-01
2.976531982421875000e-01
5.214704871177673340e-01
7.034230232238769531e-01
5.177529454231262207e-01
2.652795016765594482e-01
5.977515876293182373e-02
3.899677991867065430e-01
2.309219837188720703e-01
4.274196922779083252e-01
4.304220080375671387e-01
1.208264529705047607e-01
3.011500239372253418e-01
7.892696857452392578e-01
8.797390013933181763e-02
3.580932617187500000e-01
8.267093799076974392e-04
1.555125266313552856e-01
4.521850496530532837e-02
3.362793708220124245e-03
4.264280141796916723e-04
2.531380765140056610e-02
5.509593710303306580e-02
1.917135268449783325e-01
2.936000782938208431e-05
9.463441529078409076e-05
2.114394307136535645e-01
2.700707316398620605e-01
5.979181528091430664e-01
4.268464073538780212e-02
5.155947208404541016e-01
4.817994311451911926e-03
1.893691718578338623e-01
8.758985400199890137e-01
1.262924224138259888e-01
1.388837248086929321e-01
1.734379827976226807e-01
1.980594992637634277e-01
3.147599399089813232e-01
5.283015966415405273e-01
2.892235517501831055e-01
4.087324738502502441e-01
2.081070533677120693e-06
9.823418259620666504e-01
3.105457425117492676e-01
8.634840138256549835e-03
3.868737220764160156e-01
3.127726260572671890e-03
1.135269738733768463e-02
2.175119817256927490e-01
1.705026477575302124e-01
2.590719461441040039e-01
4.453185200691223145e-01
3.710275292396545410e-01
5.953175425529479980e-01
2.162466943264007568e-01
5.213050246238708496e-01
5.276242494583129883e-01
1.658733040094375610e-01
3.023556433618068695e-02
2.192733883857727051e-01
3.837473392486572266e-01
3.917658329010009766e-01
6.813821382820606232e-04
5.616512149572372437e-03
3.101761937141418457e-01
4.300726354122161865e-01
3.832567036151885986e-01
4.190681502223014832e-03
7.971292138099670410e-01
1.970871835947036743e-01
2.453591972589492798e-01
1.484985947608947754e-01
4.003231823444366455e-01
2.376417070627212524e-02
3.598222136497497559e-02
2.131769359111785889e-01
2.307394295930862427e-01
2.785800993442535400e-01
2.584243416786193848e-01
4.773370921611785889e-01
4.550614859908819199e-03
4.662418067455291748e-01
4.114930331707000732e-01
1.552100479602813721e-01
1.569495722651481628e-02
2.492264956235885620e-01
1.475025564432144165e-01
2.311992943286895752e-01
2.585851550102233887e-01
5.961022377014160156e-01
1.555600482970476151e-02
4.455437064170837402e-01
3.751610517501831055e-01
2.335855737328529358e-02
4.328112006187438965e-01
4.791421294212341309e-01
4.123924672603607178e-01
8.889922872185707092e-03
7.446660846471786499e-02
1.818728446960449219e-01
3.908893838524818420e-02
1.347960531711578369e-01
7.769518345594406128e-02
4.213807284832000732e-01
2.516325414180755615e-01
2.468484044075012207e-01
1.755100190639495850e-01
6.425153017044067383e-01
3.734678030014038086e-01
6.489910483360290527e-01
6.732293218374252319e-02
3.836891651153564453e-01
2.458561509847640991e-01
1.736166775226593018e-01
2.659074068069458008e-01
8.674977719783782959e-02
2.831870913505554199e-01
6.254203319549560547e-01
6.239781975746154785e-01
1.115063354372978210e-01
4.242328405380249023e-01
7.076058387756347656e-01
2.865237295627593994e-01
2.040494084358215332e-01
3.896830976009368896e-02
2.049775570631027222e-01
3.536846339702606201e-01
2.144470512866973877e-01
2.149149179458618164e-01
1.287118345499038696e-01
5.872095823287963867e-01
5.990239977836608887e-01
3.171981545165181160e-03
9.894898533821105957e-01
3.736165463924407959e-01
1.855495125055313110e-01
7.937257736921310425e-02
2.512449622154235840e-01
1.263819336891174316e-01
5.466895699501037598e-01
3.427003920078277588e-01
1.973051428794860840e-01
2.130114883184432983e-01
4.335169792175292969e-01
4.971997737884521484e-01
2.914726920425891876e-02
9.142282605171203613e-01
2.136083133518695831e-02
2.132517248392105103e-01
8.331613615155220032e-03
4.916789829730987549e-01
3.187477290630340576e-01
3.096929192543029785e-01
1.836598962545394897e-01
3.034142851829528809e-01
3.899087430909276009e-03
3.073817193508148193e-01
6.060204505920410156e-01
4.423800408840179443e-01
1.038958132266998291e-01
5.413405895233154297e-01
7.536995410919189453e-02
4.981254278391133994e-06
2.194472029805183411e-02
3.496058983728289604e-03
3.377431035041809082e-01
1.583336998010054231e-04
2.472011838108301163e-04
2.029798030853271484e-01
5.042349696159362793e-01
1.987168937921524048e-01
2.075665906886570156e-05
6.077325344085693359e-01
3.900153636932373047e-01
3.191736713051795959e-02
1.760744601488113403e-01
1.799406111240386963e-01
6.162675619125366211e-01
7.332603335380554199e-01
8.607747405767440796e-02
2.035214900970458984e-01
4.139922857284545898e-01
5.442147850990295410e-01
5.971683859825134277e-01
4.509185552597045898e-01
6.541486978530883789e-01
2.143257670104503632e-02
5.478011071681976318e-02
4.033541381359100342e-01
2.164102941751480103e-01
2.435597479343414307e-01
3.177693486213684082e-01
9.588140249252319336e-02
4.991944432258605957e-01
3.857573270797729492e-01
3.570906445384025574e-02
4.046024680137634277e-01
3.579136431217193604e-01
5.181235671043395996e-01
7.022494673728942871e-01
5.623938441276550293e-01
2.139392942190170288e-01
3.234335184097290039e-01
6.989049911499023438e-01
4.301678240299224854e-01
3.508260846138000488e-02
8.159665763378143311e-02
6.575247049331665039e-01
7.679395079612731934e-01
7.638929486274719238e-01
1.877682516351342201e-03
5.498214960098266602e-01
4.001451730728149414e-01
5.098664760589599609e-01
3.519287705421447754e-01
1.872421354055404663e-01
2.962527275085449219e-01
4.233872294425964355e-01
1.333971595158800483e-04
1.388693600893020630e-02
2.711279690265655518e-01
5.352147817611694336e-01
5.855886936187744141e-01
5.339189246296882629e-02
6.624904274940490723e-01
4.292269945144653320e-01
1.931292116641998291e-01
5.126099586486816406e-01
3.993948996067047119e-01
4.588962495326995850e-01
4.882014393806457520e-01
3.953094780445098877e-01
3.163903355598449707e-01
9.868381172418594360e-02
3.389046788215637207e-01
4.118382632732391357e-01
4.412890076637268066e-01
4.094472527503967285e-01
9.142964333295822144e-02
4.031240344047546387e-01
1.143604889512062073e-01
2.114755362272262573e-01
5.022958293557167053e-02
4.509828090667724609e-01
1.966204941272735596e-01
3.959152400493621826e-01
4.873422384262084961e-01
4.971274435520172119e-01
4.239975214004516602e-01
4.329075813293457031e-01
7.753430604934692383e-01
8.464616537094116211e-02
3.959290385246276855e-01
1.909876465797424316e-01
6.383641362190246582e-01
3.083287477493286133e-01
2.021707743406295776e-01
1.654644310474395752e-01
9.885348379611968994e-02
3.649493157863616943e-01
4.161394536495208740e-01
4.138711690902709961e-01
3.474915325641632080e-01
6.706278324127197266e-01
3.932526409626007080e-01
3.992776870727539062e-01
3.685833513736724854e-01
4.997312128543853760e-01
2.116413265466690063e-01
8.549629449844360352e-01
4.065633416175842285e-01
8.977795392274856567e-02
7.633295655250549316e-02
2.935103476047515869e-01
5.670174360275268555e-01
2.499077916145324707e-01
6.732916831970214844e-01
1.481873840093612671e-01
4.327656626701354980e-01
2.775151133537292480e-01
2.852184772491455078e-01
1.947465837001800537e-01
3.796916306018829346e-01
5.244184136390686035e-01
3.579571470618247986e-02
3.437861204147338867e-01
7.285389900207519531e-01
4.069086313247680664e-01
3.132677674293518066e-01
9.880235195159912109e-01
6.398264765739440918e-01
4.104165434837341309e-01
6.404716372489929199e-01
6.236209273338317871e-01
7.833573222160339355e-02
6.712019443511962891e-01
6.199226379394531250e-01
1.328951399773359299e-02
1.153565645217895508e-01
2.153210043907165527e-01
2.633714079856872559e-01
5.705016851425170898e-01
1.394497752189636230e-01
1.774954795837402344e-01
2.235680371522903442e-01
1.855947822332382202e-02
4.079458415508270264e-01
4.662622213363647461e-01
3.472166657447814941e-01
1.781367063522338867e-01
6.818199763074517250e-04
5.002961680293083191e-02
4.793404340744018555e-01
1.913704872131347656e-01
5.600648522377014160e-01
3.926225900650024414e-01
3.712695240974426270e-01
4.031148850917816162e-01
1.023918230202980340e-05
4.064257722347974777e-03
2.242420464754104614e-01
8.130811899900436401e-02
1.679556226008571684e-05
4.997033393010497093e-04
1.000055670738220215e-01
5.881737470626831055e-01
5.216135978698730469e-01
4.069561064243316650e-01
4.364102039744466310e-07
3.341962024569511414e-02
7.493207454681396484e-01
1.586539437994360924e-03
3.627591952681541443e-02
9.867401793599128723e-03
1.003998145461082458e-01
1.978803084057290107e-06
8.937562815845012665e-04
2.648070640861988068e-02
3.581121563911437988e-01
7.767965793609619141e-01
1.988575458526611328e-01
6.185640115290880203e-03
6.531758606433868408e-02
1.922626793384552002e-01
5.968515324639156461e-05
1.326112300157546997e-01
2.963777184486389160e-01
3.246738016605377197e-01
3.241600643377751112e-05
1.709106005728244781e-02
2.410044670104980469e-01
1.981105506420135498e-01
5.932691097259521484e-01
4.008290171623229980e-01
3.655868172645568848e-01
4.180005192756652832e-02
4.136075377464294434e-01
9.332794434158131480e-06
8.574348874390125275e-03
3.535077348351478577e-02
2.864111363887786865e-01
1.096276719181332737e-06
1.093277335166931152e-02
5.427170395851135254e-01
2.417128533124923706e-01
3.493589758872985840e-01
3.522920906543731689e-01
1.971686184406280518e-01
6.716640293598175049e-02
2.577515244483947754e-01
2.388686686754226685e-01
1.025108975483135509e-08
6.303375214338302612e-02
3.957206606864929199e-01
3.092634983659081627e-07
1.089924080588389188e-05
2.672949731349945068e-01
3.157309591770172119e-01
3.869090974330902100e-01
1.043784059584140778e-02
1.979431360960006714e-01
2.363727539777755737e-01
4.115797877311706543e-01
2.099675089120864868e-01
7.545198059233371168e-06
4.228203091770410538e-03
4.469358548521995544e-02
3.966000804211944342e-04
1.346650824416428804e-04
2.014035917818546295e-02
5.633157491683959961e-01
5.754874944686889648e-01
1.936588287353515625e-01
1.651020720601081848e-03
1.700235903263092041e-02
1.978343129158020020e-01
3.087953925132751465e-01
4.487024154514074326e-03
2.229350851848721504e-03
4.554186761379241943e-01
5.197558721192763187e-07
1.036852784454822540e-02
7.303225994110107422e-02
3.278772346675395966e-03
9.562594294548034668e-01
4.790815114974975586e-01
1.784347146749496460e-01
1.223103627562522888e-01
4.233595132827758789e-01
7.370277494192123413e-02
7.003094651736319065e-05
4.327917471528053284e-03
7.253103703260421753e-02
4.364579021930694580e-01
6.123386992840096354e-05
5.683328211307525635e-02
5.248785614967346191e-01
3.193239271640777588e-01
3.064776957035064697e-01
1.097858417779207230e-03
5.851597525179386139e-03
1.190211698412895203e-01
2.908412814140319824e-01
2.907316957134753466e-04
2.485895995050668716e-03
3.282009363174438477e-01
3.767375349998474121e-01
7.765666509840229992e-08
2.406508326530456543e-01
4.622256159782409668e-01
3.982496261596679688e-01
3.211050108075141907e-02
3.913960456848144531e-01
2.383358776569366455e-01
2.445023357868194580e-01
7.655080556869506836e-01
2.938731449830811471e-05
1.560457400046288967e-03
3.814380764961242676e-01
5.208079814910888672e-01
2.174843393731862307e-05
1.234722617482475471e-06
5.896203517913818359e-01
2.819788753986358643e-01
4.529262185096740723e-01
3.480753302574157715e-01
2.816683948040008545e-01
4.517446756362915039e-01
2.649685442447662354e-01
1.365830121358158067e-05
1.976262778043746948e-02
3.372485563158988953e-02
3.917158246040344238e-01
6.001986548653803766e-06
2.299463748931884766e-02
7.982523739337921143e-02
5.627030730247497559e-01
5.980567932128906250e-01
5.400846004486083984e-01
8.193508386611938477e-01
3.595742955803871155e-02
7.079827189445495605e-01
4.296054244041442871e-01
5.411905050277709961e-01
2.143957465887069702e-01
1.903957575559616089e-01
2.459574937820434570e-01
5.903660655021667480e-01
6.266435384750366211e-01
1.684061437845230103e-01
6.447718143463134766e-01
5.663569550961256027e-03
9.549038410186767578e-01
1.626097559928894043e-01
7.170363664627075195e-01
6.119760498404502869e-02
7.070850133895874023e-01
3.163547515869140625e-01
2.336364984512329102e-01
1.891845613718032837e-01
3.025667667388916016e-01
4.450987279415130615e-01
5.717279911041259766e-01
2.238240838050842285e-01
3.897140026092529297e-01
2.929138243198394775e-01
1.940659582614898682e-01
4.326772093772888184e-01
5.423521623015403748e-03
5.317362025380134583e-02
7.251170873641967773e-01
2.279608452226966619e-05
3.060655217268504202e-06
1.268789023160934448e-01
4.614337682723999023e-01
6.414456367492675781e-01
2.282733619213104248e-01
3.079934716224670410e-01
3.928165435791015625e-01
2.011653035879135132e-01
1.769834458827972412e-01
1.726931333541870117e-01
1.533087491989135742e-01
2.838137745857238770e-01
3.450364992022514343e-02
3.929741680622100830e-01
7.217045873403549194e-02
6.186453104019165039e-01
2.234563380479812622e-01
5.778105854988098145e-01
3.621985316276550293e-01
9.467262625694274902e-01
2.358315587043762207e-01
7.308905720710754395e-01
5.581730604171752930e-01
9.407677501440048218e-02
3.784450590610504150e-01
1.689949035644531250e-01
2.571529150009155273e-02
1.120153218507766724e-01
5.242804884910583496e-01
5.337433815002441406e-01
7.984807491302490234e-01
3.354824185371398926e-01
3.949302732944488525e-01
1.942661404609680176e-01
1.992504149675369263e-01
4.000081419944763184e-01
2.261629998683929443e-01
7.387388944625854492e-01
2.775888741016387939e-01
3.854025006294250488e-01
4.442615509033203125e-01
1.120679378509521484e-01
3.584661781787872314e-01
2.081977277994155884e-01
2.072571951430290937e-04
9.524502754211425781e-01
3.730826079845428467e-01
8.642347902059555054e-02
2.650017142295837402e-01
2.965562641620635986e-01
1.242461502552032471e-01
5.523579716682434082e-01
1.045088768005371094e-01
4.667839407920837402e-01
7.050178050994873047e-01
1.398446038365364075e-02
3.830599188804626465e-01
1.152934320271015167e-02
5.963255763053894043e-01
1.936442106962203979e-01
2.738534212112426758e-01
2.954109311103820801e-01
3.158281445503234863e-01
3.782995641231536865e-01
4.862260818481445312e-01
1.124574244022369385e-01
5.791436880826950073e-02
4.261709451675415039e-01
5.198027491569519043e-01
3.992049694061279297e-01
4.011418819427490234e-01
8.002175688743591309e-01
4.440271854400634766e-01
3.504683077335357666e-01
2.008860260248184204e-01
2.045075297355651855e-01
4.107113778591156006e-01
5.561485886573791504e-01
5.821148678660392761e-02
5.690695717930793762e-02
3.919501602649688721e-01
1.660441607236862183e-01
2.095239311456680298e-01
4.153467714786529541e-01
4.734493494033813477e-01
4.821429252624511719e-01
6.616662740707397461e-01
5.155465006828308105e-01
3.119859099388122559e-01
4.228101372718811035e-01
2.255040854215621948e-01
1.513435877859592438e-02
3.858806490898132324e-01
7.351959943771362305e-01
3.151277303695678711e-01
4.981813728809356689e-01
3.951333761215209961e-01
7.278121709823608398e-01
5.930204391479492188e-01
6.294192671775817871e-01
2.066440433263778687e-01
4.314614832401275635e-01
8.580182678997516632e-03
3.795062005519866943e-01
2.688954025506973267e-02
6.272526979446411133e-01
1.025478020310401917e-01
5.914450287818908691e-01
2.590023279190063477e-01
2.044051438570022583e-01
5.398405194282531738e-01
1.594257205724716187e-01
2.071384191513061523e-01
2.993257641792297363e-01
3.102483749389648438e-01
2.962140440940856934e-01
1.642885763430967927e-06
2.017329633235931396e-01
5.044422671198844910e-02
3.596622347831726074e-01
2.291877418756484985e-01
6.793299317359924316e-01
3.377876877784729004e-01
3.254824876785278320e-01
2.073440253734588623e-01
2.162111997604370117e-01
3.434183001518249512e-01
8.166775107383728027e-03
5.447610747069120407e-04
2.420515567064285278e-01
2.048109769821166992e-01
2.297700196504592896e-01
2.888413667678833008e-01
4.963863790035247803e-01
5.609793663024902344e-01
7.585699856281280518e-02
9.956587553024291992e-01
2.830424010753631592e-01
2.092299908399581909e-01
1.905623674392700195e-01
3.477937281131744385e-01
3.118925094604492188e-01
3.616867065429687500e-01
1.401106864213943481e-01
3.468855619430541992e-01
2.999197840690612793e-01
4.754967093467712402e-01
3.309563696384429932e-01
1.348589509725570679e-01
7.286626100540161133e-01
4.557383954524993896e-01
3.711864650249481201e-01
4.411185979843139648e-01
2.781045250594615936e-02
1.742489822208881378e-02
1.252304464578628540e-01
2.005253434181213379e-01
3.489890694618225098e-01
2.043962776660919189e-01
4.069168567657470703e-01
3.846458196640014648e-01
8.545151217731472570e-07
5.292325019836425781e-01
4.123246669769287109e-01
2.801414728164672852e-01
5.291360616683959961e-01
8.743610233068466187e-02
9.898516535758972168e-02
4.538899660110473633e-01
8.205733448266983032e-02
2.437124848365783691e-01
5.374624729156494141e-01
1.621634662151336670e-01
7.906075916253030300e-05
2.100575566291809082e-01
8.438859581947326660e-01
3.422099053859710693e-01
9.991625556722283363e-04
5.995687842369079590e-01
2.154097557067871094e-01
2.059570997953414917e-01
3.484642505645751953e-01
1.018238533288240433e-02
7.699921727180480957e-02
3.956005871295928955e-01
4.033842384815216064e-01
3.359604477882385254e-01
2.729851603507995605e-01
6.583471298217773438e-01
4.078792333602905273e-01
5.563212633132934570e-01
1.343100517988204956e-01
1.965893059968948364e-01
3.442187309265136719e-01
2.513232529163360596e-01
3.655281066894531250e-01
5.526480451226234436e-02
2.267200946807861328e-01
6.023527979850769043e-01
6.188835501670837402e-01
1.997175067663192749e-01
7.836708426475524902e-01
1.482267975807189941e-01
3.386566936969757080e-01
6.089466810226440430e-01
3.120209574699401855e-01
5.228992700576782227e-01
3.355474472045898438e-01
2.817438542842864990e-01
2.918783426284790039e-01
2.110893726348876953e-01
4.044064879417419434e-01
2.245386242866516113e-01
4.698281176388263702e-03
5.782862901687622070e-01
2.797276973724365234e-01
5.858748555183410645e-01
1.536460220813751221e-01
5.003442764282226562e-01
1.579231172800064087e-01
7.219986582640558481e-05
3.126598661765456200e-03
3.424760401248931885e-01
4.757164418697357178e-01
4.963387250900268555e-01
3.311251699924468994e-01
1.257665455341339111e-01
7.882938385009765625e-01
3.508722782135009766e-02
5.622255206108093262e-01
5.522269606590270996e-01
5.383519530296325684e-01
3.269567191600799561e-01
2.021401375532150269e-01
7.790423184633255005e-02
2.147852480411529541e-01
6.784814596176147461e-01
7.763407230377197266e-01
3.777467310428619385e-01
8.978777565062046051e-03
8.685985803604125977e-01
7.416254281997680664e-01
4.076645672321319580e-01
3.393708467483520508e-01
2.545202672481536865e-01
4.046366736292839050e-02
1.608400940895080566e-01
1.142269149422645569e-01
1.666995114646852016e-03
1.250505149364471436e-01
2.122204452753067017e-01
4.078219830989837646e-01
3.563114404678344727e-01
3.983995020389556885e-01
7.317250967025756836e-01
2.146281450986862183e-01
6.993399262428283691e-01
1.717137843370437622e-01
5.384191870689392090e-01
3.535148799419403076e-01
7.477312535047531128e-02
3.568312525749206543e-01
6.813179254531860352e-01
6.371086239814758301e-01
3.607608377933502197e-01
7.015552371740341187e-02
4.374497532844543457e-01
3.808476924896240234e-01
4.759384095668792725e-01
6.526015996932983398e-01
3.635126352310180664e-01
6.064478158950805664e-01
5.611301064491271973e-01
6.783719360828399658e-02
7.224700450897216797e-01
6.937574148178100586e-01
7.850346565246582031e-01
5.965453386306762695e-01
5.314680188894271851e-02
5.980459451675415039e-01
1.532610952854156494e-01
3.337254524230957031e-01
4.490044433623552322e-03
3.520747125148773193e-01
7.736834883689880371e-01
5.157711729407310486e-02
1.531323790550231934e-01
1.270750313997268677e-01
2.680285573005676270e-01
2.446439117193222046e-01
4.020031988620758057e-01
1.763064861297607422e-01
4.135726690292358398e-01
2.910043001174926758e-01
2.014634162187576294e-01
1.353313913568854332e-03
3.492093980312347412e-01
4.811671376228332520e-01
2.189697772264480591e-01
1.674400418996810913e-01
2.680215751752257347e-03
4.191232919692993164e-01
1.632393598556518555e-01
1.370572000741958618e-01
2.816060483455657959e-01
4.033904969692230225e-01
6.442111730575561523e-02
7.586394548416137695e-01
2.195677459239959717e-01
1.935066729784011841e-01
7.713277935981750488e-01
3.132961988449096680e-01
2.189584970474243164e-01
2.233859449625015259e-01
3.875588476657867432e-01
5.838655829429626465e-01
5.622841715812683105e-01
2.859102003276348114e-02
5.531603097915649414e-01
4.305545687675476074e-01
7.431779503822326660e-01
4.694757759571075439e-01
3.169371187686920166e-01
7.739589810371398926e-01
5.845453415531665087e-06
3.214838216081261635e-03
2.396143972873687744e-01
7.121492028236389160e-01
1.490490231662988663e-02
1.288270056247711182e-01
6.315893027931451797e-03
4.349030256271362305e-01
2.497340142726898193e-01
4.887292087078094482e-01
2.686475515365600586e-01
2.120714634656906128e-01
5.357160568237304688e-01
3.947591409087181091e-03
2.382820844650268555e-02
2.679007127881050110e-02
4.167619347572326660e-01
4.231419563293457031e-01
3.922272026538848877e-01
3.246080875396728516e-02
7.741011381149291992e-01
3.298338651657104492e-01
7.979267835617065430e-01
7.180824875831604004e-01
1.651190966367721558e-01
4.112835228443145752e-01
1.391679630614817142e-03
4.683100432157516479e-02
1.983556747436523438e-01
1.341947466135025024e-01
1.237030625343322754e-01
2.197007536888122559e-01
1.511860638856887817e-01
6.461575627326965332e-01
7.760066986083984375e-01
6.909345388412475586e-01
2.773601114749908447e-01
1.704557538032531738e-01
4.885012805461883545e-01
4.682507216930389404e-01
1.266930252313613892e-01
2.247701585292816162e-01
5.440516471862792969e-01
6.037304997444152832e-01
3.743633031845092773e-01
3.355772495269775391e-01
6.590372323989868164e-01
5.134759545326232910e-01
6.981235146522521973e-01
5.912075042724609375e-01
2.443134784698486328e-01
4.332126677036285400e-01
5.551989674568176270e-01
2.706777304410934448e-04
4.411905538290739059e-03
5.660713315010070801e-01
7.151502370834350586e-01
1.603264547884464264e-02
2.979535460472106934e-01
7.900857329368591309e-01
5.822111964225769043e-01
2.974467575550079346e-01
5.200610160827636719e-01
7.141272723674774170e-02
3.903437852859497070e-01
7.276998758316040039e-01
5.669932761520612985e-06
3.009796142578125000e-02
4.143656492233276367e-01
4.158569574356079102e-01
2.940621599555015564e-02
1.275517642498016357e-01
5.858477354049682617e-01
2.525319457054138184e-01
3.321338891983032227e-01
2.822099030017852783e-01
3.654584586620330811e-01
5.791888236999511719e-01
3.553696274757385254e-01
3.388572335243225098e-01
1.538260877132415771e-01
4.351164698600769043e-01
3.102871477603912354e-01
6.288673877716064453e-01
2.883838023990392685e-03
2.031061053276062012e-01
4.420397877693176270e-01
9.498790502548217773e-01
3.446301852818578482e-04
3.766315579414367676e-01
1.522794812917709351e-01
6.669492577202618122e-04
3.327802941203117371e-02
3.795065581798553467e-01
6.137552857398986816e-01
6.060103774070739746e-01
4.112613797187805176e-01
2.575093507766723633e-01
8.459434509277343750e-01
3.163383901119232178e-01
2.105824351310729980e-01
1.720397733151912689e-02
1.671751141548156738e-01
7.885171473026275635e-02
6.090810298919677734e-01
1.833804533816874027e-03
2.917741537094116211e-01
6.018459200859069824e-01
1.529553234577178955e-01
6.388062238693237305e-01
1.825028359889984131e-01
1.512993574142456055e-01
4.579041153192520142e-02
4.393640756607055664e-01
2.938747107982635498e-01
6.549947261810302734e-01
3.082473576068878174e-01
1.957909762859344482e-01
7.655043154954910278e-02
3.549104332923889160e-01
7.930676937103271484e-01
5.681934952735900879e-01
2.129278928041458130e-01
1.319064795970916748e-01
4.493609964847564697e-01
5.923440307378768921e-02
5.962228178977966309e-01
7.911101579666137695e-01
6.295020226389169693e-03
2.848410010337829590e-01
3.942501246929168701e-01
4.544150829315185547e-01
5.930495262145996094e-01
2.559421062469482422e-01
5.604461301118135452e-03
1.512382477521896362e-01
1.994487456977367401e-02
4.188328981399536133e-01
4.899761676788330078e-01
8.350154757499694824e-01
1.267589777708053589e-01
3.746169209480285645e-01
2.597280740737915039e-01
5.480492115020751953e-01
1.960979998111724854e-01
4.336625337600708008e-02
2.323880344629287720e-01
6.982576251029968262e-01
6.519371271133422852e-01
1.765971481800079346e-01
6.129010915756225586e-01
3.312608599662780762e-01
5.159965157508850098e-01
6.267707347869873047e-01
2.985386550426483154e-01
6.627406924962997437e-02
1.645963173359632492e-03
3.859256207942962646e-01
1.997431814670562744e-01
6.377370357513427734e-01
7.437803745269775391e-01
5.861834287643432617e-01
1.582597568631172180e-02
7.499444484710693359e-01
3.744564056396484375e-01
3.446171283721923828e-01
4.983194768428802490e-01
3.391519784927368164e-01
6.033992171287536621e-01
6.378875970840454102e-01
2.634556591510772705e-01
1.346048712730407715e-01
3.538911044597625732e-01
5.680020331055857241e-05
7.065615057945251465e-02
7.332955300807952881e-02
6.416960954666137695e-01
1.999403834342956543e-01
3.151315748691558838e-01
3.819294869899749756e-01
6.030514240264892578e-01
2.328279614448547363e-01
3.493967652320861816e-01
5.427157506346702576e-03
6.488306820392608643e-02
3.482457697391510010e-01
3.933140635490417480e-01
3.988476991653442383e-01
2.017545849084854126e-01
4.049367904663085938e-01
2.717438936233520508e-01
3.290906548500061035e-01
1.411675214767456055e-01
3.098523318767547607e-01
2.532476484775543213e-01
2.378140687942504883e-01
1.976565122604370117e-01
3.576530143618583679e-02
1.214747577905654907e-01
3.421190381050109863e-01
4.001629650592803955e-01
1.750230342149734497e-01
3.984299600124359131e-01
6.912311911582946777e-02
4.692158102989196777e-01
4.948111176490783691e-01
2.014418691396713257e-01
3.735632300376892090e-01
6.008429527282714844e-01
4.274416714906692505e-02
4.859948158264160156e-02
3.506842628121376038e-02
1.855107247829437256e-01
3.341222703456878662e-01
1.943228207528591156e-02
6.100281476974487305e-01
3.152157962322235107e-01
4.932784140110015869e-01
5.347971320152282715e-01
2.531558834016323090e-02
2.506141662597656250e-01
7.248498797416687012e-01
1.806818097829818726e-01
3.675920665264129639e-01
3.102760612964630127e-01
2.173385322093963623e-01
5.026165246963500977e-01
6.666515469551086426e-01
6.567897796630859375e-01
1.892674267292022705e-01
2.216796129941940308e-01
2.575270831584930420e-01
1.488395035266876221e-01
2.963846921920776367e-01
5.813172459602355957e-01
1.536927670240402222e-01
2.533921003341674805e-01
1.255302876234054565e-01
2.059009075164794922e-01
2.809944450855255127e-01
3.807647228240966797e-01
4.366779625415802002e-01
1.885340511798858643e-01
4.140513539314270020e-01
6.912235617637634277e-01
7.317532896995544434e-01
3.593063950538635254e-01
1.252561211585998535e-01
2.012558132410049438e-01
3.588622808456420898e-01
7.688933610916137695e-01
2.679143249988555908e-01
3.484330773353576660e-01
1.300565898418426514e-01
6.884095668792724609e-01
1.353772729635238647e-01
1.230439767241477966e-01
1.776335090398788452e-01
5.788288712501525879e-01
2.423894703388214111e-01
5.526888966560363770e-01
8.403396010398864746e-01
3.556212782859802246e-01
5.302801728248596191e-01
5.612427592277526855e-01
3.952092230319976807e-01
2.224820256233215332e-01
7.866312265396118164e-01
5.068104863166809082e-01
6.470673084259033203e-01
7.220377326011657715e-01
2.370826452970504761e-01
1.018837243318557739e-01
3.814488351345062256e-01
5.100302100181579590e-01
7.494400441646575928e-02
5.430681109428405762e-01
4.015283882617950439e-01
7.061838507652282715e-01
9.706439822912216187e-02
6.000180244445800781e-01
3.228545784950256348e-01
2.369925677776336670e-01
3.763447105884552002e-01
2.130325585603713989e-01
4.094065129756927490e-01
2.711673080921173096e-01
5.405030846595764160e-01
1.393617242574691772e-01
5.915129184722900391e-01
3.776138126850128174e-01
4.446261227130889893e-01
3.564854264259338379e-01
3.501306474208831787e-01
3.852595090866088867e-01
3.987738192081451416e-01
3.941929638385772705e-01
5.779739618301391602e-01
1.996387094259262085e-01
2.107117325067520142e-01
7.518316507339477539e-01
2.265210449695587158e-02
5.138233900070190430e-01
1.359510123729705811e-01
3.305346071720123291e-01
4.164570942521095276e-02
6.069861054420471191e-01
3.590204119682312012e-01
3.454130589962005615e-01
1.820343881845474243e-01
2.375117093324661255e-01
1.967501491308212280e-01
2.176979780197143555e-01
1.491924673318862915e-01
2.723505534231662750e-02
5.522270798683166504e-01
2.477677464485168457e-01
5.231637954711914062e-01
2.497841604053974152e-02
2.676975131034851074e-01
5.883004665374755859e-01
8.584313839673995972e-02
2.018919587135314941e-01
3.757755756378173828e-01
1.471761763095855713e-01
5.312077403068542480e-01
4.097686111927032471e-01
1.995982527732849121e-01
3.487768769264221191e-01
