3.591280270081300130e-01
2.932998818533423258e-01
1.554394551686318071e-01
2.262687092543973766e-01
2.103646130372698597e-01
2.299721596758060316e-01
1.513871236389744690e-01
2.493038648882737462e-01
3.311235982065017236e-01
2.349622383033140305e-01
2.811072414221528759e-01
2.193686881619214546e-01
1.849981800803037202e-01
3.727425124782782206e-01
1.013228963687512196e-01
3.073263029352976683e-01
2.750033641687143482e-01
2.921488971735995421e-01
2.474239965757498438e-01
2.672494617290794849e-01
2.240529405669524077e-01
3.245447776638544779e-01
3.154469413252977139e-01
3.339288413273887035e-01
2.770764686776182040e-01
2.184473861507985337e-01
3.216732244145532604e-01
3.058526225101489415e-01
4.426055458875802762e-01
3.311367479338794273e-01
3.794013900825610741e-01
3.200909257508240957e-01
3.460062581759232869e-01
3.865864844276354906e-01
3.723754616310963050e-01
4.412279154102389800e-01
2.555814745495669227e-01
2.243663703170918344e-01
1.726868292005532823e-01
1.884139199789318098e-01
2.262155298379953938e-01
1.926459880722600493e-01
1.604712947715737636e-01
1.417880414937564282e-01
2.560237132101275126e-01
1.887080888739900986e-01
2.741216676696642263e-01
2.022619140028697193e-01
4.694376911681432119e-01
3.775781088938506835e-01
2.674596789266405761e-01
2.828297698153899309e-01
3.798934421860254984e-01
3.877218675154905925e-01
3.456384806620637629e-01
2.726695685145946735e-01
3.687834453124266276e-01
3.861716190496316536e-01
3.801212543621659279e-01
2.676066469712867768e-01
2.548420638956416240e-01
3.553850180827654581e-01
2.971072758619601739e-01
3.112262892557326466e-01
2.624290145982880462e-01
3.237562938951529246e-01
4.042795472420178671e-01
2.854489948289343770e-01
3.792064413428306580e-01
3.243918544523274883e-01
3.997705148962827915e-01
4.638475116628866801e-01
3.269092784836314936e-01
2.591490121916509848e-01
3.181504137240923624e-01
4.166915202339833701e-01
2.162443790226601659e-01
3.403807666887027628e-01
3.775208752888899455e-01
4.291534066701737649e-01
3.732974461956053980e-01
3.271811624559072262e-01
3.148866006858253019e-01
3.396470075777660025e-01
3.298580428728690728e-01
3.690576234187644133e-01
2.847398151643574238e-01
4.002758175349579450e-01
4.342705896840645674e-01
2.528132454387490013e-01
2.535896791288486107e-01
2.808573208749294281e-01
3.347472568544057614e-01
3.285405463897265177e-01
3.956518666102336046e-01
3.823858929368165738e-01
4.376875609159469604e-01
3.773823558137966994e-01
3.833626038753069620e-01
2.601692101989800943e-01
3.039958667583190222e-01
