9.673974514007568359e-01
1.000000000000000000e+00
6.899670958518981934e-01
8.735485672950744629e-01
9.789580702781677246e-01
9.969925284385681152e-01
9.844393730163574219e-01
9.916306734085083008e-01
9.882658123970031738e-01
4.159089326858520508e-01
9.877310395240783691e-01
9.055783152580261230e-01
8.008603453636169434e-01
2.413689792156219482e-01
9.999999403953552246e-01
6.418548226356506348e-01
9.317138791084289551e-01
9.679584503173828125e-01
9.969658255577087402e-01
9.931010007858276367e-01
9.932411909103393555e-01
9.872754216194152832e-01
9.337167739868164062e-01
9.400384426116943359e-01
8.914009928703308105e-01
9.851165413856506348e-01
2.022960782051086426e-02
4.322762542869895697e-04
1.000000000000000000e+00
1.999145448207855225e-01
3.905006125569343567e-02
9.999999403953552246e-01
7.166757583618164062e-01
9.867584705352783203e-01
5.764402151107788086e-01
9.981167912483215332e-01
9.999095201492309570e-01
9.993260502815246582e-01
9.956343770027160645e-01
2.176654925278853625e-05
7.842424511909484863e-01
1.000000000000000000e+00
1.236415356397628784e-01
8.733678460121154785e-01
9.999257922172546387e-01
5.012991428375244141e-01
8.511598110198974609e-01
9.688616991043090820e-01
9.987373352050781250e-01
9.997248649597167969e-01
9.963921308517456055e-01
9.465603828430175781e-01
4.237168729305267334e-01
3.178577171638607979e-03
1.000000000000000000e+00
2.284040600061416626e-01
5.512964129447937012e-01
9.992114305496215820e-01
9.437073469161987305e-01
9.678170680999755859e-01
9.388107657432556152e-01
9.790225625038146973e-01
9.979016780853271484e-01
9.963752031326293945e-01
9.906163811683654785e-01
7.367548346519470215e-02
3.520142734050750732e-01
1.000000000000000000e+00
1.076429635286331177e-01
1.144329458475112915e-01
7.719584703445434570e-01
6.783826393075287342e-04
6.946227699518203735e-02
5.066004991531372070e-01
1.120846209232695401e-04
9.551544644637033343e-05
1.312827807851135731e-03
1.715674065053462982e-02
2.030111551284790039e-01
4.700908660888671875e-01
1.000000000000000000e+00
3.513387218117713928e-02
3.261355161666870117e-01
7.260162830352783203e-01
9.999341368675231934e-01
2.999816536903381348e-01
9.742073714733123779e-02
9.999982714653015137e-01
9.999700188636779785e-01
3.132101595401763916e-01
2.981331348419189453e-01
4.377991557121276855e-01
4.651782214641571045e-01
1.000000000000000000e+00
6.761656403541564941e-01
1.702285557985305786e-01
7.993190884590148926e-01
9.998094439506530762e-01
9.482578635215759277e-01
3.403374254703521729e-01
9.916165471076965332e-01
9.999875426292419434e-01
9.991780519485473633e-01
2.585856989026069641e-02
6.965938955545425415e-02
4.941261373460292816e-03
1.000000000000000000e+00
8.815617859363555908e-02
3.405107557773590088e-01
2.543437061831355095e-03
9.999799728393554688e-01
4.006108641624450684e-01
2.951367199420928955e-01
9.992398619651794434e-01
9.922029972076416016e-01
9.622538685798645020e-01
6.271482110023498535e-01
4.346144199371337891e-01
9.224079251289367676e-01
9.999998807907104492e-01
7.304456830024719238e-01
9.190247654914855957e-01
9.603642821311950684e-01
9.955643415451049805e-01
9.989223480224609375e-01
9.927172064781188965e-01
9.775679707527160645e-01
8.385605812072753906e-01
8.849491477012634277e-01
9.435076117515563965e-01
4.287623763084411621e-01
9.083663225173950195e-01
1.000000000000000000e+00
9.375681877136230469e-01
9.052197933197021484e-01
9.570966362953186035e-01
9.989578723907470703e-01
9.854978322982788086e-01
9.985688924789428711e-01
9.763154387474060059e-01
9.831794500350952148e-01
5.469402670860290527e-01
8.226038217544555664e-01
2.392764836549758911e-01
8.896418213844299316e-01
9.999999403953552246e-01
7.447155714035034180e-01
5.317435860633850098e-01
9.404863119125366211e-01
9.898543953895568848e-01
9.794614911079406738e-01
9.827647805213928223e-01
9.827020168304443359e-01
9.896429777145385742e-01
9.982653856277465820e-01
7.177879810333251953e-01
3.919301033020019531e-01
8.446274399757385254e-01
9.999977350234985352e-01
2.005729526281356812e-01
5.058188438415527344e-01
8.947008252143859863e-01
9.996086359024047852e-01
9.486064910888671875e-01
9.767001867294311523e-01
9.612416028976440430e-01
9.874404668807983398e-01
9.980194568634033203e-01
9.859455227851867676e-01
9.902800321578979492e-01
8.612191081047058105e-01
9.908958673477172852e-01
7.334780693054199219e-01
7.177063822746276855e-01
9.436029195785522461e-01
9.956765770912170410e-01
9.969602823257446289e-01
9.876449704170227051e-01
8.919694423675537109e-01
8.938592076301574707e-01
9.665648937225341797e-01
9.991345405578613281e-01
9.999977350234985352e-01
3.460477292537689209e-01
9.796705245971679688e-01
3.175414204597473145e-01
6.093661189079284668e-01
6.143631041049957275e-02
5.894859433174133301e-01
9.573189020156860352e-01
9.185882210731506348e-01
9.301458299160003662e-02
3.171133995056152344e-01
6.480188369750976562e-01
9.932079315185546875e-01
2.199237048625946045e-02
1.107689663767814636e-01
9.998029470443725586e-01
1.551277488470077515e-01
3.703582286834716797e-01
9.997760057449340820e-01
8.812949061393737793e-01
9.393352866172790527e-01
7.834082841873168945e-01
9.961837530136108398e-01
9.999356865882873535e-01
9.990627169609069824e-01
9.871252179145812988e-01
4.470917861908674240e-03
5.846166014671325684e-01
9.997755289077758789e-01
4.314213991165161133e-01
9.405412673950195312e-01
9.996117353439331055e-01
9.532423615455627441e-01
9.484292268753051758e-01
9.772375226020812988e-01
9.736056923866271973e-01
9.912098050117492676e-01
9.946421980857849121e-01
9.943252801895141602e-01
9.926673173904418945e-01
5.070021152496337891e-01
9.916595220565795898e-01
9.948064088821411133e-01
3.254414498805999756e-01
7.579243779182434082e-01
3.128205537796020508e-01
9.834175705909729004e-01
9.382390379905700684e-01
3.703930228948593140e-02
8.351799100637435913e-02
2.958992123603820801e-01
7.175088524818420410e-01
9.798042178153991699e-01
3.943238556385040283e-01
9.930682778358459473e-01
8.343915939331054688e-01
9.003704190254211426e-01
6.594262123107910156e-01
9.981690049171447754e-01
7.533290237188339233e-02
4.326931536197662354e-01
9.999109506607055664e-01
9.998577237129211426e-01
5.227401480078697205e-02
2.839684784412384033e-01
9.580101370811462402e-01
8.109703660011291504e-01
9.936112165451049805e-01
9.468272924423217773e-01
3.776582777500152588e-01
9.361081123352050781e-01
9.991789460182189941e-01
9.957868456840515137e-01
4.548724889755249023e-01
9.793074727058410645e-01
9.999662041664123535e-01
9.996278285980224609e-01
1.958681084215641022e-02
9.722763299942016602e-01
9.545845389366149902e-01
9.848403334617614746e-01
9.553040266036987305e-01
5.549627542495727539e-01
1.681125462055206299e-01
9.928337931632995605e-01
9.848727583885192871e-01
9.677378535270690918e-01
9.601728320121765137e-01
9.891661405563354492e-01
9.991893768310546875e-01
9.978317618370056152e-01
9.288790822029113770e-01
9.209848046302795410e-01
9.938099980354309082e-01
9.662046432495117188e-01
9.790111184120178223e-01
9.810703992843627930e-01
9.968689084053039551e-01
9.985507726669311523e-01
9.952539205551147461e-01
9.932469129562377930e-01
7.527619600296020508e-01
8.832465410232543945e-01
9.710964560508728027e-01
9.829063415527343750e-01
8.753069043159484863e-01
9.930310249328613281e-01
9.114644527435302734e-01
8.833540678024291992e-01
9.638252258300781250e-01
9.991443753242492676e-01
9.928854703903198242e-01
9.990624785423278809e-01
9.924566745758056641e-01
9.764057993888854980e-01
6.395965814590454102e-01
9.676414132118225098e-01
9.723263382911682129e-01
8.922039270401000977e-01
9.871207475662231445e-01
8.985736966133117676e-01
8.578932285308837891e-01
9.608271718025207520e-01
9.972447752952575684e-01
9.934204220771789551e-01
9.944313168525695801e-01
9.985976815223693848e-01
9.887918233871459961e-01
9.896594882011413574e-01
8.548992276191711426e-01
9.485472440719604492e-01
8.824131488800048828e-01
9.901808500289916992e-01
8.700292706489562988e-01
7.858697772026062012e-01
9.370365738868713379e-01
9.979834556579589844e-01
9.461982250213623047e-01
9.919526576995849609e-01
9.826031923294067383e-01
9.876728653907775879e-01
9.888839721679687500e-01
9.869800209999084473e-01
9.999997615814208984e-01
9.987022280693054199e-01
9.128434658050537109e-01
9.966752529144287109e-01
3.839556276798248291e-01
3.262709975242614746e-01
8.505318760871887207e-01
9.786814451217651367e-01
9.117655158042907715e-01
9.447670578956604004e-01
9.580854773521423340e-01
9.625599384307861328e-01
9.986208677291870117e-01
9.988577961921691895e-01
9.999988079071044922e-01
9.225980639457702637e-01
9.986993074417114258e-01
5.464144349098205566e-01
9.699192643165588379e-01
7.677505016326904297e-01
9.332317709922790527e-01
8.583611249923706055e-01
9.981541037559509277e-01
9.965184926986694336e-01
9.031648039817810059e-01
7.980015277862548828e-01
9.989782571792602539e-01
9.984089136123657227e-01
7.339867949485778809e-01
7.258920073509216309e-01
1.131006702780723572e-02
9.512543678283691406e-01
9.941762089729309082e-01
9.568971991539001465e-01
8.221850395202636719e-01
6.204808354377746582e-01
3.517083227634429932e-01
7.391833662986755371e-01
9.964842796325683594e-01
9.394419789314270020e-01
9.034909605979919434e-01
9.685941338539123535e-01
6.321161985397338867e-01
2.776375710964202881e-01
9.844971895217895508e-01
9.496550559997558594e-01
8.485926985740661621e-01
9.789695739746093750e-01
9.657233953475952148e-01
9.948137402534484863e-01
9.961591362953186035e-01
9.990189075469970703e-01
9.977661371231079102e-01
9.975090026855468750e-01
8.426576852798461914e-01
8.982145190238952637e-01
9.978716373443603516e-01
6.226838827133178711e-01
9.756588339805603027e-01
9.914277791976928711e-01
9.552297592163085938e-01
9.330783486366271973e-01
9.753065705299377441e-01
9.789226055145263672e-01
9.993801116943359375e-01
9.922462105751037598e-01
9.953940510749816895e-01
8.602761626243591309e-01
9.525496363639831543e-01
9.996628761291503906e-01
4.702386260032653809e-01
9.908249974250793457e-01
9.941306710243225098e-01
8.702012300491333008e-01
9.972316622734069824e-01
9.621152281761169434e-01
9.381200075149536133e-01
9.505829215049743652e-01
9.975330233573913574e-01
9.992589354515075684e-01
7.857415676116943359e-01
9.026536345481872559e-01
9.960324168205261230e-01
5.558134913444519043e-01
9.811926484107971191e-01
9.169244766235351562e-01
7.613220810890197754e-01
9.954140186309814453e-01
9.999637007713317871e-01
9.930471777915954590e-01
7.301189303398132324e-01
9.845386147499084473e-01
9.733942151069641113e-01
8.700122833251953125e-01
9.703513979911804199e-01
9.401996731758117676e-01
2.826976180076599121e-01
9.132026433944702148e-01
9.877027273178100586e-01
9.589813947677612305e-01
9.714857935905456543e-01
9.931957721710205078e-01
9.882521033287048340e-01
9.957256317138671875e-01
9.832627773284912109e-01
9.836897253990173340e-01
9.014689326286315918e-01
9.061685204505920410e-01
9.691107869148254395e-01
9.590404033660888672e-01
9.887361526489257812e-01
9.938577413558959961e-01
9.964088201522827148e-01
9.935392141342163086e-01
8.931563496589660645e-01
9.156824350357055664e-01
9.986611008644104004e-01
9.945677518844604492e-01
9.930810928344726562e-01
9.025243520736694336e-01
9.555082321166992188e-01
9.979887008666992188e-01
8.942118883132934570e-01
9.905530810356140137e-01
9.931755661964416504e-01
9.992297291755676270e-01
9.815273284912109375e-01
9.835267663002014160e-01
6.814326047897338867e-01
9.989871978759765625e-01
9.906788468360900879e-01
9.908643960952758789e-01
8.476708531379699707e-01
9.670698046684265137e-01
9.779255986213684082e-01
7.931816577911376953e-01
9.631901979446411133e-01
9.914246201515197754e-01
9.899442195892333984e-01
9.995747804641723633e-01
9.952104091644287109e-01
9.905521273612976074e-01
9.908705353736877441e-01
9.970215559005737305e-01
9.957131147384643555e-01
6.507232189178466797e-01
9.518473744392395020e-01
9.903190135955810547e-01
8.139402866363525391e-01
9.137978553771972656e-01
9.123039841651916504e-01
9.924278855323791504e-01
9.872989058494567871e-01
9.882416129112243652e-01
9.882501363754272461e-01
9.585019946098327637e-01
1.000000000000000000e+00
9.999999403953552246e-01
9.999714493751525879e-01
1.296091675758361816e-01
8.543815016746520996e-01
1.983440713956952095e-03
3.515412099659442902e-03
8.958800882101058960e-02
9.997847676277160645e-01
1.001642420887947083e-01
1.226226165890693665e-01
6.614040136337280273e-01
9.999649524688720703e-01
9.999998807907104492e-01
9.990652799606323242e-01
9.999529123306274414e-01
9.830892086029052734e-01
9.983955025672912598e-01
1.782816052436828613e-01
9.062064886093139648e-01
5.223183035850524902e-01
2.593502402305603027e-01
5.249227285385131836e-01
8.220249414443969727e-01
9.762772917747497559e-01
5.308367609977722168e-01
1.000000000000000000e+00
9.979453682899475098e-01
9.978222846984863281e-01
8.549683094024658203e-01
7.821366190910339355e-01
3.075372874736785889e-01
8.910524249076843262e-01
9.089305400848388672e-01
4.994934499263763428e-01
8.815548419952392578e-01
9.201735258102416992e-01
9.749574065208435059e-01
9.786917567253112793e-01
9.999999403953552246e-01
9.981107711791992188e-01
9.965659379959106445e-01
8.832505345344543457e-01
8.354639410972595215e-01
9.970232248306274414e-01
8.380039930343627930e-01
9.333255290985107422e-01
9.501957893371582031e-01
9.543175697326660156e-01
9.856843352317810059e-01
9.872613549232482910e-01
9.991768002510070801e-01
1.000000000000000000e+00
9.996515512466430664e-01
9.996401667594909668e-01
7.596862912178039551e-01
4.455746337771415710e-02
9.997877478599548340e-01
5.095136293675750494e-05
8.108144998550415039e-01
9.976730346679687500e-01
1.021840125322341919e-01
1.006785184144973755e-01
8.879712820053100586e-01
9.966638684272766113e-01
1.000000000000000000e+00
9.999990463256835938e-01
9.999993443489074707e-01
6.810797750949859619e-02
1.601981967687606812e-01
6.675434112548828125e-02
1.717089414596557617e-01
2.026860136538743973e-03
3.335664868354797363e-01
4.870096594095230103e-02
5.902588739991188049e-02
1.088321954011917114e-01
1.856285333633422852e-02
1.000000000000000000e+00
9.993903636932373047e-01
9.993273615837097168e-01
7.171968817710876465e-01
5.737261772155761719e-01
9.996160268783569336e-01
3.609761595726013184e-01
5.107689499855041504e-01
5.402869358658790588e-02
7.596116065979003906e-01
7.028142213821411133e-01
7.638870477676391602e-01
2.543704807758331299e-01
9.999984502792358398e-01
9.804925918579101562e-01
9.761335253715515137e-01
9.535526633262634277e-01
9.580320119857788086e-01
9.587337970733642578e-01
9.573351591825485229e-02
9.595368504524230957e-01
9.847938418388366699e-01
9.039177894592285156e-01
8.160070776939392090e-01
9.751392006874084473e-01
9.993970394134521484e-01
9.999999403953552246e-01
9.960557222366333008e-01
9.895113706588745117e-01
9.393654465675354004e-01
8.995507359504699707e-01
9.994264245033264160e-01
6.132528781890869141e-01
9.384912848472595215e-01
9.816064238548278809e-01
9.744831919670104980e-01
4.374111071228981018e-02
8.619517683982849121e-01
9.996560811996459961e-01
1.000000119209289551e+00
9.998869895935058594e-01
9.999231696128845215e-01
1.175992786884307861e-01
1.694688796997070312e-01
8.878822326660156250e-01
2.953137457370758057e-01
1.273492872714996338e-01
8.374558687210083008e-01
9.990218281745910645e-01
9.226635098457336426e-01
3.306873738765716553e-01
9.969965815544128418e-01
9.999980330467224121e-01
9.974491000175476074e-01
9.978413581848144531e-01
8.494205474853515625e-01
2.001277059316635132e-01
9.995275139808654785e-01
3.791483044624328613e-01
8.525864481925964355e-01
9.308100938796997070e-01
9.885969161987304688e-01
9.087362289428710938e-01
9.077683687210083008e-01
9.523508548736572266e-01
9.984087944030761719e-01
9.999997615814208984e-01
9.999995827674865723e-01
9.522318243980407715e-01
9.998444914817810059e-01
9.899938106536865234e-01
6.623436212539672852e-01
3.430415317416191101e-02
1.320675909519195557e-01
9.954923391342163086e-01
9.997761249542236328e-01
9.953646659851074219e-01
1.054834015667438507e-02
9.967379570007324219e-01
9.999936223030090332e-01
9.958534836769104004e-01
8.928190469741821289e-01
9.580000042915344238e-01
9.501628279685974121e-01
4.109238088130950928e-01
9.338485002517700195e-01
7.401461005210876465e-01
9.958364367485046387e-01
9.876027703285217285e-01
9.076805114746093750e-01
2.643951773643493652e-01
9.972324967384338379e-01
9.999824762344360352e-01
9.960576295852661133e-01
9.652049541473388672e-01
8.479819297790527344e-01
9.991365075111389160e-01
2.574310055933892727e-04
8.000248074531555176e-01
7.745054960250854492e-01
1.907421275973320007e-03
2.414463087916374207e-03
6.191980466246604919e-02
9.996914267539978027e-01
9.964393377304077148e-01
9.996677637100219727e-01
9.866062402725219727e-01
9.833018779754638672e-01
8.634164929389953613e-01
9.374630451202392578e-01
9.988133907318115234e-01
9.660321474075317383e-01
7.662003636360168457e-01
9.995833635330200195e-01
9.411948323249816895e-01
7.858542352914810181e-02
7.401278018951416016e-01
9.742518067359924316e-01
9.986745715141296387e-01
9.798695445060729980e-01
9.987962841987609863e-01
7.644917368888854980e-01
8.636304140090942383e-01
9.871773719787597656e-01
3.899261355400085449e-02
4.687977731227874756e-01
9.992614388465881348e-01
9.989022612571716309e-01
8.145558238029479980e-01
1.232412010431289673e-01
9.992742538452148438e-01
9.999717473983764648e-01
8.781413435935974121e-01
3.175014853477478027e-01
9.401201605796813965e-01
9.491995573043823242e-01
8.902782797813415527e-01
3.156067430973052979e-01
8.705998063087463379e-01
9.849988818168640137e-01
8.330562114715576172e-01
1.159640997648239136e-01
3.818610310554504395e-01
9.972134828567504883e-01
9.999389052391052246e-01
9.915766119956970215e-01
9.887653589248657227e-01
9.637651443481445312e-01
9.828062057495117188e-01
9.975477457046508789e-01
9.314850568771362305e-01
9.322052001953125000e-01
9.706451296806335449e-01
7.098483443260192871e-01
8.971509933471679688e-01
3.667742908000946045e-01
9.991670250892639160e-01
9.999920725822448730e-01
9.962373971939086914e-01
7.331904768943786621e-01
9.523699283599853516e-01
9.945991635322570801e-01
9.703467488288879395e-01
6.292896866798400879e-01
9.589239954948425293e-01
9.752027988433837891e-01
9.917054772377014160e-01
3.424274325370788574e-01
9.899080991744995117e-01
9.995289444923400879e-01
9.999938607215881348e-01
9.992707371711730957e-01
7.545270919799804688e-01
9.377203583717346191e-01
9.987752437591552734e-01
2.606975138187408447e-01
3.272217810153961182e-01
9.563173055648803711e-01
9.999275207519531250e-01
9.938389062881469727e-01
9.682118296623229980e-01
9.995325207710266113e-01
9.968766570091247559e-01
9.999514222145080566e-01
9.957087635993957520e-01
9.890066981315612793e-01
8.955542445182800293e-01
9.938605427742004395e-01
9.805769920349121094e-01
6.308923959732055664e-01
7.751412391662597656e-01
9.625204801559448242e-01
9.982914924621582031e-01
9.968618750572204590e-01
9.811360836029052734e-01
9.964009523391723633e-01
9.775586128234863281e-01
9.748404622077941895e-01
8.515030145645141602e-01
8.692211657762527466e-02
9.272537827491760254e-01
9.946427345275878906e-01
9.797113537788391113e-01
8.939337730407714844e-01
6.254168152809143066e-01
7.174653410911560059e-01
9.721127152442932129e-01
9.995443820953369141e-01
9.995887875556945801e-01
9.987537264823913574e-01
9.999557137489318848e-01
8.295984864234924316e-01
9.511377811431884766e-01
9.995502829551696777e-01
9.928969144821166992e-01
8.070474863052368164e-01
4.180472493171691895e-01
5.310024023056030273e-01
8.809685707092285156e-01
9.673634171485900879e-01
8.014316558837890625e-01
9.990383386611938477e-01
9.960278272628784180e-01
9.995210170745849609e-01
8.015073537826538086e-01
7.087683677673339844e-01
9.995120167732238770e-01
9.933629631996154785e-01
6.418176781153306365e-05
2.214948413893580437e-03
9.889384508132934570e-01
9.988899827003479004e-01
1.084636747837066650e-01
3.676924854516983032e-03
9.999360442161560059e-01
9.996537566184997559e-01
9.999752640724182129e-01
5.029133558273315430e-01
4.742197990417480469e-01
9.188746213912963867e-01
9.759473800659179688e-01
9.934386610984802246e-01
8.751389980316162109e-01
9.817256927490234375e-01
9.998595714569091797e-01
9.985319375991821289e-01
2.676251530647277832e-01
9.999735355377197266e-01
9.999451041221618652e-01
9.999986290931701660e-01
8.087780326604843140e-02
2.101746648550033569e-01
5.644870996475219727e-01
6.842891573905944824e-01
9.777780771255493164e-01
8.670699000358581543e-01
9.201256632804870605e-01
9.734793901443481445e-01
9.941536188125610352e-01
9.471197724342346191e-01
9.974335432052612305e-01
9.869783520698547363e-01
9.994461536407470703e-01
9.100555181503295898e-01
7.651129961013793945e-01
9.970560073852539062e-01
9.960013628005981445e-01
9.999173879623413086e-01
9.897423386573791504e-01
9.496039748191833496e-01
8.420441746711730957e-01
9.472690224647521973e-01
9.878207445144653320e-01
9.989947676658630371e-01
9.948123693466186523e-01
9.999014139175415039e-01
9.277130961418151855e-01
4.430832862854003906e-01
9.995941519737243652e-01
9.976449012756347656e-01
9.878250360488891602e-01
9.949975609779357910e-01
7.859811782836914062e-01
9.967856407165527344e-01
6.199572682380676270e-01
9.930377602577209473e-01
9.967942237854003906e-01
9.902621507644653320e-01
9.997743964195251465e-01
8.801214098930358887e-01
9.464378356933593750e-01
9.990127682685852051e-01
9.879096746444702148e-01
9.933285713195800781e-01
8.940289616584777832e-01
9.254095554351806641e-01
9.954859614372253418e-01
9.982525110244750977e-01
9.052711725234985352e-01
9.990959763526916504e-01
9.997037053108215332e-01
9.999825358390808105e-01
4.504994451999664307e-01
8.339770436286926270e-01
9.952777624130249023e-01
8.910289406776428223e-01
8.282327651977539062e-01
9.384633302688598633e-01
4.373297989368438721e-01
9.776651263236999512e-01
9.912539124488830566e-01
9.911208748817443848e-01
9.991977810859680176e-01
9.957010746002197266e-01
9.920082688331604004e-01
8.266678452491760254e-01
9.025616049766540527e-01
8.811675906181335449e-01
9.758462309837341309e-01
9.803952574729919434e-01
7.888380289077758789e-01
9.031541347503662109e-01
9.761338829994201660e-01
9.881588816642761230e-01
9.970058798789978027e-01
9.986498355865478516e-01
9.897327423095703125e-01
9.913647174835205078e-01
9.169069528579711914e-01
9.427000284194946289e-01
2.070129960775375366e-01
9.804220199584960938e-01
4.036554321646690369e-02
7.793934643268585205e-02
9.929136633872985840e-01
9.521414637565612793e-01
9.362606406211853027e-01
8.192386031150817871e-01
9.969199299812316895e-01
9.979509711265563965e-01
9.975308775901794434e-01
9.776241183280944824e-01
9.458855390548706055e-01
8.342343568801879883e-02
9.884431958198547363e-01
6.583322882652282715e-01
6.137286424636840820e-01
9.888833761215209961e-01
9.999724626541137695e-01
9.686921238899230957e-01
9.098700284957885742e-01
9.718275070190429688e-01
8.116801381111145020e-01
9.838068485260009766e-01
9.828125238418579102e-01
5.812644362449645996e-01
9.218633174896240234e-01
9.894661307334899902e-01
6.865056157112121582e-01
7.374010086059570312e-01
9.839480519294738770e-01
9.974519014358520508e-01
9.970847368240356445e-01
9.968640208244323730e-01
9.945993423461914062e-01
9.661036729812622070e-01
9.624940156936645508e-01
8.928072452545166016e-01
9.622570872306823730e-01
6.204387545585632324e-01
9.919061064720153809e-01
9.999015331268310547e-01
9.951931238174438477e-01
8.006790876388549805e-01
7.803769707679748535e-01
9.579885601997375488e-01
9.994179606437683105e-01
9.963819980621337891e-01
9.819677472114562988e-01
9.723160266876220703e-01
8.968648910522460938e-01
9.602307677268981934e-01
9.416823387145996094e-01
9.911460876464843750e-01
9.847400784492492676e-01
9.997745752334594727e-01
9.469230175018310547e-01
9.758147001266479492e-01
7.975422739982604980e-01
9.993612170219421387e-01
9.555435776710510254e-01
8.314776420593261719e-01
9.072799682617187500e-01
9.825271964073181152e-01
7.876543998718261719e-01
7.728502750396728516e-01
9.905760884284973145e-01
9.440482854843139648e-01
9.725403785705566406e-01
9.836207628250122070e-01
9.943944215774536133e-01
9.981783032417297363e-01
8.378031253814697266e-01
9.973794221878051758e-01
9.873594641685485840e-01
9.887951612472534180e-01
7.668712735176086426e-01
9.553629755973815918e-01
9.484512209892272949e-01
9.734233617782592773e-01
9.909599423408508301e-01
9.907149076461791992e-01
8.079406023025512695e-01
9.656356573104858398e-01
9.807070493698120117e-01
9.728078246116638184e-01
9.998690485954284668e-01
9.994298815727233887e-01
9.988520741462707520e-01
2.335303276777267456e-01
3.831671774387359619e-01
2.476014755666255951e-02
9.997929334640502930e-01
4.420185387134552002e-01
9.994044899940490723e-01
7.302587479352951050e-02
1.839452609419822693e-02
8.705039024353027344e-01
9.998866319656372070e-01
9.990740418434143066e-01
9.961636662483215332e-01
9.996780753135681152e-01
8.233821392059326172e-01
8.527801632881164551e-01
7.566283941268920898e-01
9.998238682746887207e-01
9.549449682235717773e-01
9.994327425956726074e-01
9.469301700592041016e-01
9.882152080535888672e-01
7.051160931587219238e-01
9.910539984703063965e-01
9.997159838676452637e-01
9.988589286804199219e-01
9.977543950080871582e-01
4.576655030250549316e-01
5.942219495773315430e-01
6.801843047142028809e-01
9.986858367919921875e-01
8.483759164810180664e-01
8.539183139801025391e-01
9.020761847496032715e-01
8.165056109428405762e-01
8.989022970199584961e-01
6.836137175559997559e-01
9.998244643211364746e-01
9.984117746353149414e-01
9.958955049514770508e-01
5.208501219749450684e-01
5.660744309425354004e-01
7.628545761108398438e-01
9.973014593124389648e-01
8.630343675613403320e-01
9.522404670715332031e-01
9.964213967323303223e-01
7.991668581962585449e-01
9.386013746261596680e-01
9.995310306549072266e-01
9.998819828033447266e-01
9.995562434196472168e-01
9.994639754295349121e-01
6.184359192848205566e-01
3.286016881465911865e-01
2.903481572866439819e-02
9.979498386383056641e-01
4.939955770969390869e-01
9.617118835449218750e-01
9.996774196624755859e-01
8.019306063652038574e-01
9.738695025444030762e-01
9.919890165328979492e-01
9.996947646141052246e-01
9.968774318695068359e-01
9.938938617706298828e-01
5.568034648895263672e-01
8.051680326461791992e-01
1.262976527214050293e-01
9.980096817016601562e-01
9.741852879524230957e-01
9.750317335128784180e-01
9.947801232337951660e-01
9.641427397727966309e-01
9.845781326293945312e-01
9.630142450332641602e-01
9.999307990074157715e-01
9.997696280479431152e-01
9.995795488357543945e-01
4.083869457244873047e-01
2.702854275703430176e-01
3.694779574871063232e-01
9.598619937896728516e-01
8.317130804061889648e-01
9.998980760574340820e-01
9.920938611030578613e-01
9.893704056739807129e-01
2.769512683153152466e-02
9.319853782653808594e-01
9.999525547027587891e-01
9.998312592506408691e-01
9.990375041961669922e-01
2.092256247997283936e-01
2.033437490463256836e-01
2.135233730077743530e-01
9.992303252220153809e-01
7.405715584754943848e-01
7.742999792098999023e-01
8.939461112022399902e-01
4.472314119338989258e-01
2.368593066930770874e-01
8.440560102462768555e-01
9.965410232543945312e-01
9.762470126152038574e-01
9.689382314682006836e-01
8.921847343444824219e-01
8.886859416961669922e-01
9.650890231132507324e-01
9.619539976119995117e-01
9.914712905883789062e-01
9.711136221885681152e-01
9.924416542053222656e-01
3.736797370947897434e-04
5.239546298980712891e-01
9.402008652687072754e-01
9.999840259552001953e-01
9.999212026596069336e-01
9.997823834419250488e-01
8.349654078483581543e-02
9.794513136148452759e-02
1.102400571107864380e-01
9.851939678192138672e-01
7.606475949287414551e-01
2.026970386505126953e-01
9.993562102317810059e-01
9.959315061569213867e-01
5.941548347473144531e-01
9.997505545616149902e-01
9.992241263389587402e-01
9.957914352416992188e-01
9.982885718345642090e-01
7.471265196800231934e-01
9.419187307357788086e-01
8.332467675209045410e-01
9.971708059310913086e-01
9.458625912666320801e-01
9.254142045974731445e-01
9.998115301132202148e-01
9.930525422096252441e-01
9.827961921691894531e-01
9.683805704116821289e-01
9.999122023582458496e-01
9.992642402648925781e-01
9.993696808815002441e-01
2.101796269416809082e-01
2.463185638189315796e-01
6.334286928176879883e-01
9.974618554115295410e-01
9.628425240516662598e-01
8.817511200904846191e-01
9.987596869468688965e-01
9.396367073059082031e-01
9.658219814300537109e-01
3.675544559955596924e-01
9.995760321617126465e-01
9.980217814445495605e-01
9.987230300903320312e-01
4.943100810050964355e-01
3.384929895401000977e-01
8.583998680114746094e-01
9.997768998146057129e-01
9.084403514862060547e-01
9.733313322067260742e-01
9.977661371231079102e-01
9.994423985481262207e-01
3.402923941612243652e-01
6.185571551322937012e-01
9.992938637733459473e-01
9.990471601486206055e-01
9.993674159049987793e-01
5.095824599266052246e-01
3.161186873912811279e-01
7.992523908615112305e-01
9.997265934944152832e-01
9.463682770729064941e-01
9.897673726081848145e-01
9.994789958000183105e-01
9.853056669235229492e-01
2.770618200302124023e-01
9.860546588897705078e-01
9.998131990432739258e-01
9.996026158332824707e-01
9.998684525489807129e-01
3.611161410808563232e-01
6.160343289375305176e-01
7.694196701049804688e-01
9.930161833763122559e-01
9.939491748809814453e-01
9.867136478424072266e-01
8.288815021514892578e-01
9.941710829734802246e-01
4.366039112210273743e-02
4.079812169075012207e-01
9.999081492424011230e-01
9.997165203094482422e-01
9.999404549598693848e-01
6.473025679588317871e-02
1.398613601922988892e-01
5.297868251800537109e-01
9.162461161613464355e-01
7.104512453079223633e-01
7.699514031410217285e-01
9.928748011589050293e-01
9.958357810974121094e-01
9.999697208404541016e-01
7.570168375968933105e-01
9.960396289825439453e-01
9.943772554397583008e-01
9.987574219703674316e-01
8.543577790260314941e-01
9.366275072097778320e-01
9.424811601638793945e-01
9.999428987503051758e-01
9.955688118934631348e-01
4.643183350563049316e-01
9.997459650039672852e-01
9.997487664222717285e-01
9.998260140419006348e-01
4.291329383850097656e-01
9.983175396919250488e-01
9.959227442741394043e-01
9.956381916999816895e-01
5.551441907882690430e-01
8.417617678642272949e-01
8.925979733467102051e-01
9.971362948417663574e-01
9.572445750236511230e-01
9.887982606887817383e-01
9.835601449012756348e-01
9.024565815925598145e-01
9.884565472602844238e-01
9.912533760070800781e-01
9.987093210220336914e-01
9.970211982727050781e-01
9.951137900352478027e-01
7.935468554496765137e-01
8.686566352844238281e-01
8.861781358718872070e-01
9.944170713424682617e-01
9.765580296516418457e-01
9.866783618927001953e-01
9.549643993377685547e-01
9.972593188285827637e-01
9.593178033828735352e-01
9.693183898925781250e-01
9.916931986808776855e-01
8.990132212638854980e-01
9.714550375938415527e-01
9.102531671524047852e-01
9.477358460426330566e-01
5.296442508697509766e-01
4.904753565788269043e-01
9.885725378990173340e-01
5.725899934768676758e-01
1.906810402870178223e-01
9.992663264274597168e-01
9.969218969345092773e-01
6.957008242607116699e-01
9.999849200248718262e-01
9.998065233230590820e-01
9.990736246109008789e-01
1.802441291511058807e-02
5.517344176769256592e-02
1.833835057914257050e-02
9.994767904281616211e-01
4.847719520330429077e-02
1.493276804685592651e-01
7.142237424850463867e-01
9.960469007492065430e-01
4.186109825968742371e-02
8.865954875946044922e-01
9.910185933113098145e-01
9.565224647521972656e-01
8.058457970619201660e-01
8.739437460899353027e-01
9.260274171829223633e-01
9.334226846694946289e-01
9.604552984237670898e-01
9.937727451324462891e-01
9.994605779647827148e-01
9.925915598869323730e-01
9.995561838150024414e-01
9.343613982200622559e-01
9.820521473884582520e-01
9.979175329208374023e-01
9.794062972068786621e-01
9.781789779663085938e-01
6.833848357200622559e-01
9.154271483421325684e-01
9.507114887237548828e-01
9.780524373054504395e-01
9.860337376594543457e-01
9.911580681800842285e-01
9.936686754226684570e-01
9.902056455612182617e-01
9.190042018890380859e-01
9.061943292617797852e-01
9.578852653503417969e-01
9.192770123481750488e-01
9.006168842315673828e-01
9.819659590721130371e-01
8.400210738182067871e-01
7.642604112625122070e-01
9.008638858795166016e-01
9.988880753517150879e-01
9.588969349861145020e-01
9.995570182800292969e-01
9.995882511138916016e-01
9.935342073440551758e-01
9.116246700286865234e-01
9.998821616172790527e-01
9.999594092369079590e-01
9.995797276496887207e-01
1.447748988866806030e-01
3.368121683597564697e-01
4.663667678833007812e-01
9.925718307495117188e-01
7.265963554382324219e-01
9.771015048027038574e-01
8.592249155044555664e-01
9.980872273445129395e-01
9.580681324005126953e-01
2.047002017498016357e-01
9.986312389373779297e-01
9.954170584678649902e-01
9.905272126197814941e-01
3.803456127643585205e-01
8.739234209060668945e-01
8.948500156402587891e-01
9.971268177032470703e-01
8.331603407859802246e-01
9.762144684791564941e-01
9.898927211761474609e-01
9.997228384017944336e-01
9.918879866600036621e-01
9.937191605567932129e-01
