8.908675542244544054e-01
8.849040201077094103e-01
6.563452010181768381e-01
7.726103660331248291e-01
7.707737199424837815e-01
2.319340356849492191e-01
5.206950619243658762e-01
6.810566235620242326e-01
5.217218090815899378e-01
8.922035510723407281e-01
8.806982223804180610e-01
8.451032879260870212e-01
8.227084817794653171e-01
9.206917148370009629e-01
6.023698196961329021e-01
7.110901629695525195e-01
8.302407335991469628e-01
6.106110547597591864e-01
6.618146773141163619e-01
8.055009230111653817e-01
8.832219265974484701e-01
9.508450398078331922e-01
9.366985238515413981e-01
9.527684495999262371e-01
9.458731733835660238e-01
8.633430393842550510e-01
8.993592308117792644e-01
7.616112045943737030e-01
8.799008108102358561e-01
9.358236056107741563e-01
9.210441754414484539e-01
8.934627771377563477e-01
9.099799898954538113e-01
9.602140738413884602e-01
9.512549455349261773e-01
9.606275420922499864e-01
9.338759183883666992e-01
5.356145779279848362e-01
7.462093188212468586e-01
8.457895242250882406e-01
9.506445939724261773e-01
6.691814913636056072e-01
3.105756228144925246e-01
6.689010746777057648e-01
8.893437196428959357e-01
8.643917214985077369e-01
6.680191434346712809e-01
8.434124210706124281e-01
7.515673154535201794e-01
8.487692498243771810e-01
6.497166803276811509e-01
8.659563139081001282e-01
7.700494493429477227e-01
7.289672001050069294e-01
9.022863438496222521e-01
8.871815617267901910e-01
8.611972011052645426e-01
9.381829912845904840e-01
8.459466197169743795e-01
8.597955749585077800e-01
6.615373882965426278e-01
8.452184796333312988e-01
7.861132627496352221e-01
9.514216597263629449e-01
9.031021870099581461e-01
9.624683994513291152e-01
8.718177859599773871e-01
9.389874201554518907e-01
7.573575810171090383e-01
8.559428453445434570e-01
8.955366336382352133e-01
9.172433431331927789e-01
9.572881322640639512e-01
9.198841865246112359e-01
9.481852971590482015e-01
6.186642734190592741e-01
9.240941176047692274e-01
8.254214571072504558e-01
8.761698328531705160e-01
7.843152668613654344e-01
8.717290117190434895e-01
7.523114022154074876e-01
6.585468283066382433e-01
8.514765927684493363e-01
6.791616191084568488e-01
9.483141990808340305e-01
7.847924106396161337e-01
8.096254192865811605e-01
8.312634894481072401e-01
7.687867389848599409e-01
7.597145747679930894e-01
8.931480371035062094e-01
9.298683221523578180e-01
9.521337930972759711e-01
7.833848228821387316e-01
5.328007821853344428e-01
9.499254318384023899e-01
9.437956443199744250e-01
9.328445883897634738e-01
7.433634847402572632e-01
9.165706840845254666e-01
