1.981208359245031914e-01
1.609983166160348644e-01
2.449307645227131180e-01
2.924969565083301859e-01
2.267493872004881506e-01
1.250138498480037608e-01
8.642875440657987740e-02
1.635161833570114576e-01
1.770642894942004442e-01
1.951637311505622363e-01
2.421020266617863181e-01
1.593573653895313802e-01
1.598636382738662376e-01
4.617255144537641409e-01
2.599971765414990643e-01
1.882901106665133828e-01
3.770379865398773567e-01
1.866538514055159359e-01
2.490333243711994882e-01
2.102277807022731593e-01
3.259774818682042441e-01
3.643259199586911801e-01
3.547380782502631558e-01
3.383430194181318296e-01
2.894290219902849182e-01
3.246547716911524217e-01
3.401287328810073118e-01
3.079210683846703156e-01
3.780210700172644267e-01
3.954994415219586501e-01
3.563468634741954189e-01
3.748639879318383938e-01
4.043829177434627997e-01
4.431943457860212932e-01
3.948974076371926656e-01
3.799417420075489882e-01
3.291494869268857260e-01
1.723597980888791070e-01
3.460549085105482647e-01
3.016586321620987055e-01
3.979480084996724343e-01
2.617623612328938143e-01
2.099783180568080554e-01
2.651341982329121216e-01
3.384261844464792612e-01
3.200936974921765321e-01
3.023489325194252397e-01
2.725686161563946608e-01
2.218940086626949304e-01
3.798653774250012050e-01
2.498264385817142719e-01
3.195823700382159349e-01
2.878340574411245578e-01
2.839252762496471405e-01
3.910836351032440650e-01
3.950754788059454570e-01
2.581791992370898736e-01
3.344036991296049366e-01
3.872035558407123101e-01
2.708334911479211571e-01
2.089321178455765537e-01
3.337120557060608284e-01
3.407485545254670400e-01
3.940891795433484335e-01
3.404511889586082085e-01
3.290432122112878499e-01
3.858181885801829081e-01
3.595199920237064362e-01
3.469879684539941556e-01
4.126605511857913133e-01
3.715115889118841275e-01
4.024680119294386516e-01
3.357335011331507579e-01
4.067605487429178934e-01
3.590441089696608801e-01
2.857252426712456050e-01
2.694518430731617231e-01
3.370142465887161487e-01
2.886383113621447394e-01
2.899581937191004766e-01
3.624127209186553955e-01
3.773932371539278630e-01
4.510162697675136334e-01
2.908042636454935548e-01
3.531748757052879939e-01
3.160407586166492089e-01
3.235416619393687854e-01
2.932422199071599844e-01
3.485664696647570726e-01
3.045660065343746559e-01
3.950093404452603152e-01
3.027602708540283460e-01
3.542416653094383472e-01
4.331771055093178169e-01
4.637869464663358920e-01
3.318073584769780648e-01
3.834785142411979431e-01
3.631822656260247917e-01
3.957081098969166266e-01
3.064317893809996862e-01
3.718103898259309537e-01
