1.885197998490184546e-04
4.263169467449188232e-01
2.560888975858688354e-02
2.702317200601100922e-03
6.309870630502700806e-03
1.987311989068984985e-01
6.922534108161926270e-01
2.332294583320617676e-01
4.349924623966217041e-01
1.801850348711013794e-01
5.215480178594589233e-02
2.282294929027557373e-01
9.466846287250518799e-02
2.067546360194683075e-02
2.011473029851913452e-01
1.461477577686309814e-01
2.813140396028757095e-03
1.571129425428807735e-03
1.999875456094741821e-01
2.029316127300262451e-01
8.688447624444961548e-02
2.711287140846252441e-01
1.788727045059204102e-01
1.985301524400711060e-01
1.991676390171051025e-01
3.831204771995544434e-01
3.813327793977805413e-06
2.455320282024331391e-05
6.230210661888122559e-01
2.892556367442011833e-03
1.593413949012756348e-01
4.015505015850067139e-01
3.914131224155426025e-01
2.845316827297210693e-01
6.146750599145889282e-02
7.905876263976097107e-04
4.722437858581542969e-01
2.834328114986419678e-01
5.033865571022033691e-01
1.852469904406461865e-05
2.868811786174774170e-02
5.093016624450683594e-01
3.174385428428649902e-02
1.286235749721527100e-01
6.233494281768798828e-01
1.482169628143310547e-01
3.305444419384002686e-01
1.385301351547241211e-01
3.568756580352783203e-02
6.029571294784545898e-01
4.338346123695373535e-01
7.909644246101379395e-01
1.699544787406921387e-01
5.289596174407051876e-07
4.359128773212432861e-01
4.744711890816688538e-02
5.649400554830208421e-05
2.076292783021926880e-01
2.903545498847961426e-01
1.145992502570152283e-01
9.825593233108520508e-02
4.436730705492664129e-06
4.076256155967712402e-01
5.838283896446228027e-01
5.920730829238891602e-01
8.574707317166030407e-05
3.123449860140681267e-04
5.603814125061035156e-01
2.528747022151947021e-01
1.673143170773983002e-02
5.187396891415119171e-03
1.637738347053527832e-01
4.282063990831375122e-02
1.810090541839599609e-01
3.854119405150413513e-02
1.927235536277294159e-02
7.873057574033737183e-02
2.654593586921691895e-01
1.374126732116565108e-04
9.461770787311252207e-06
3.567544221878051758e-01
8.069410175085067749e-02
4.728946369141340256e-03
2.174603287130594254e-03
5.160125344991683960e-02
1.218818873167037964e-02
5.468096584081649780e-02
2.401150576770305634e-02
1.935388743877410889e-01
2.534638047218322754e-01
8.959026634693145752e-02
5.572818190557882190e-05
7.991760037839412689e-03
3.932922482490539551e-01
2.426785081624984741e-01
2.452353946864604950e-04
4.994994029402732849e-03
1.836890131235122681e-01
1.848616302013397217e-01
1.073344610631465912e-02
1.140375616159872152e-07
1.745969615876674652e-02
6.104797124862670898e-01
4.692282974720001221e-01
1.061229873448610306e-02
1.210101693868637085e-01
9.215327352285385132e-02
1.987197399139404297e-01
6.041499972343444824e-02
1.636163142393343151e-05
2.244382947683334351e-01
3.589082062244415283e-01
2.896212972700595856e-02
4.636849090456962585e-02
3.366690874099731445e-01
5.550544261932373047e-01
2.685082852840423584e-01
4.990152319805929437e-06
1.740681231021881104e-01
4.540379047393798828e-01
1.584364920854568481e-01
3.865810576826334000e-03
3.332398831844329834e-02
3.726772964000701904e-01
3.126617074012756348e-01
3.278603851795196533e-01
1.650143861770629883e-01
9.283592551946640015e-02
4.090045690536499023e-01
3.333692625164985657e-02
2.992959925904870033e-04
5.522945430129766464e-03
5.008400082588195801e-01
1.404029130935668945e-01
1.578957140445709229e-01
6.942964345216751099e-02
6.378259658813476562e-01
7.239151000976562500e-01
2.207772433757781982e-01
5.417569354176521301e-02
2.853405475616455078e-02
1.849727332592010498e-01
4.227350354194641113e-01
6.493588909506797791e-03
2.989857966895215213e-05
1.753950957208871841e-03
4.172570705413818359e-01
3.475019335746765137e-02
7.175421807914972305e-03
2.983585596084594727e-01
3.149695396423339844e-01
2.113550007343292236e-01
8.017016947269439697e-02
2.031572908163070679e-01
1.617132276296615601e-01
3.344618380069732666e-01
3.334365040063858032e-02
1.372328279103385285e-05
2.002800852060317993e-01
3.922516107559204102e-02
5.766346305608749390e-02
3.795826435089111328e-02
1.721813082695007324e-01
1.548346281051635742e-01
3.964594006538391113e-01
1.563449054956436157e-01
2.737361064646393061e-04
3.648494482040405273e-01
4.647995233535766602e-01
9.090691208839416504e-01
6.002162694931030273e-01
3.539844155311584473e-01
1.963453143835067749e-01
3.150832839310169220e-03
3.972620069980621338e-01
7.236825227737426758e-01
6.095956563949584961e-01
4.196351766586303711e-01
3.890082836151123047e-01
5.591844320297241211e-01
5.311834216117858887e-01
3.101142346858978271e-01
6.011721491813659668e-01
2.689496323000639677e-04
2.288060039281845093e-01
1.480262875556945801e-01
1.722621321678161621e-01
1.127373985946178436e-02
4.997498691082000732e-01
6.558279991149902344e-01
7.617057859897613525e-02
1.118121016770601273e-02
1.973397135734558105e-01
4.636666774749755859e-01
3.142179846763610840e-01
5.075048208236694336e-01
1.140026375651359558e-02
7.578672766685485840e-01
4.372552502900362015e-03
8.071875572204589844e-02
3.436318412423133850e-02
2.120407670736312866e-01
1.946630626916885376e-01
5.827868357300758362e-03
2.186623504485396552e-07
2.668288722634315491e-02
3.026708066463470459e-01
3.096589744091033936e-01
7.819997668266296387e-01
1.258394867181777954e-01
1.829668879508972168e-01
9.192368984222412109e-01
7.055796682834625244e-03
4.685708880424499512e-01
3.296521008014678955e-01
3.323037028312683105e-01
1.146420091390609741e-01
3.073079884052276611e-01
2.624572813510894775e-01
4.673697054386138916e-01
6.020913124084472656e-01
6.452841758728027344e-01
9.451270307181403041e-05
4.386623501777648926e-01
3.866678848862648010e-02
2.876610308885574341e-02
1.691533997654914856e-02
3.876018896698951721e-02
9.519375860691070557e-02
3.434318602085113525e-01
6.246817484498023987e-02
2.501412294805049896e-03
3.105568289756774902e-01
4.051985740661621094e-01
3.316461145877838135e-01
3.777875681407749653e-04
6.028819084167480469e-01
2.546363174915313721e-01
1.186833158135414124e-01
1.813628524541854858e-01
5.851635932922363281e-01
1.233496814966201782e-01
3.301672041416168213e-01
2.085382193326950073e-01
6.253124214708805084e-03
2.099955230951309204e-01
2.843775749206542969e-01
6.013360023498535156e-01
5.467160372063517570e-05
3.948690295219421387e-01
1.546045243740081787e-01
5.306626111268997192e-02
3.449404984712600708e-02
2.022162228822708130e-01
2.850505895912647247e-02
2.333997935056686401e-01
1.088547259569168091e-01
5.989570617675781250e-01
1.327934861183166504e-01
1.898102611303329468e-01
6.047900319099426270e-01
2.603748180263210088e-05
1.154559999704360962e-01
2.317893691360950470e-02
2.196341603994369507e-01
1.686988174915313721e-01
5.560413002967834473e-01
3.423329293727874756e-01
1.204597651958465576e-01
1.961613148450851440e-01
3.609806895256042480e-01
8.532664775848388672e-01
6.766808032989501953e-01
6.016154885292053223e-01
5.897430237382650375e-04
5.601209402084350586e-01
4.150203764438629150e-01
3.304011225700378418e-01
1.249203979969024658e-01
6.367648839950561523e-01
7.960625886917114258e-01
6.586042642593383789e-01
2.100868672132492065e-01
5.779497325420379639e-02
1.473562717437744141e-01
1.968990415334701538e-01
5.974992513656616211e-01
4.925032844766974449e-04
3.448311090469360352e-01
5.912920236587524414e-01
2.773938775062561035e-01
1.985847651958465576e-01
6.575325876474380493e-02
3.180158138275146484e-01
7.293452024459838867e-01
2.267885953187942505e-01
1.159183084964752197e-01
4.878639578819274902e-01
6.578163504600524902e-01
5.053509473800659180e-01
9.668431431055068970e-02
2.657239437103271484e-01
7.328498363494873047e-01
1.013057827949523926e-01
1.758769154548645020e-01
6.140528917312622070e-01
5.430804491043090820e-01
4.714112877845764160e-01
1.333911437541246414e-03
3.960703015327453613e-01
1.845946907997131348e-01
3.101239800453186035e-01
7.710598707199096680e-01
8.496729657053947449e-03
2.065136879682540894e-01
1.463150382041931152e-01
8.910967409610748291e-02
6.143151549622416496e-04
4.329480230808258057e-01
5.089766383171081543e-01
4.403671026229858398e-01
7.206887006759643555e-02
1.859861612319946289e-01
7.973501682281494141e-01
1.027710065245628357e-01
5.840985774993896484e-01
2.729543745517730713e-01
2.590524256229400635e-01
4.030698537826538086e-01
1.138780266046524048e-01
3.496310091577470303e-04
3.828837573528289795e-01
5.926715135574340820e-01
3.642226755619049072e-01
1.826288402080535889e-01
4.555428400635719299e-03
5.642718672752380371e-01
4.958750605583190918e-01
8.016865253448486328e-01
3.820991218090057373e-01
3.518076986074447632e-02
3.730911016464233398e-02
4.988528415560722351e-02
5.727747920900583267e-03
2.859415411949157715e-01
7.787382006645202637e-01
6.579167842864990234e-01
9.239117056131362915e-02
2.028888463973999023e-01
4.938937127590179443e-01
5.980147123336791992e-01
7.998929619789123535e-01
4.237592816352844238e-01
6.481783092021942139e-02
2.512633986771106720e-02
3.636957108974456787e-01
1.971781402826309204e-01
2.309247255325317383e-01
5.461065769195556641e-01
3.634037673473358154e-01
2.637601494789123535e-01
5.663448572158813477e-01
8.212166838347911835e-03
1.497513800859451294e-01
2.634357511997222900e-01
4.111023843288421631e-01
2.073870301246643066e-01
7.001142501831054688e-01
3.185727000236511230e-01
2.594869434833526611e-01
5.147967487573623657e-02
7.932063341140747070e-01
5.864316821098327637e-01
3.618111312389373779e-01
1.354012042284011841e-01
2.926638126373291016e-01
5.331810116767883301e-01
6.199104785919189453e-01
6.118687391281127930e-01
4.000692069530487061e-01
7.421314120292663574e-01
4.570115208625793457e-01
3.452291488647460938e-01
9.998889267444610596e-02
1.288388073444366455e-01
5.293236970901489258e-01
2.222370821982622147e-03
3.648293018341064453e-01
4.411428049206733704e-02
7.959548830986022949e-01
6.293185949325561523e-01
5.972055196762084961e-01
7.120897769927978516e-01
6.496315449476242065e-02
1.629716008901596069e-01
3.199968934059143066e-01
7.200698601081967354e-04
2.652575373649597168e-01
1.372575759887695312e-01
5.462486743927001953e-01
4.055415093898773193e-01
3.250024318695068359e-01
4.659358859062194824e-01
6.698198914527893066e-01
2.084295004606246948e-01
3.997312784194946289e-01
4.811091423034667969e-01
3.889241516590118408e-01
3.345495462417602539e-02
3.319385349750518799e-01
3.322260975837707520e-01
3.096254765987396240e-01
2.925814688205718994e-01
7.184815406799316406e-01
4.927493035793304443e-01
2.141605019569396973e-01
5.784322023391723633e-01
6.293627619743347168e-02
3.130415678024291992e-01
1.167765781283378601e-01
5.726704001426696777e-01
4.536772668361663818e-01
2.999345958232879639e-01
4.757708311080932617e-01
4.632003307342529297e-01
3.924521505832672119e-01
1.056288704276084900e-01
8.825919628143310547e-01
5.398648977279663086e-01
5.900337100028991699e-01
3.973844945430755615e-01
2.336944341659545898e-01
4.354979395866394043e-01
4.263893365859985352e-01
2.722971737384796143e-01
2.185243666172027588e-01
7.677006125450134277e-01
2.966666221618652344e-01
8.625980615615844727e-01
3.512876033782958984e-01
2.666860222816467285e-01
6.427661180496215820e-01
6.007726788520812988e-01
2.315154075622558594e-01
7.438833117485046387e-01
2.890018820762634277e-01
2.359541356563568115e-01
3.252229690551757812e-01
1.095536872744560242e-01
5.205368995666503906e-01
3.453708887100219727e-01
8.000062704086303711e-01
1.940702795982360840e-01
1.945114135742187500e-01
5.432664752006530762e-01
4.914884567260742188e-01
5.931944847106933594e-01
5.333900451660156250e-01
5.001982450485229492e-01
4.788674712181091309e-01
2.051325738430023193e-01
3.718461096286773682e-01
5.446460247039794922e-01
1.716307997703552246e-01
1.225651800632476807e-01
7.564619183540344238e-03
3.754302263259887695e-01
5.432884097099304199e-01
6.307873129844665527e-01
3.547272682189941406e-01
4.598285555839538574e-01
1.250553578138351440e-01
4.876445531845092773e-01
6.785488128662109375e-02
2.913821339607238770e-01
6.516856551170349121e-01
2.586351633071899414e-01
2.667494714260101318e-01
1.983321607112884521e-01
2.157404869794845581e-01
2.705203294754028320e-01
7.987668514251708984e-01
2.007586359977722168e-01
9.605207596905529499e-04
3.050813674926757812e-01
1.348226564005017281e-03
2.646569737407844514e-05
3.188490634784102440e-03
3.120874464511871338e-01
2.048664093017578125e-01
2.226777432952076197e-04
2.048136433586478233e-03
2.515526413917541504e-01
1.597695052623748779e-01
8.374595046043395996e-01
4.113287925720214844e-01
3.719341456890106201e-01
3.531762063503265381e-01
2.544967532157897949e-01
4.531353712081909180e-02
5.305905938148498535e-01
2.042686045169830322e-01
2.232441455125808716e-01
2.824409748427569866e-04
5.452706813812255859e-01
3.065564632415771484e-01
4.147919416427612305e-01
6.268842220306396484e-01
4.503625929355621338e-01
2.226692289113998413e-01
2.216118276119232178e-01
1.386649012565612793e-01
1.926391199231147766e-02
2.188838273286819458e-01
5.745913982391357422e-01
5.262268781661987305e-01
1.144895981997251511e-02
7.155174389481544495e-03
2.294527292251586914e-01
6.743465662002563477e-01
6.156026721000671387e-01
3.488191962242126465e-01
1.027965190587565303e-04
2.256089746952056885e-01
5.954757332801818848e-01
4.619316756725311279e-01
5.148351192474365234e-01
2.986724078655242920e-01
5.128197669982910156e-01
1.683646463789045811e-03
3.956669270992279053e-01
4.648102223873138428e-01
7.372949719429016113e-01
7.771265506744384766e-01
3.353820145130157471e-01
1.802384555339813232e-01
2.232887595891952515e-02
3.127093315124511719e-01
3.947042822837829590e-01
2.478999894250932812e-09
4.398387670516967773e-01
5.997143983840942383e-01
1.054255198687314987e-02
2.600474283099174500e-02
9.920918941497802734e-02
2.051115334033966064e-01
8.000023961067199707e-01
2.696149051189422607e-01
2.077176719903945923e-01
1.757349818944931030e-01
3.320233896374702454e-02
1.629684716463088989e-01
3.045109286904335022e-02
5.050179958343505859e-01
1.106405910104513168e-02
9.435068070888519287e-02
1.219802498817443848e-01
2.109427936375141144e-02
2.965190112590789795e-01
4.504529237747192383e-01
8.152345567941665649e-02
2.437907159328460693e-01
3.492690622806549072e-01
3.786097764968872070e-01
2.077668309211730957e-01
1.265723351389169693e-02
3.213796317577362061e-01
1.946088224649429321e-01
4.136841893196105957e-01
1.419023126363754272e-01
4.242105484008789062e-01
2.268890738487243652e-01
9.663705229759216309e-01
3.778726458549499512e-01
1.948766410350799561e-01
3.248210251331329346e-01
1.557835489511489868e-01
1.989617049694061279e-01
3.008145373314619064e-03
1.469344794750213623e-01
2.697317600250244141e-01
7.430370450019836426e-01
1.643338799476623535e-01
4.449844956398010254e-01
4.088245034217834473e-01
8.000125885009765625e-01
4.384269714355468750e-01
1.760159432888031006e-02
3.119181096553802490e-01
4.949698448181152344e-01
1.002007350325584412e-01
2.367405593395233154e-02
1.090725511312484741e-01
3.719572424888610840e-01
6.651499867439270020e-01
1.979300286620855331e-04
4.306166768074035645e-01
3.974197804927825928e-01
8.001613020896911621e-01
3.924743533134460449e-01
2.615351676940917969e-01
2.911032438278198242e-01
4.152259230613708496e-01
2.882582601159811020e-03
2.744283899664878845e-02
5.139376595616340637e-02
5.459803938865661621e-01
7.852376103401184082e-01
3.043787728529423475e-06
2.265149205923080444e-01
1.305809766054153442e-01
6.278556585311889648e-01
5.801819562911987305e-01
1.010323911905288696e-01
3.691897094249725342e-01
4.544963538646697998e-01
2.345227077603340149e-02
4.136563092470169067e-02
4.376387000083923340e-01
2.924636304378509521e-01
3.062396347522735596e-01
1.270807236433029175e-01
5.668739601969718933e-02
1.257079541683197021e-01
9.955215454101562500e-01
2.041910141706466675e-01
2.087910771369934082e-01
3.651355206966400146e-02
2.474291324615478516e-01
6.260527670383453369e-02
1.375934779644012451e-01
2.545180916786193848e-02
3.770843446254730225e-01
1.306801568716764450e-04
9.321547299623489380e-02
3.134455904364585876e-02
4.647501707077026367e-01
2.672327756881713867e-01
5.992070436477661133e-01
3.338915482163429260e-02
1.988895386457443237e-01
5.007000565528869629e-01
7.677846550941467285e-01
3.800683915615081787e-01
4.271375536918640137e-01
5.010145306587219238e-01
3.787936642765998840e-03
5.233302116394042969e-01
3.610780239105224609e-01
3.746300339698791504e-01
8.024732470512390137e-01
5.649256110191345215e-01
1.752352714538574219e-01
4.008850455284118652e-01
3.745504021644592285e-01
1.304828748106956482e-02
2.068572305142879486e-02
1.847648471593856812e-01
1.810415983200073242e-01
1.034491136670112610e-02
1.248914003372192383e-01
2.249969094991683960e-01
1.699004471302032471e-01
9.961160421371459961e-01
2.276071459054946899e-01
1.053154394030570984e-01
3.731375932693481445e-01
2.632193863391876221e-01
4.060675501823425293e-01
1.999708414077758789e-01
2.414731681346893311e-01
1.937226653099060059e-01
2.012755274772644043e-01
4.004493057727813721e-01
4.322657287120819092e-01
1.139504164457321167e-01
9.434486031532287598e-01
4.085625112056732178e-01
1.277097165584564209e-01
2.371026277542114258e-01
1.961551904678344727e-01
2.134751379489898682e-01
2.435161769390106201e-01
1.642815023660659790e-01
2.808836400508880615e-01
1.944787800312042236e-01
3.965357840061187744e-01
1.273088455200195312e-01
2.083842307329177856e-01
6.013160347938537598e-01
3.537741005420684814e-01
2.510079368948936462e-02
4.121891558170318604e-01
1.103282794356346130e-01
1.175686642527580261e-01
2.092544436454772949e-01
1.467034369707107544e-01
3.150320947170257568e-01
1.849565804004669189e-01
2.516601979732513428e-01
5.970540642738342285e-01
3.660907447338104248e-01
5.978705883026123047e-01
7.830453515052795410e-01
1.825411468744277954e-01
2.216790765523910522e-01
4.856771826744079590e-01
9.821381419897079468e-02
7.658318877220153809e-01
4.197916984558105469e-01
2.220726013183593750e-01
3.042094409465789795e-01
2.980260178446769714e-02
3.256214559078216553e-01
6.477304100990295410e-01
7.696384191513061523e-01
6.657229065895080566e-01
2.422583997249603271e-01
4.119495749473571777e-01
3.452916741371154785e-01
4.214143455028533936e-01
3.807905614376068115e-01
2.703387737274169922e-01
3.954079151153564453e-01
2.178588062524795532e-01
1.080844774842262268e-01
5.208646655082702637e-01
3.863607048988342285e-01
5.982462167739868164e-01
3.209398984909057617e-01
3.279786929488182068e-02
1.860112845897674561e-01
1.678568273782730103e-01
1.508510410785675049e-01
4.474217295646667480e-01
5.729771777987480164e-02
2.576472759246826172e-01
9.852931648492813110e-02
2.876283526420593262e-01
3.572205603122711182e-01
3.938814997673034668e-01
5.415294170379638672e-01
7.953972816467285156e-01
1.998562663793563843e-01
2.968217013403773308e-04
1.204074919223785400e-01
3.868218045681715012e-03
7.080304622650146484e-01
1.778119504451751709e-01
4.159944653511047363e-01
4.389253258705139160e-01
2.324285684153437614e-03
1.197412386536598206e-01
8.230648636817932129e-01
4.266434311866760254e-01
4.931344389915466309e-01
3.142583966255187988e-01
4.086983799934387207e-01
3.302248418331146240e-01
4.182085394859313965e-01
8.179743289947509766e-01
2.439308464527130127e-01
2.846132516860961914e-01
1.999947577714920044e-01
3.613365292549133301e-01
5.664279460906982422e-01
1.682005375623703003e-01
3.577741086483001709e-01
7.076029777526855469e-01
2.253821492195129395e-01
2.137833833694458008e-01
2.606238722801208496e-01
1.991589367389678955e-01
1.880414932966232300e-01
2.422683537006378174e-01
4.531786441802978516e-01
1.164676723419688642e-04
3.014528155326843262e-01
1.538415849208831787e-01
2.176105976104736328e-01
3.992680311203002930e-01
4.185918569564819336e-01
8.900421857833862305e-02
3.649129867553710938e-01
8.832984417676925659e-02
1.891913264989852905e-01
2.648648060858249664e-02
1.091509014368057251e-01
4.153995513916015625e-01
2.314961850643157959e-01
1.250606682151556015e-02
1.261460334062576294e-01
2.456340491771697998e-01
4.000462293624877930e-01
2.431340515613555908e-01
2.427393645048141479e-01
5.886503458023071289e-01
1.179665401577949524e-01
4.137960672378540039e-01
3.198044002056121826e-01
3.013871014118194580e-01
3.504728078842163086e-01
1.997407823801040649e-01
3.735147714614868164e-01
2.155594527721405029e-01
5.714448094367980957e-01
5.996313095092773438e-01
1.755697429180145264e-01
1.598877646028995514e-02
6.092374324798583984e-01
1.005470193922519684e-02
3.825640082359313965e-01
2.357941418886184692e-01
7.528703212738037109e-01
3.483746945858001709e-01
2.140769809484481812e-01
4.813740253448486328e-01
4.564630091190338135e-01
1.477320641279220581e-01
2.258345037698745728e-01
2.374426424503326416e-01
2.123168110847473145e-01
6.476373672485351562e-01
3.860467970371246338e-01
6.202496588230133057e-02
1.649633646011352539e-01
7.455171346664428711e-01
3.141472041606903076e-01
5.304975509643554688e-01
2.356932014226913452e-01
4.642149806022644043e-01
8.968228101730346680e-01
7.748587131500244141e-01
4.186002314090728760e-01
3.999989032745361328e-01
3.260364830493927002e-01
5.782709121704101562e-01
3.089304864406585693e-01
1.419692337512969971e-01
3.045191764831542969e-01
2.553359270095825195e-01
1.389003545045852661e-01
2.185412645339965820e-01
5.521318316459655762e-02
5.046905875205993652e-01
6.291597485542297363e-01
1.709965144982561469e-04
2.474494129419326782e-01
4.174096286296844482e-01
3.640034496784210205e-01
3.605239987373352051e-01
1.580008864402770996e-01
3.571275472640991211e-01
4.394149482250213623e-01
8.255998492240905762e-01
6.632952392101287842e-02
3.979128301143646240e-01
1.445893850177526474e-02
9.973472356796264648e-01
6.540884375572204590e-01
4.471097588539123535e-01
9.858424216508865356e-02
1.991970241069793701e-01
5.606822967529296875e-01
1.419287323951721191e-01
5.231913924217224121e-01
3.452979326248168945e-01
2.697442471981048584e-01
2.237558662891387939e-01
3.673288226127624512e-01
1.873804628849029541e-01
9.958630800247192383e-01
2.671587169170379639e-01
2.432727664709091187e-01
3.344922065734863281e-01
2.463944852352142334e-01
3.961267173290252686e-01
3.252627253532409668e-01
3.611908555030822754e-01
2.485700249671936035e-01
6.711695343255996704e-03
2.182013392448425293e-01
4.617899954319000244e-01
5.687252879142761230e-01
5.993440747261047363e-01
2.021329700946807861e-01
2.029396891593933105e-01
6.022806167602539062e-01
1.259401142597198486e-01
3.461658656597137451e-01
2.008625268936157227e-01
4.304249584674835205e-01
2.959350347518920898e-01
2.041990906000137329e-01
4.159968495368957520e-01
4.515291154384613037e-01
4.330926835536956787e-01
8.024310469627380371e-01
4.106153547763824463e-01
2.849837243556976318e-01
4.851502776145935059e-01
2.189709395170211792e-01
1.084027811884880066e-01
3.903283476829528809e-01
5.340114235877990723e-01
3.865133523941040039e-01
5.263271927833557129e-01
3.807304501533508301e-01
1.965330839157104492e-01
6.395891904830932617e-01
9.653310775756835938e-01
5.303074121475219727e-01
3.755044657737016678e-03
2.945397421717643738e-02
5.153300762176513672e-01
5.805955529212951660e-01
2.877526581287384033e-01
2.153593897819519043e-01
4.262866973876953125e-01
3.601710796356201172e-01
5.358714461326599121e-01
6.246723979711532593e-02
3.169690072536468506e-01
4.791994988918304443e-01
3.635162115097045898e-01
3.983461856842041016e-01
3.673003613948822021e-01
3.032574355602264404e-01
2.771718204021453857e-01
1.998110413551330566e-01
4.881625771522521973e-01
7.240434288978576660e-01
5.164273977279663086e-01
1.975063383579254150e-01
3.422904908657073975e-01
5.750513672828674316e-01
5.506581068038940430e-01
5.327428225427865982e-03
2.006682008504867554e-01
3.912461102008819580e-01
4.466895759105682373e-01
3.708814978599548340e-01
2.367066591978073120e-01
2.450323551893234253e-01
8.531423807144165039e-01
5.167954564094543457e-01
7.833924144506454468e-02
2.146792598068714142e-02
4.475805759429931641e-01
3.898021280765533447e-01
3.901580870151519775e-01
3.159896433353424072e-01
6.827009469270706177e-02
4.607903957366943359e-01
5.591421723365783691e-01
7.944070100784301758e-01
3.338690102100372314e-01
7.355591058731079102e-01
2.262679338455200195e-01
3.853891789913177490e-01
3.520770967006683350e-01
2.761652767658233643e-01
5.188031196594238281e-01
3.968639969825744629e-01
2.036326192319393158e-02
5.826265811920166016e-01
3.331863582134246826e-01
3.927462100982666016e-01
2.160371989011764526e-01
4.845303669571876526e-02
4.508825242519378662e-01
2.204174548387527466e-01
2.006439268589019775e-01
7.713719606399536133e-01
5.151777863502502441e-01
7.283009588718414307e-02
3.985594511032104492e-01
5.896461661905050278e-03
4.499661326408386230e-01
5.653863549232482910e-01
2.399198710918426514e-01
5.066264867782592773e-01
1.440774202346801758e-01
4.332189857959747314e-01
3.641887815319932997e-05
4.192782193422317505e-02
1.045052930712699890e-01
7.514773607254028320e-01
6.164351105690002441e-01
4.551112651824951172e-01
1.085156295448541641e-02
7.374712228775024414e-01
3.665513992309570312e-01
1.829748749732971191e-01
1.899360269308090210e-01
1.281609982252120972e-01
3.113923966884613037e-01
1.052303984761238098e-01
1.536444760859012604e-02
2.029619961977005005e-01
1.804322600364685059e-01
5.819028019905090332e-01
5.790546536445617676e-01
2.442583255469799042e-02
8.457281589508056641e-01
1.958184391260147095e-01
2.296080142259597778e-01
4.280840232968330383e-02
3.044967651367187500e-01
2.099171429872512817e-01
1.633356958627700806e-01
2.078702300786972046e-01
4.302337467670440674e-01
5.659853219985961914e-01
5.016188025474548340e-01
7.978636622428894043e-01
1.333783729933202267e-04
4.003730416297912598e-02
3.043730258941650391e-01
4.665277898311614990e-01
5.694371834397315979e-02
2.232601940631866455e-01
3.805989027023315430e-01
5.114565491676330566e-01
4.241842404007911682e-02
2.248000502586364746e-01
2.022662460803985596e-01
4.650135934352874756e-01
3.031891882419586182e-01
6.177055090665817261e-02
6.844591498374938965e-01
3.962631523609161377e-01
5.220973491668701172e-01
2.087788879871368408e-01
8.812659978866577148e-02
5.916402935981750488e-01
1.957485526800155640e-01
5.212673917412757874e-02
1.465769018977880478e-03
1.987766921520233154e-01
5.241078734397888184e-01
2.138494104146957397e-01
8.554591238498687744e-02
6.893739700317382812e-01
5.400468707084655762e-01
2.623510658740997314e-01
5.624848008155822754e-01
1.830608099699020386e-01
5.559152960777282715e-01
6.048799753189086914e-01
1.792724132537841797e-01
8.745980262756347656e-02
2.230171710252761841e-01
9.999702572822570801e-01
5.593271553516387939e-02
7.208518218249082565e-04
1.208630651235580444e-01
3.904458582401275635e-01
5.374513864517211914e-01
7.500094175338745117e-01
1.935472935438156128e-01
4.076893031597137451e-01
3.823925554752349854e-01
3.912535011768341064e-01
2.589680552482604980e-01
4.168678224086761475e-01
2.364485263824462891e-01
4.317877590656280518e-01
5.468540787696838379e-01
7.873686552047729492e-01
6.478446722030639648e-01
3.843581080436706543e-01
4.163276255130767822e-01
3.036224544048309326e-01
3.447960019111633301e-01
1.727333106100559235e-02
5.952850580215454102e-01
5.453241467475891113e-01
6.059210896492004395e-01
3.636549413204193115e-01
5.895814895629882812e-01
1.435082367606810294e-06
3.730737566947937012e-01
2.103463560342788696e-01
3.510963916778564453e-01
9.466723352670669556e-02
2.815147340297698975e-01
2.418650388717651367e-01
2.820293903350830078e-01
2.552648307755589485e-03
3.665704727172851562e-01
6.235015392303466797e-01
8.213233947753906250e-01
4.010917544364929199e-01
1.811154633760452271e-01
5.947878956794738770e-01
3.906204402446746826e-01
1.299931406974792480e-01
3.712968900799751282e-03
2.225336134433746338e-01
2.463828623294830322e-01
4.353393912315368652e-01
7.916610240936279297e-01
2.285658270120620728e-01
1.441456079483032227e-01
3.754290044307708740e-01
4.272145032882690430e-01
1.663510650396347046e-01
7.851150035858154297e-01
6.031211093068122864e-02
3.894714117050170898e-01
1.016699448227882385e-01
2.733291983604431152e-01
3.306998312473297119e-01
5.602117180824279785e-01
1.999964565038681030e-01
1.998289823532104492e-01
2.389006316661834717e-01
6.025975942611694336e-01
1.591920554637908936e-01
2.062808126211166382e-01
6.516898870468139648e-01
6.430270671844482422e-01
1.093054655939340591e-02
7.783284038305282593e-02
4.005354642868041992e-01
1.216112226247787476e-01
3.935116231441497803e-01
1.991594433784484863e-01
3.030093610286712646e-01
4.366636872291564941e-01
9.793420433998107910e-01
4.460598230361938477e-01
2.940855920314788818e-03
3.415460586547851562e-01
4.017379283905029297e-01
5.062801837921142578e-01
3.736601769924163818e-02
4.199206829071044922e-03
1.250254958868026733e-01
3.092520833015441895e-01
3.388640470802783966e-03
4.888839423656463623e-01
1.661265790462493896e-01
3.556315302848815918e-01
4.668627381324768066e-01
4.961713403463363647e-02
9.791880846023559570e-01
2.467879652976989746e-01
2.596257925033569336e-01
1.348010450601577759e-01
2.886847853660583496e-01
6.264562606811523438e-01
3.420107960700988770e-01
2.641095817089080811e-01
2.408552914857864380e-01
2.767331004142761230e-01
5.111656188964843750e-01
3.478714823722839355e-01
1.162731796503067017e-01
4.401696026325225830e-01
1.078322976827621460e-01
3.275342285633087158e-01
3.230656087398529053e-01
5.922276377677917480e-01
3.803203105926513672e-01
3.212593197822570801e-01
1.740880161523818970e-01
5.507168546319007874e-02
2.624790966510772705e-01
7.799824476242065430e-01
7.956649065017700195e-01
3.136735409498214722e-02
7.815786004066467285e-01
7.457822561264038086e-01
2.682237625122070312e-01
2.186234295368194580e-01
6.090101003646850586e-01
2.361630797386169434e-01
3.654032051563262939e-01
1.210525631904602051e-02
2.906130552291870117e-01
6.039721774868667126e-04
7.995977997779846191e-01
4.167062044143676758e-01
1.990100592374801636e-01
2.009488791227340698e-01
4.459472000598907471e-01
4.183034896850585938e-01
2.188634127378463745e-01
3.833083808422088623e-02
9.451950900256633759e-03
1.244708076119422913e-01
5.626415833830833435e-02
6.437450647354125977e-01
3.642436563968658447e-01
7.827161550521850586e-01
7.278818488121032715e-01
8.718125522136688232e-02
2.166268378496170044e-01
2.881720364093780518e-01
2.125098258256912231e-01
3.075987286865711212e-02
8.674734830856323242e-01
3.368695378303527832e-01
3.112331330776214600e-01
3.541325777769088745e-02
3.805580139160156250e-01
3.277463912963867188e-01
9.036294221878051758e-01
3.427956104278564453e-01
3.214927017688751221e-01
4.002552330493927002e-01
5.456094741821289062e-01
3.109371066093444824e-01
5.659132003784179688e-01
2.532364130020141602e-01
7.152191400527954102e-01
1.642565429210662842e-01
2.084864974021911621e-01
6.540228724479675293e-01
2.454481571912765503e-01
5.958571434020996094e-01
8.454045057296752930e-01
1.170922443270683289e-01
2.107591778039932251e-01
2.796652913093566895e-01
5.726451277732849121e-01
3.283016085624694824e-01
5.809848308563232422e-01
5.618780851364135742e-01
4.754023253917694092e-01
1.807235777378082275e-01
6.563715934753417969e-01
6.241447925567626953e-01
1.353262513875961304e-01
4.230385422706604004e-01
1.897495426237583160e-02
3.701050579547882080e-01
9.003156423568725586e-02
3.093440532684326172e-01
2.235009074211120605e-01
4.466868937015533447e-02
3.860223293304443359e-01
4.924271702766418457e-01
6.951344013214111328e-01
3.276647925376892090e-01
7.972569465637207031e-01
9.137063026428222656e-01
9.053496643900871277e-03
3.140197098255157471e-01
1.939686685800552368e-01
4.621434211730957031e-01
1.463280618190765381e-01
3.002740144729614258e-01
5.423048138618469238e-01
3.713805079460144043e-01
7.069961428642272949e-01
5.902140140533447266e-01
6.683321204036474228e-03
4.281482100486755371e-01
5.708890557289123535e-01
4.161692857742309570e-01
4.907133057713508606e-02
5.235565900802612305e-01
5.517679452896118164e-01
1.955477297306060791e-01
5.648071169853210449e-01
1.995334625244140625e-01
7.776464819908142090e-01
1.192017272114753723e-01
1.993789374828338623e-01
1.916702749440446496e-04
5.536081194877624512e-01
3.972332477569580078e-01
5.938062071800231934e-01
1.341066956520080566e-01
4.017160832881927490e-01
3.891342580318450928e-01
2.600066661834716797e-01
2.781779170036315918e-01
5.361541509628295898e-01
8.363250643014907837e-02
6.058953404426574707e-01
8.229070901870727539e-01
1.173201203346252441e-01
5.241151452064514160e-01
5.534713268280029297e-01
2.273141592741012573e-01
2.034854590892791748e-01
5.708972811698913574e-01
5.411685109138488770e-01
1.346488893032073975e-01
2.126638777554035187e-02
2.106634676456451416e-01
4.900856018066406250e-01
2.545847296714782715e-01
4.754992723464965820e-01
3.273434191942214966e-02
2.677938342094421387e-01
6.395345926284790039e-01
2.360699325799942017e-01
3.648563921451568604e-01
1.488786935806274414e-01
2.117649167776107788e-01
5.053918361663818359e-01
2.371002584695816040e-01
4.258501529693603516e-01
7.418447732925415039e-01
4.272432923316955566e-01
4.846785664558410645e-01
1.235069707036018372e-01
2.868146896362304688e-01
