7.819539904594421387e-01
2.109041512012481689e-01
1.126530300825834274e-02
5.165655612945556641e-01
3.596234023571014404e-01
4.335305839776992798e-02
3.048675134778022766e-02
3.994992673397064209e-01
3.423160314559936523e-01
4.351985156536102295e-01
5.517749786376953125e-01
1.125240139663219452e-02
1.648917347192764282e-01
5.791878104209899902e-01
8.758589625358581543e-01
4.992178175598382950e-03
6.130337715148925781e-04
2.993841171264648438e-01
6.020031124353408813e-02
4.646988585591316223e-02
3.738798573613166809e-02
6.071213483810424805e-01
4.437087178230285645e-01
2.072834670543670654e-01
1.464907228946685791e-01
5.881351232528686523e-01
2.393030524253845215e-01
2.330484688282012939e-01
3.842409849166870117e-01
5.899881720542907715e-01
1.015378069132566452e-02
4.085729718208312988e-01
8.772758767008781433e-03
1.665367037057876587e-01
1.535864323377609253e-01
5.906379222869873047e-01
4.021278619766235352e-01
2.075649499893188477e-01
4.021461606025695801e-01
1.984553337097167969e-01
1.494312658905982971e-02
4.597387313842773438e-01
5.791161656379699707e-01
9.901168346405029297e-01
4.282799735665321350e-02
5.968387126922607422e-01
5.316529870033264160e-01
7.911212444305419922e-01
1.838936656713485718e-02
4.049333930015563965e-01
5.799070000648498535e-01
6.043822169303894043e-01
5.644254684448242188e-01
4.626160021871328354e-03
2.829851210117340088e-01
6.194500923156738281e-01
7.091147899627685547e-01
6.021375656127929688e-01
5.826177597045898438e-01
3.957036733627319336e-01
9.130384773015975952e-02
2.200221270322799683e-01
1.991338282823562622e-01
4.758680239319801331e-03
2.303498089313507080e-01
4.405566453933715820e-01
4.382497370243072510e-01
2.281039021909236908e-03
3.572623431682586670e-02
7.174792885780334473e-02
8.112182617187500000e-01
6.005710363388061523e-01
4.566716253757476807e-01
1.275051757693290710e-02
3.434254229068756104e-01
6.021396815776824951e-02
3.521265685558319092e-01
5.972357988357543945e-01
5.818489789962768555e-01
7.414330542087554932e-02
4.658181369304656982e-01
1.966014355421066284e-01
1.030580839142203331e-03
2.437078207731246948e-01
8.051661252975463867e-01
3.212718069553375244e-01
7.291650176048278809e-01
5.184032488614320755e-03
4.001409113407135010e-01
7.434931397438049316e-01
1.958647742867469788e-02
6.053601503372192383e-01
2.233479619026184082e-01
3.344736099243164062e-01
4.104112684726715088e-01
1.989716440439224243e-01
1.862593889236450195e-01
4.457993805408477783e-01
4.634307622909545898e-01
7.416324615478515625e-01
5.776337385177612305e-01
1.954956054687500000e-01
5.483246445655822754e-01
4.074148535728454590e-01
2.153003513813018799e-01
9.423151612281799316e-01
2.210167795419692993e-01
7.996656894683837891e-01
5.518676042556762695e-01
1.586123853921890259e-01
4.226340353488922119e-01
6.317656636238098145e-01
6.082044839859008789e-01
5.256298780441284180e-01
4.750358462333679199e-01
2.080476582050323486e-01
1.512275449931621552e-02
1.182825863361358643e-01
4.325279593467712402e-01
4.069373011589050293e-01
3.846185803413391113e-01
2.886976599693298340e-01
7.695623487234115601e-02
4.373409226536750793e-02
1.771352108335122466e-04
1.143544837832450867e-01
1.488924920558929443e-01
6.322397589683532715e-01
1.477854675613343716e-03
1.726959645748138428e-02
4.241021275520324707e-01
1.965084373950958252e-01
4.324930012226104736e-01
3.981159329414367676e-01
6.409895420074462891e-01
1.517454981803894043e-01
4.673263728618621826e-01
5.841051340103149414e-01
2.277065068483352661e-01
2.856958508491516113e-01
8.047131299972534180e-01
4.316628575325012207e-01
3.999297022819519043e-01
2.948516793549060822e-02
5.968730449676513672e-01
5.991724729537963867e-01
5.437124893069267273e-02
2.015945464372634888e-01
3.972064256668090820e-01
4.516375660896301270e-01
2.059549987316131592e-01
3.878967165946960449e-01
2.023112624883651733e-01
3.432209789752960205e-01
6.137217283248901367e-01
7.972525358200073242e-01
2.173878550529479980e-01
3.015054017305374146e-02
5.781021118164062500e-01
3.832396566867828369e-01
4.718859791755676270e-01
6.296537071466445923e-02
5.912421941757202148e-01
2.082061767578125000e-01
4.161875247955322266e-01
3.982316255569458008e-01
5.902631878852844238e-01
4.107540473341941833e-03
3.687382638454437256e-01
4.273459613323211670e-01
2.072201520204544067e-01
1.688344404101371765e-02
3.628403246402740479e-01
4.031255245208740234e-01
2.126320302486419678e-01
3.949607312679290771e-01
5.728337168693542480e-01
5.944250226020812988e-01
4.500129222869873047e-01
8.153448104858398438e-01
2.086033821105957031e-01
1.496442556381225586e-01
6.467251777648925781e-01
7.536649107933044434e-01
3.636709600687026978e-02
9.416161105036735535e-03
2.151040434837341309e-01
6.752059459686279297e-01
3.215521574020385742e-01
5.419968366622924805e-01
1.193993166089057922e-01
3.347319960594177246e-01
8.214098215103149414e-01
5.740543603897094727e-01
7.490134239196777344e-01
6.982856243848800659e-02
6.312872171401977539e-01
8.002682924270629883e-01
5.443473458290100098e-01
1.462776493281126022e-02
4.004321694374084473e-01
2.413716614246368408e-01
3.983911871910095215e-01
5.943171381950378418e-01
4.095578193664550781e-01
2.337680459022521973e-01
4.246807098388671875e-01
7.957943677902221680e-01
5.948773622512817383e-01
1.993923485279083252e-01
5.924969315528869629e-01
9.394049644470214844e-01
5.045654177665710449e-01
1.988970860838890076e-02
7.857173681259155273e-01
3.668508827686309814e-01
2.206353694200515747e-01
1.747034341096878052e-01
2.204728424549102783e-01
3.963148593902587891e-01
4.608562290668487549e-01
3.163713216781616211e-01
3.845798373222351074e-01
2.034315019845962524e-01
2.146998643875122070e-01
