9.935709238052368164e-01
9.257028102874755859e-01
9.958642125129699707e-01
9.843464493751525879e-01
9.668941497802734375e-01
9.795246124267578125e-01
9.972666501998901367e-01
9.966422915458679199e-01
9.751803278923034668e-01
9.965193867683410645e-01
9.991696476936340332e-01
9.968394637107849121e-01
9.998071789741516113e-01
9.994509816169738770e-01
9.990078210830688477e-01
7.064635753631591797e-01
9.631714820861816406e-01
9.994207024574279785e-01
9.569904804229736328e-01
9.928848743438720703e-01
9.717586040496826172e-01
9.907310605049133301e-01
9.876991510391235352e-01
9.972234368324279785e-01
9.988282322883605957e-01
9.880865216255187988e-01
9.994859695434570312e-01
9.993998408317565918e-01
9.985801577568054199e-01
9.437136054039001465e-01
9.515047073364257812e-01
9.978190660476684570e-01
8.882973194122314453e-01
9.925379753112792969e-01
9.973990917205810547e-01
9.969713687896728516e-01
9.974772334098815918e-01
9.984678030014038086e-01
9.990288615226745605e-01
9.939918518066406250e-01
9.998849630355834961e-01
9.995070695877075195e-01
9.993585944175720215e-01
9.973032474517822266e-01
9.474478363990783691e-01
9.709202051162719727e-01
9.809869527816772461e-01
9.450120925903320312e-01
9.945338964462280273e-01
9.965386390686035156e-01
9.641026854515075684e-01
9.969838261604309082e-01
9.976527690887451172e-01
9.967702627182006836e-01
9.997578263282775879e-01
9.993844628334045410e-01
9.983696341514587402e-01
9.999160170555114746e-01
9.868186116218566895e-01
9.243660569190979004e-01
9.334612488746643066e-01
9.646911621093750000e-01
9.781354665756225586e-01
1.011655330657958984e-01
9.770383238792419434e-01
9.866011738777160645e-01
9.979938268661499023e-01
2.741988599300384521e-01
9.877846240997314453e-01
9.989227056503295898e-01
9.981802105903625488e-01
9.993019700050354004e-01
9.825431108474731445e-01
9.992697834968566895e-01
9.797255992889404297e-01
9.840105175971984863e-01
9.961925148963928223e-01
9.956771135330200195e-01
9.231530427932739258e-01
9.078091382980346680e-01
9.957835078239440918e-01
9.972733855247497559e-01
9.984784126281738281e-01
9.963497519493103027e-01
9.823292493820190430e-01
9.272862672805786133e-01
9.709367752075195312e-01
9.996055364608764648e-01
9.982125759124755859e-01
9.803993105888366699e-01
9.907385706901550293e-01
9.955623149871826172e-01
9.966758489608764648e-01
9.979137778282165527e-01
9.994440674781799316e-01
9.902125597000122070e-01
9.997565150260925293e-01
9.995080232620239258e-01
9.996633529663085938e-01
9.961469769477844238e-01
9.540439844131469727e-01
9.549366831779479980e-01
9.833754301071166992e-01
9.761443734169006348e-01
9.452474117279052734e-01
9.965627193450927734e-01
9.702411890029907227e-01
9.976760149002075195e-01
9.985923767089843750e-01
9.966734647750854492e-01
9.998757243156433105e-01
9.995952844619750977e-01
9.992087483406066895e-01
9.998192787170410156e-01
9.977034330368041992e-01
9.776570796966552734e-01
8.425285816192626953e-01
8.848886489868164062e-01
9.683023095130920410e-01
9.793937802314758301e-01
9.604162573814392090e-01
9.888520240783691406e-01
9.981377124786376953e-01
2.532624304294586182e-01
9.921575784683227539e-01
9.988349676132202148e-01
9.988986849784851074e-01
9.996637701988220215e-01
9.865769743919372559e-01
9.876848459243774414e-01
8.917832970619201660e-01
9.173545837402343750e-01
9.819406270980834961e-01
9.957778453826904297e-01
9.876344799995422363e-01
9.827345609664916992e-01
9.882003664970397949e-01
9.974301457405090332e-01
9.894983768463134766e-01
9.754468798637390137e-01
9.865388274192810059e-01
9.839774966239929199e-01
9.396522045135498047e-01
9.956135749816894531e-01
9.918373227119445801e-01
9.758537411689758301e-01
9.978926777839660645e-01
9.986017942428588867e-01
9.971317648887634277e-01
9.922496080398559570e-01
9.868510961532592773e-01
9.949105978012084961e-01
9.998971819877624512e-01
9.989667534828186035e-01
9.994181990623474121e-01
9.990874528884887695e-01
9.950002431869506836e-01
9.769821166992187500e-01
8.813205957412719727e-01
9.533556103706359863e-01
9.731583595275878906e-01
9.925936460494995117e-01
9.798970222473144531e-01
9.893378615379333496e-01
9.922713637351989746e-01
9.931759238243103027e-01
9.992469549179077148e-01
9.992690086364746094e-01
9.984462261199951172e-01
9.985709190368652344e-01
9.837967753410339355e-01
9.600688219070434570e-01
8.788510560989379883e-01
9.543478488922119141e-01
9.418672323226928711e-01
9.688183069229125977e-01
9.595596194267272949e-01
9.958107471466064453e-01
9.951940178871154785e-01
9.943947196006774902e-01
9.730195403099060059e-01
9.956734776496887207e-01
9.946692585945129395e-01
9.964205026626586914e-01
8.814079761505126953e-01
9.801442027091979980e-01
9.692178368568420410e-01
9.747616052627563477e-01
9.763020277023315430e-01
9.948437809944152832e-01
9.965673089027404785e-01
9.930217862129211426e-01
9.996307492256164551e-01
9.977041482925415039e-01
9.956896901130676270e-01
9.094877243041992188e-01
9.769593477249145508e-01
9.676470160484313965e-01
9.292670488357543945e-01
9.939625263214111328e-01
9.978249669075012207e-01
8.740281462669372559e-01
9.949951171875000000e-01
9.968236088752746582e-01
9.971030950546264648e-01
9.930166602134704590e-01
9.983706474304199219e-01
9.989421367645263672e-01
9.941919445991516113e-01
9.998465776443481445e-01
9.573354125022888184e-01
9.936841726303100586e-01
9.294230341911315918e-01
9.809911251068115234e-01
9.803979396820068359e-01
9.614492058753967285e-01
9.626765251159667969e-01
9.945696592330932617e-01
9.955026507377624512e-01
9.836593866348266602e-01
9.953021407127380371e-01
9.952584505081176758e-01
9.965858459472656250e-01
9.999116659164428711e-01
9.988644719123840332e-01
