7.259782869368791580e-04
2.190779596567153931e-01
1.694108247756958008e-01
2.576552145183086395e-02
2.268963754177093506e-01
2.884736061096191406e-01
4.944716691970825195e-01
2.655325233936309814e-01
5.282789468765258789e-01
1.986963003873825073e-01
3.661379218101501465e-01
3.970640599727630615e-01
5.378565788269042969e-01
6.296033097896724939e-05
6.046673655509948730e-01
1.544792652130126953e-01
6.182856112718582153e-02
3.802675753831863403e-02
1.986379325389862061e-01
4.726334810256958008e-01
9.197746217250823975e-02
2.258385568857192993e-01
4.939889907836914062e-02
6.244100630283355713e-02
5.631529092788696289e-01
1.717611998319625854e-01
6.834059953689575195e-03
6.154091656208038330e-02
5.832794904708862305e-01
3.497493639588356018e-02
1.043111365288496017e-02
7.585532069206237793e-01
1.900319606065750122e-01
5.767749249935150146e-02
1.725131422281265259e-01
1.786409527994692326e-03
4.266220033168792725e-01
4.338686466217041016e-01
4.367279410362243652e-01
8.870483725331723690e-06
2.996467810589820147e-04
5.516839027404785156e-01
4.010695815086364746e-01
4.093591868877410889e-02
2.918900847434997559e-01
4.579311609268188477e-01
3.961232304573059082e-01
1.245206780731678009e-02
3.210644423961639404e-01
3.441390097141265869e-01
3.874728381633758545e-01
3.141399323940277100e-01
1.674133091000840068e-04
1.091148646992223803e-06
5.688821077346801758e-01
3.077972829341888428e-01
1.404463648796081543e-01
2.880559489130973816e-02
2.428312897682189941e-01
2.563327550888061523e-01
1.811417341232299805e-01
1.494957208633422852e-01
2.416674494743347168e-01
3.467738628387451172e-01
7.986188530921936035e-01
2.940139675047248602e-04
1.790089160203933716e-02
8.049060106277465820e-01
2.696309089660644531e-01
1.786376722157001495e-02
2.040766924619674683e-01
5.870088934898376465e-01
4.279208928346633911e-02
6.159767508506774902e-02
1.192843466997146606e-01
9.953663498163223267e-02
1.320378184318542480e-01
3.066940605640411377e-01
8.803989738225936890e-03
5.370082333683967590e-03
5.232952237129211426e-01
2.075589746236801147e-01
1.733123362064361572e-01
1.637342274188995361e-01
2.244636118412017822e-01
1.383270919322967529e-01
2.626409530639648438e-01
1.983515918254852295e-01
4.114849865436553955e-01
8.307021111249923706e-02
4.751550257205963135e-01
1.141720265150070190e-02
9.518468379974365234e-02
6.137943267822265625e-01
2.008272111415863037e-01
4.600124806165695190e-02
6.027207896113395691e-02
1.830502599477767944e-01
3.092969954013824463e-01
5.197070911526679993e-02
2.490993589162826538e-02
2.347082644701004028e-01
2.762270569801330566e-01
5.229561328887939453e-01
1.210137084126472473e-02
1.484783142805099487e-01
8.363219350576400757e-02
5.118285864591598511e-02
2.851257622241973877e-01
2.698325812816619873e-01
6.614119559526443481e-02
2.939744889736175537e-01
3.930824398994445801e-01
1.207773089408874512e-01
1.748141646385192871e-02
7.981160879135131836e-01
5.891667008399963379e-01
5.020117896492592990e-05
3.512312471866607666e-02
7.807688713073730469e-01
3.044157922267913818e-01
8.488959074020385742e-02
1.207668781280517578e-01
3.314728140830993652e-01
1.569336652755737305e-02
2.023852020502090454e-01
4.183922410011291504e-01
5.642532557249069214e-02
5.853506326675415039e-01
2.024486958980560303e-01
3.077211556956171989e-03
9.364983439445495605e-02
4.935305416584014893e-01
2.712368667125701904e-01
7.189767062664031982e-02
5.707602202892303467e-02
1.776465773582458496e-01
1.847876459360122681e-01
1.251022368669509888e-01
2.786796689033508301e-01
3.035720884799957275e-01
2.281421273946762085e-01
3.997794985771179199e-01
5.388785619288682938e-03
1.553687602281570435e-01
2.246408015489578247e-01
2.771567106246948242e-01
1.126995868980884552e-02
3.696759790182113647e-02
3.561550974845886230e-01
3.801324963569641113e-01
3.403834104537963867e-01
2.469043582677841187e-01
2.146103791892528534e-02
2.558837532997131348e-01
5.566302221268415451e-03
8.323127985931932926e-04
7.794870063662528992e-03
2.646034359931945801e-01
9.188924729824066162e-02
5.214928463101387024e-02
1.306593865156173706e-01
3.774616420269012451e-01
1.971281021833419800e-01
1.177050471305847168e-01
3.591835498809814453e-02
2.432886362075805664e-01
5.644208192825317383e-01
7.208636999130249023e-01
7.143812775611877441e-01
2.516541182994842529e-01
7.476836442947387695e-01
5.300321802496910095e-02
5.057200789451599121e-03
5.676558017730712891e-01
2.085137963294982910e-01
3.092443048954010010e-01
2.227418124675750732e-01
3.137410432100296021e-02
3.885284960269927979e-01
5.857129693031311035e-01
6.189066171646118164e-01
9.055090546607971191e-01
3.444486856460571289e-02
2.079297304153442383e-01
6.772492080926895142e-02
7.716418057680130005e-02
1.369577553123235703e-02
4.180040359497070312e-01
1.510977298021316528e-01
1.368737369775772095e-01
2.183363400399684906e-02
1.210003569722175598e-01
2.482006698846817017e-01
1.882239431142807007e-01
8.264731168746948242e-01
1.021958235651254654e-02
2.872380018234252930e-01
2.101187966763973236e-02
1.633123680949211121e-02
3.043977320194244385e-01
3.829859495162963867e-01
5.888093635439872742e-02
3.386205527931451797e-03
2.967890202999114990e-01
3.316674530506134033e-01
3.876341581344604492e-01
5.005336552858352661e-02
9.988061785697937012e-01
3.442213937887572683e-06
4.006692767143249512e-01
5.244925022125244141e-01
1.807547956705093384e-01
6.005139350891113281e-01
3.035082221031188965e-01
4.202549457550048828e-01
3.237937986850738525e-01
1.939180265253526159e-06
7.194854021072387695e-01
4.210752248764038086e-01
4.058075845241546631e-01
8.848417401313781738e-01
1.089815516024827957e-03
6.564277410507202148e-02
5.613975524902343750e-01
4.397218823432922363e-01
1.598176062107086182e-01
5.237869024276733398e-01
5.160569399595260620e-02
1.628119349479675293e-01
4.669717513024806976e-03
2.091240286827087402e-01
2.796523571014404297e-01
3.840946555137634277e-01
6.819620728492736816e-01
4.333900753408670425e-03
3.491955101490020752e-01
7.549747359007596970e-03
3.029721975326538086e-01
1.890145838260650635e-01
3.980967700481414795e-01
9.056524932384490967e-02
1.369569897651672363e-01
7.409386634826660156e-01
1.207000538706779480e-01
5.930761992931365967e-02
3.957139551639556885e-01
5.947949886322021484e-01
8.063246787060052156e-05
4.075010120868682861e-01
4.784421324729919434e-01
2.096556872129440308e-01
4.476461187005043030e-02
4.638040959835052490e-01
7.625623941421508789e-01
2.658571600914001465e-01
1.496439874172210693e-01
7.038276195526123047e-01
3.877813816070556641e-01
5.962285995483398438e-01
7.891217470169067383e-01
9.137619286775588989e-03
2.007186710834503174e-01
3.524369597434997559e-01
2.369020283222198486e-01
1.354643106460571289e-01
5.404260158538818359e-01
4.118495881557464600e-01
2.719452083110809326e-01
1.614754088222980499e-02
2.812485992908477783e-01
7.819820642471313477e-01
3.966218829154968262e-01
6.158792376518249512e-01
2.727754786610603333e-02
5.899430513381958008e-01
5.716158747673034668e-01
1.151195839047431946e-01
1.026712059974670410e-01
2.321917265653610229e-01
2.472769021987915039e-01
1.014700755476951599e-01
2.293073385953903198e-01
3.614101707935333252e-01
3.771365582942962646e-01
4.208253622055053711e-01
5.676115751266479492e-01
1.222731247544288635e-01
4.548855423927307129e-01
4.642044603824615479e-01
1.355084031820297241e-01
1.369025409221649170e-01
3.896130621433258057e-01
3.473501205444335938e-01
3.229703605175018311e-01
1.600827872753143311e-01
1.768773794174194336e-01
2.421810626983642578e-01
6.215226650238037109e-01
2.161206603050231934e-01
2.062748884782195091e-03
5.206637382507324219e-01
3.766780495643615723e-01
2.992709279060363770e-01
1.834093034267425537e-01
6.024534106254577637e-01
2.602830529212951660e-01
2.133474498987197876e-01
2.067047059535980225e-01
1.729378402233123779e-01
3.240624666213989258e-01
2.392678558826446533e-01
5.132995247840881348e-01
8.564328402280807495e-02
6.143743991851806641e-01
4.439338743686676025e-01
7.036872208118438721e-02
3.205350637435913086e-01
4.150183796882629395e-01
1.801626980304718018e-01
1.287912130355834961e-01
3.333145380020141602e-02
3.525718301534652710e-02
2.303336113691329956e-01
3.975287079811096191e-01
4.952341914176940918e-01
5.979104042053222656e-01
1.240189224481582642e-01
1.432012487202882767e-02
2.050538659095764160e-01
2.332032471895217896e-02
1.223630905151367188e-01
1.762825250625610352e-01
6.824129074811935425e-02
3.417934058234095573e-03
5.840836837887763977e-02
3.885748982429504395e-01
4.032980203628540039e-01
5.886675715446472168e-01
3.626296520233154297e-01
6.460416316986083984e-02
2.305817008018493652e-01
2.444361150264739990e-02
3.640701770782470703e-01
3.675017356872558594e-01
1.656832098960876465e-01
3.815307021141052246e-01
2.179401516914367676e-01
2.110832780599594116e-01
6.232799291610717773e-01
4.396976828575134277e-01
7.457987070083618164e-01
3.224225342273712158e-01
2.126096189022064209e-01
4.123328924179077148e-01
1.505787950009107590e-02
6.183847188949584961e-01
5.527041554450988770e-01
1.998001039028167725e-01
2.279404103755950928e-01
3.005266189575195312e-01
1.982115954160690308e-01
6.487681865692138672e-01
5.726183652877807617e-01
6.598399877548217773e-01
3.022002875804901123e-01
3.986439108848571777e-01
4.896320998668670654e-01
6.517506837844848633e-01
5.832179188728332520e-01
2.247174531221389771e-01
5.735067129135131836e-01
5.882191061973571777e-01
1.651624217629432678e-03
2.634004354476928711e-01
6.187038421630859375e-01
7.636619806289672852e-01
6.988937854766845703e-01
4.004898965358734131e-01
2.541532218456268311e-01
5.666565299034118652e-01
2.611230909824371338e-01
1.596720665693283081e-01
5.639672875404357910e-01
5.814358592033386230e-01
4.428904652595520020e-01
1.590431779623031616e-01
1.820840686559677124e-01
2.874957919120788574e-01
3.593490719795227051e-01
7.663326859474182129e-01
7.071807980537414551e-01
5.081546902656555176e-01
1.750295162200927734e-01
4.297881126403808594e-01
2.547840178012847900e-01
2.237631827592849731e-01
4.417229294776916504e-01
2.288759052753448486e-01
4.239485412836074829e-02
7.138123512268066406e-01
2.992390394210815430e-01
5.083510875701904297e-01
3.341530859470367432e-01
3.601793199777603149e-02
4.016582965850830078e-01
3.991934061050415039e-01
1.456504911184310913e-01
1.438453495502471924e-01
2.364659160375595093e-01
3.882294893264770508e-01
2.199846357107162476e-01
8.989591151475906372e-02
4.967273473739624023e-01
4.408514797687530518e-01
3.190768361091613770e-01
4.110662639141082764e-01
4.881840646266937256e-01
3.229761421680450439e-01
5.956310629844665527e-01
7.465444803237915039e-01
1.379303634166717529e-01
6.308714151382446289e-01
4.004202187061309814e-01
7.139666080474853516e-01
9.283086657524108887e-02
1.940004527568817139e-01
8.518950939178466797e-01
7.980383634567260742e-01
3.522608280181884766e-01
6.092979907989501953e-01
7.198991179466247559e-01
5.312783718109130859e-01
2.690975069999694824e-01
3.597600758075714111e-01
8.101645857095718384e-02
5.232551097869873047e-01
6.024639010429382324e-01
7.873492836952209473e-01
4.521912336349487305e-01
2.688847482204437256e-01
8.295797109603881836e-01
5.972816348075866699e-01
3.813480138778686523e-01
5.168080329895019531e-01
3.629925549030303955e-01
4.383788406848907471e-01
1.852483004331588745e-01
2.830204367637634277e-01
2.161496877670288086e-01
4.854914844036102295e-01
4.530030488967895508e-01
3.318903967738151550e-02
2.560709714889526367e-01
2.051462084054946899e-01
3.188800513744354248e-01
5.545771718025207520e-01
5.261021256446838379e-01
1.818700283765792847e-01
4.612731635570526123e-01
1.729251146316528320e-01
2.272970080375671387e-01
7.205917835235595703e-01
8.784030675888061523e-01
5.010262727737426758e-01
4.008467309176921844e-03
3.179490566253662109e-01
2.504413425922393799e-01
5.993247032165527344e-01
5.245678499341011047e-02
6.954417228698730469e-01
5.702458024024963379e-01
4.813508391380310059e-01
4.510256052017211914e-01
4.150982499122619629e-01
3.075237572193145752e-01
4.326498210430145264e-01
5.860984921455383301e-01
1.559694260358810425e-01
2.600270509719848633e-01
3.644450902938842773e-01
6.607253551483154297e-01
2.198088765144348145e-01
2.717208564281463623e-01
4.169074296951293945e-01
6.738206720910966396e-04
8.424175321124494076e-04
4.529619961977005005e-02
3.161155581474304199e-01
2.003204375505447388e-01
5.722476053051650524e-04
7.836635923013091087e-04
3.018045425415039062e-02
4.363149404525756836e-01
5.448468923568725586e-01
6.358774006366729736e-02
3.331146240234375000e-01
1.943502277135848999e-01
5.594643950462341309e-01
6.659512873739004135e-03
3.513950109481811523e-01
3.641341924667358398e-01
1.835557967424392700e-01
2.581481635570526123e-02
1.743954792618751526e-02
5.806105583906173706e-02
2.821683585643768311e-01
8.784357309341430664e-01
4.148644804954528809e-01
1.917850822210311890e-01
9.583800286054611206e-02
5.660278256982564926e-04
3.413571044802665710e-02
3.520199954509735107e-01
3.004237711429595947e-01
3.179248571395874023e-01
3.255638293921947479e-03
2.175935506820678711e-01
1.735924482345581055e-01
3.382559418678283691e-01
5.072485804557800293e-01
4.234630465507507324e-01
2.568707168102264404e-01
3.967138230800628662e-01
2.127576321363449097e-01
3.601773977279663086e-01
4.421702325344085693e-01
5.263543128967285156e-01
1.452721059322357178e-01
5.800170358270406723e-03
1.575066745281219482e-01
3.701786696910858154e-01
1.879808455705642700e-01
7.354117631912231445e-01
4.862681925296783447e-01
1.805826574563980103e-01
2.868887782096862793e-01
4.963489174842834473e-01
4.025489091873168945e-01
1.583574604779869333e-09
2.013061791658401489e-01
2.667363584041595459e-01
2.722393488511443138e-03
2.255280315876007080e-02
5.631190538406372070e-02
5.545971393585205078e-01
4.604023993015289307e-01
2.014268785715103149e-01
1.203863471746444702e-01
3.203973472118377686e-01
5.850572139024734497e-02
7.840321958065032959e-02
7.386143505573272705e-02
5.036777257919311523e-01
3.088051080703735352e-01
5.788322910666465759e-02
1.839062720537185669e-01
1.971947401762008667e-01
2.928498387336730957e-01
6.246335506439208984e-01
5.181205272674560547e-01
3.494052588939666748e-01
3.441437482833862305e-01
4.419562220573425293e-01
3.676186203956604004e-01
3.349849488586187363e-03
5.300975441932678223e-01
1.835859119892120361e-01
8.388435095548629761e-02
1.607656776905059814e-01
1.267918646335601807e-01
1.573244109749794006e-02
8.013555407524108887e-01
6.148643791675567627e-02
4.277842640876770020e-01
3.212600648403167725e-01
4.026060700416564941e-01
3.945821821689605713e-01
1.842293143272399902e-02
4.154328107833862305e-01
4.682067930698394775e-01
5.425228476524353027e-01
1.444307267665863037e-01
1.530781090259552002e-01
7.693431377410888672e-01
5.628652572631835938e-01
2.284516245126724243e-01
2.677906071767210960e-03
4.347711801528930664e-01
2.349835485219955444e-01
2.184033095836639404e-01
5.247456021606922150e-03
2.575569152832031250e-01
2.079220116138458252e-01
4.530780017375946045e-01
6.359125836752355099e-05
1.866525858640670776e-01
3.204527795314788818e-01
7.892519235610961914e-01
6.497550606727600098e-01
5.448000133037567139e-02
3.491283357143402100e-01
6.876708865165710449e-01
1.967520266771316528e-01
4.824874456971883774e-03
2.556154429912567139e-01
1.719995439052581787e-01
2.805330753326416016e-01
3.481120616197586060e-02
5.688469856977462769e-02
3.930113911628723145e-01
7.749037742614746094e-01
2.098100036382675171e-01
1.738027185201644897e-01
3.675159513950347900e-01
3.923205733299255371e-01
2.434314601123332977e-02
4.770950227975845337e-02
3.954590559005737305e-01
3.867043852806091309e-01
4.584210813045501709e-01
1.504384446889162064e-03
3.586534857749938965e-01
2.037277817726135254e-01
4.462115168571472168e-01
1.991610378026962280e-01
3.833563923835754395e-01
5.601027011871337891e-01
4.458645582199096680e-01
3.801017999649047852e-01
3.612076044082641602e-01
4.792754352092742920e-02
3.953462839126586914e-01
1.549825631082057953e-02
3.678343296051025391e-01
2.596621215343475342e-01
4.729903340339660645e-01
4.259471595287322998e-01
5.283621549606323242e-01
1.322728302329778671e-02
8.768460750579833984e-01
1.502449661493301392e-01
2.106852680444717407e-01
2.023179829120635986e-01
5.018917322158813477e-01
2.846315801143646240e-01
1.812568008899688721e-01
5.454013496637344360e-02
4.874732792377471924e-01
8.688846826553344727e-01
6.039131879806518555e-01
4.481733739376068115e-01
2.065484672784805298e-01
6.831034421920776367e-01
3.617880344390869141e-01
1.248128362931311131e-03
7.903650403022766113e-04
2.720567286014556885e-01
3.824096322059631348e-01
3.563034738363057841e-07
1.534684654325246811e-02
5.774196237325668335e-02
4.297899007797241211e-01
7.523781657218933105e-01
5.288534760475158691e-01
4.467571973800659180e-01
2.335068881511688232e-01
1.068968996405601501e-01
3.328036665916442871e-01
6.103132963180541992e-01
5.572594404220581055e-01
4.517187476158142090e-01
1.380431745201349258e-02
3.958598896861076355e-02
5.824741125106811523e-01
4.259737730026245117e-01
5.999066829681396484e-01
2.278643846511840820e-01
3.770142048597335815e-02
8.186221122741699219e-01
2.204349339008331299e-01
3.645753264427185059e-01
4.267489314079284668e-01
1.470671147108078003e-01
3.417346179485321045e-01
2.395157516002655029e-01
4.472433647606521845e-05
2.833878993988037109e-01
5.781240463256835938e-01
2.106589376926422119e-01
5.302239656448364258e-01
1.750830113887786865e-01
7.876046895980834961e-01
2.252406924962997437e-01
3.994262218475341797e-01
3.671180605888366699e-01
1.668588817119598389e-01
4.267667531967163086e-01
4.308166727423667908e-02
3.022195696830749512e-01
2.450845688581466675e-01
5.005994439125061035e-01
2.532177865505218506e-01
3.541377186775207520e-01
2.004943937063217163e-01
2.130902707576751709e-01
2.156189382076263428e-01
1.984600573778152466e-01
5.050612688064575195e-01
1.268114745616912842e-01
5.569558739662170410e-01
5.104231238365173340e-01
3.538999557495117188e-01
4.599291086196899414e-01
5.516611933708190918e-01
6.015325784683227539e-01
4.780901372432708740e-01
5.221749190241098404e-03
4.110549092292785645e-01
7.364201545715332031e-02
1.937146931886672974e-01
4.252823591232299805e-01
3.898623883724212646e-01
3.744272291660308838e-01
4.265891611576080322e-01
8.603373914957046509e-02
3.665611743927001953e-01
5.779961347579956055e-01
6.321270465850830078e-01
3.230375796556472778e-02
8.499880880117416382e-02
3.289734125137329102e-01
1.889904290437698364e-01
2.240833938121795654e-01
3.421504497528076172e-01
1.268884539604187012e-01
5.507977008819580078e-01
7.394126653671264648e-01
4.990611341781914234e-04
2.009144276380538940e-01
2.722074091434478760e-01
7.344288229942321777e-01
6.240526586771011353e-02
3.693384816870093346e-03
5.748237371444702148e-01
1.693536937236785889e-01
4.707376956939697266e-01
4.152556359767913818e-01
3.692514002323150635e-01
2.763894498348236084e-01
7.107155919075012207e-01
1.910929381847381592e-02
1.958103477954864502e-01
3.681333065032958984e-01
4.047236740589141846e-01
4.012764990329742432e-01
5.552857518196105957e-01
4.430390298366546631e-01
2.964588403701782227e-01
2.452800869941711426e-01
6.784558892250061035e-01
3.559624850749969482e-01
4.049978256225585938e-01
7.232448086142539978e-03
2.059274911880493164e-01
3.885955214500427246e-01
4.016433358192443848e-01
3.980825841426849365e-01
4.032596647739410400e-01
1.909210830926895142e-01
2.600025236606597900e-01
3.345866501331329346e-01
2.856721282005310059e-01
2.980251908302307129e-01
1.738138943910598755e-01
1.957603096961975098e-01
3.628652193583548069e-04
7.889837026596069336e-03
2.469575852155685425e-01
5.072621107101440430e-01
5.028884410858154297e-01
6.126418709754943848e-01
2.009527683258056641e-01
5.146962031722068787e-02
1.430560946464538574e-01
2.032522559165954590e-01
2.547041978687047958e-03
6.287136673927307129e-02
1.434554159641265869e-01
2.399360537528991699e-01
1.723779290914535522e-01
3.805740773677825928e-01
2.979438602924346924e-01
8.782883882522583008e-01
5.827519893646240234e-01
1.506298780441284180e-01
7.558624744415283203e-01
4.237064421176910400e-01
7.604889571666717529e-02
2.212428897619247437e-01
5.223203897476196289e-01
2.024089097976684570e-01
1.152422428131103516e-01
4.385425746440887451e-01
5.994674563407897949e-01
6.406562924385070801e-01
7.826567888259887695e-01
4.870356526225805283e-03
2.014379799365997314e-01
4.027990698814392090e-01
4.207435250282287598e-01
1.769937872886657715e-01
1.952340751886367798e-01
4.567011594772338867e-01
1.316826641559600830e-01
1.213769614696502686e-02
9.225139021873474121e-02
6.762378215789794922e-01
6.096073389053344727e-01
2.879213690757751465e-01
2.423435002565383911e-01
2.895132005214691162e-01
6.279867887496948242e-01
5.154510736465454102e-01
2.306036204099655151e-01
3.523952662944793701e-01
5.116354227066040039e-01
2.407533824443817139e-01
3.794406056404113770e-01
5.533159375190734863e-01
4.490212500095367432e-01
5.412461757659912109e-01
7.927767038345336914e-01
2.049231082201004028e-01
3.999778032302856445e-01
4.004181027412414551e-01
2.243865132331848145e-01
3.864792361855506897e-02
5.359961986541748047e-01
3.447521924972534180e-01
2.923425734043121338e-01
2.474705576896667480e-01
1.941831223666667938e-02
1.374420337378978729e-02
8.137120604515075684e-01
9.413765668869018555e-01
3.745055794715881348e-01
2.339632213115692139e-01
2.724047750234603882e-03
2.770784497261047363e-01
5.598626732826232910e-01
4.647133052349090576e-01
5.278815627098083496e-01
2.922149002552032471e-01
3.688042759895324707e-01
3.450003266334533691e-01
2.035128474235534668e-01
3.118138909339904785e-01
4.393117129802703857e-01
2.818321585655212402e-01
1.748108677566051483e-02
2.491686642169952393e-01
4.363372027873992920e-01
1.182860583066940308e-01
3.381707668304443359e-01
3.986342847347259521e-01
3.176352977752685547e-01
2.125649712979793549e-02
3.682441711425781250e-01
1.697349548339843750e-01
3.335942625999450684e-01
3.788205683231353760e-01
3.406595438718795776e-02
3.690758952870965004e-03
4.572982490062713623e-01
5.776249170303344727e-01
5.289623737335205078e-01
3.668163418769836426e-01
5.452445745468139648e-01
4.776572883129119873e-01
8.807167410850524902e-03
5.854102596640586853e-02
2.167310714721679688e-01
4.037571549415588379e-01
7.131176590919494629e-01
4.563415050506591797e-01
1.798849366605281830e-02
4.005883634090423584e-01
3.630398809909820557e-01
6.432655453681945801e-01
2.339618206024169922e-01
2.535385191440582275e-01
5.836323499679565430e-01
3.093066811561584473e-01
5.997324585914611816e-01
5.770037770271301270e-01
1.544499546289443970e-01
5.554005503654479980e-01
6.011640429496765137e-01
3.130437731742858887e-01
2.742587924003601074e-01
1.913435608148574829e-01
2.058330923318862915e-01
8.641102164983749390e-02
3.474229872226715088e-01
1.296493560075759888e-01
1.493065506219863892e-01
6.364858150482177734e-01
2.703357338905334473e-01
4.000736474990844727e-01
6.085720658302307129e-01
5.413511395454406738e-02
8.356104046106338501e-02
5.859586000442504883e-01
3.204313814640045166e-01
2.029637098312377930e-01
4.713445007801055908e-01
3.647237122058868408e-01
4.380920827388763428e-01
4.108925461769104004e-01
5.898016095161437988e-01
6.824343204498291016e-01
7.566519379615783691e-01
4.088065922260284424e-01
3.986119031906127930e-01
2.142492681741714478e-01
1.989326179027557373e-01
7.643895596265792847e-02
5.062406063079833984e-01
6.025586128234863281e-01
5.845359563827514648e-01
5.945603251457214355e-01
3.530524075031280518e-01
3.909805119037628174e-01
5.126175880432128906e-01
8.155753612518310547e-01
2.486453950405120850e-01
4.892678260803222656e-01
1.628178730607032776e-02
3.082283139228820801e-01
2.219574898481369019e-01
4.910135567188262939e-01
3.994941711425781250e-01
5.550850629806518555e-01
7.521792650222778320e-01
1.964722871780395508e-01
8.375695906579494476e-03
1.128361672163009644e-01
6.746779680252075195e-01
5.989830493927001953e-01
2.301983535289764404e-01
2.019184641540050507e-02
1.893364340066909790e-01
2.286034524440765381e-01
4.310960769653320312e-01
2.791196703910827637e-01
4.362698793411254883e-01
5.013741850852966309e-01
1.083962023258209229e-01
4.024593234062194824e-01
2.297171503305435181e-01
2.758626341819763184e-01
7.638196945190429688e-01
8.879961967468261719e-01
4.176655411720275879e-02
3.573670685291290283e-01
9.596075117588043213e-02
4.033443331718444824e-01
3.589041233062744141e-01
5.783804059028625488e-01
3.589980006217956543e-01
3.898776173591613770e-01
1.905705034732818604e-01
7.350556850433349609e-01
5.537140369415283203e-01
5.859611034393310547e-01
6.105784773826599121e-01
3.446906208992004395e-01
4.289467334747314453e-01
4.834007620811462402e-01
3.504624068737030029e-01
3.274248838424682617e-01
2.433175742626190186e-01
4.755453467369079590e-01
3.583338577300310135e-03
9.592910110950469971e-02
3.323766589164733887e-01
3.682695329189300537e-01
4.218153953552246094e-01
2.101694345474243164e-01
2.036974951624870300e-02
4.944532513618469238e-01
4.660728573799133301e-01
5.676106810569763184e-01
5.703830122947692871e-01
2.675649225711822510e-01
3.064673542976379395e-01
1.942622065544128418e-01
2.424988429993391037e-03
7.031425088644027710e-02
4.842148125171661377e-01
7.903521060943603516e-01
3.080075383186340332e-01
1.703423857688903809e-01
3.116511702537536621e-01
7.003186941146850586e-01
4.427960515022277832e-01
5.494966506958007812e-01
2.881467044353485107e-01
3.983838111162185669e-02
2.819524379447102547e-03
2.523730695247650146e-01
7.019335031509399414e-01
2.242848873138427734e-01
8.151513934135437012e-01
3.934066891670227051e-01
2.786353826522827148e-01
1.570269465446472168e-01
5.176264047622680664e-01
3.411313891410827637e-01
6.023674011230468750e-01
2.666326463222503662e-01
5.032469034194946289e-01
3.313538730144500732e-01
1.309150364249944687e-02
5.724924802780151367e-02
5.403904914855957031e-01
5.851969122886657715e-01
1.261078715324401855e-01
2.851041853427886963e-01
3.820017576217651367e-01
5.332938432693481445e-01
3.018371164798736572e-01
4.029877781867980957e-01
3.488773405551910400e-01
1.347954571247100830e-01
8.580369949340820312e-01
1.446961760520935059e-01
3.137666285037994385e-01
3.804118633270263672e-01
8.710337877273559570e-01
5.623116493225097656e-01
7.866731612011790276e-04
7.753117084503173828e-01
1.046353355050086975e-01
7.289961576461791992e-01
5.494544506072998047e-01
5.534958839416503906e-01
6.208196282386779785e-01
3.891978263854980469e-01
2.816676351358182728e-05
2.507583498954772949e-01
2.536242008209228516e-01
2.447165548801422119e-01
3.247657418251037598e-01
2.703439891338348389e-01
5.948189496994018555e-01
9.165534377098083496e-02
3.851714730262756348e-01
3.595956861972808838e-01
3.287596106529235840e-01
5.139369964599609375e-01
4.799780845642089844e-01
4.110863804817199707e-02
8.284493535757064819e-02
2.591851353645324707e-01
5.646500587463378906e-01
8.034471273422241211e-01
2.014557868242263794e-01
2.432768791913986206e-01
2.653128206729888916e-01
2.431230843067169189e-01
4.942069202661514282e-02
4.476163387298583984e-01
7.978662848472595215e-02
1.095683723688125610e-01
7.126916199922561646e-02
1.365904510021209717e-01
2.279419153928756714e-01
4.614108800888061523e-01
1.741514056921005249e-01
1.139193251729011536e-01
7.698121070861816406e-01
2.835642695426940918e-01
6.207045912742614746e-01
2.539491355419158936e-01
4.562240839004516602e-01
1.736600995063781738e-01
3.683962821960449219e-01
1.101278932765126228e-03
2.645945847034454346e-01
3.252542391419410706e-02
2.954955995082855225e-01
7.541837096214294434e-01
2.098346799612045288e-01
8.270601034164428711e-01
4.543634057044982910e-01
2.074406892061233521e-01
2.814928393490845338e-06
1.741931736469268799e-01
8.669483661651611328e-02
2.878054678440093994e-01
1.928030997514724731e-01
5.751668289303779602e-02
1.336207240819931030e-01
4.986984133720397949e-01
4.899427294731140137e-01
8.009049296379089355e-02
4.916933476924896240e-01
3.675745129585266113e-01
3.448491692543029785e-01
4.952059127390384674e-03
2.222737967967987061e-01
1.841870695352554321e-01
1.327752918004989624e-01
2.160990983247756958e-01
1.105824187397956848e-01
2.456177622079849243e-01
4.496443569660186768e-01
2.423731423914432526e-02
3.956334292888641357e-01
7.264341115951538086e-01
5.820077657699584961e-01
3.467033803462982178e-01
1.676563620567321777e-01
3.615077733993530273e-01
3.902446925640106201e-01
5.098208785057067871e-01
3.009085059165954590e-01
1.985733807086944580e-01
2.564923278987407684e-02
7.704101204872131348e-01
6.090393066406250000e-01
1.143444404006004333e-01
2.698914110660552979e-01
2.121146768331527710e-01
4.500904381275177002e-01
4.000784158706665039e-01
7.615693211555480957e-01
2.928544282913208008e-01
2.428830228745937347e-02
2.968673110008239746e-01
4.709708094596862793e-01
2.596834003925323486e-01
1.597588211297988892e-01
6.524004042148590088e-02
1.434566378593444824e-01
4.937188029289245605e-01
3.566597104072570801e-01
3.142541944980621338e-01
4.620669782161712646e-01
6.405743956565856934e-01
6.242002844810485840e-01
4.399636387825012207e-01
8.337364345788955688e-02
3.755905330181121826e-01
2.970671057701110840e-01
4.900604784488677979e-01
5.653953552246093750e-01
3.833854794502258301e-01
3.145777881145477295e-01
7.919481396675109863e-02
2.094715088605880737e-01
4.260254800319671631e-01
2.984356880187988281e-01
2.407421916723251343e-01
2.002866119146347046e-01
1.995919346809387207e-01
3.001140244305133820e-02
2.883598208427429199e-01
4.636283516883850098e-01
3.128018379211425781e-01
2.031788527965545654e-01
8.491235971450805664e-02
4.485870599746704102e-01
4.929988980293273926e-01
6.293544173240661621e-01
4.768290817737579346e-01
5.809830427169799805e-01
5.947729945182800293e-01
1.166303604841232300e-01
4.994429647922515869e-02
2.337993085384368896e-01
6.443751454353332520e-01
5.653016567230224609e-01
5.967403637896495638e-08
4.393664300441741943e-01
5.608080029487609863e-01
4.427507817745208740e-01
5.911067724227905273e-01
2.526775300502777100e-01
4.959130585193634033e-01
4.633155837655067444e-02
2.150411345064640045e-02
3.854656815528869629e-01
1.714463927783071995e-03
9.530444741249084473e-01
3.668949007987976074e-01
1.382287442684173584e-01
4.040325582027435303e-01
7.035797834396362305e-01
3.058559596538543701e-01
4.449228942394256592e-01
3.971453905105590820e-01
4.177625775337219238e-01
5.221725702285766602e-01
1.534492075443267822e-01
1.137577295303344727e-01
3.995712697505950928e-01
8.208861351013183594e-01
4.003132581710815430e-01
2.521023154258728027e-01
6.797130107879638672e-01
3.422166407108306885e-01
4.554891586303710938e-01
2.330688387155532837e-02
6.082187294960021973e-01
6.731102466583251953e-01
6.911118030548095703e-01
5.587514042854309082e-01
5.797179937362670898e-01
4.857508540153503418e-01
2.162621021270751953e-01
5.429329872131347656e-01
3.239621520042419434e-01
5.181679725646972656e-01
5.488592386245727539e-01
2.398404628038406372e-01
4.065040946006774902e-01
3.529508709907531738e-01
5.761069655418395996e-01
4.925325512886047363e-01
1.148328036069869995e-01
5.902300477027893066e-01
5.276791453361511230e-01
1.798099726438522339e-01
5.127180814743041992e-01
1.676976717135403305e-05
4.013414084911346436e-01
3.011717200279235840e-01
2.950452566146850586e-01
1.426256299018859863e-01
3.900460898876190186e-01
2.558487653732299805e-01
8.520332574844360352e-01
4.129364490509033203e-01
7.248190641403198242e-01
7.901209592819213867e-01
5.394341349601745605e-01
2.909002006053924561e-01
3.276313364040106535e-04
5.213666707277297974e-03
2.891631424427032471e-01
3.228307366371154785e-01
3.314943909645080566e-01
1.579799950122833252e-01
5.105373859405517578e-01
3.620781600475311279e-01
7.592254877090454102e-01
6.361375199048779905e-06
4.012457132339477539e-01
2.023514658212661743e-01
3.296088576316833496e-01
3.658945560455322266e-01
4.740156531333923340e-01
4.164905548095703125e-01
2.202793955802917480e-01
3.689095377922058105e-02
1.181188672780990601e-01
3.301713168621063232e-01
5.353536605834960938e-01
5.620666146278381348e-01
5.278626680374145508e-01
1.837328970432281494e-01
5.007408261299133301e-01
5.233097076416015625e-01
1.975704431533813477e-01
2.594865262508392334e-01
3.240227997303009033e-01
3.784207105636596680e-01
6.610383987426757812e-01
2.719074189662933350e-01
5.763874053955078125e-01
2.825073599815368652e-01
4.015812575817108154e-01
1.736611425876617432e-01
3.274598717689514160e-01
3.633136153221130371e-01
1.643686890602111816e-01
7.297653239220380783e-03
3.944016695022583008e-01
2.728377878665924072e-01
5.146692395210266113e-01
2.088038995862007141e-02
3.535652756690979004e-01
4.868434369564056396e-01
7.605311870574951172e-01
2.460355311632156372e-01
2.675697207450866699e-01
2.263137102127075195e-01
7.925292253494262695e-01
2.042761594057083130e-01
2.569606006145477295e-01
4.765721559524536133e-01
3.364293575286865234e-01
4.234377145767211914e-01
4.352587759494781494e-01
1.930684745311737061e-01
3.579507768154144287e-01
5.939555168151855469e-01
2.052965611219406128e-01
7.546079903841018677e-02
7.169315814971923828e-01
