9.674319212253277289e-01
8.306767848821786648e-01
7.962716428133157498e-01
6.977180240888068985e-01
8.616525398997160190e-01
6.635982657854373468e-01
6.754000049370986192e-01
7.654354767157480754e-01
7.890688364322369086e-01
8.802111125909365397e-01
8.890676658887129991e-01
9.036821172787592449e-01
8.930193460904635172e-01
9.382758736610412598e-01
6.698737694666936360e-01
6.709303187134747493e-01
7.575784703859915759e-01
8.160834633387051840e-01
8.115393966436386108e-01
8.968463402528029649e-01
8.372137707013350694e-01
9.406262590334966145e-01
8.930934163240286106e-01
9.086291698309091336e-01
8.998063711019662625e-01
8.902023526338430637e-01
8.652557329489634075e-01
8.180017341286517363e-01
9.370299531863286457e-01
9.428504659579350911e-01
9.420533271936269992e-01
9.427276803896977864e-01
8.689705958733191515e-01
9.236174546755276937e-01
9.228869951688326578e-01
9.296891460051903699e-01
9.066949395033029324e-01
4.798088636229854709e-01
7.679124543300042127e-01
8.667707672485938097e-01
6.250244287344125516e-01
4.688157942772914755e-01
7.110175582078787082e-01
9.046076215230501871e-01
8.916912308106055285e-01
8.271572681573721164e-01
9.058681657681098010e-01
8.988235867940462809e-01
9.244528137720547933e-01
7.514092990985283826e-01
5.709120578920612310e-01
8.610784950164648288e-01
6.572147304048905347e-01
9.406177905889657742e-01
8.128008223496950846e-01
8.794176165874187934e-01
9.147208012067354899e-01
9.489947465749887234e-01
8.455539804238539903e-01
8.533660952861492621e-01
6.933194266703839315e-01
9.496748355718759305e-01
8.727005359071952073e-01
9.103573858737945557e-01
8.622946807971367811e-01
8.704769978156456922e-01
9.348107484670785672e-01
8.968973297339218886e-01
6.913930679169985050e-01
7.946645892660664234e-01
9.307514245693500055e-01
9.334444678746737223e-01
9.106922929103558051e-01
9.388598937254685195e-01
8.981636670919564969e-01
6.483310691367548673e-01
6.891757662479693902e-01
9.431594701913686984e-01
8.354466144855206000e-01
8.550046814175752408e-01
9.262486466994652723e-01
7.673690185944835873e-01
5.558740346191021198e-01
7.047592254642111032e-01
9.137318042608407742e-01
6.317320466041564941e-01
9.269942412009606336e-01
8.409626850715050672e-01
8.453427553176879883e-01
6.978336588733257129e-01
6.148883918151393235e-01
9.531367833797748101e-01
9.410237807493943007e-01
9.281449684729943250e-01
8.588009843459496473e-01
8.380587582404797065e-01
9.148538754536554851e-01
9.236380824675927137e-01
9.488417964715224473e-01
9.002506595391494004e-01
6.348455800459935627e-01
