9.882348775863647461e-01
9.999961256980895996e-01
8.406784534454345703e-01
9.795048832893371582e-01
9.898452162742614746e-01
9.968582391738891602e-01
9.743050932884216309e-01
9.892272949218750000e-01
9.916961193084716797e-01
9.144960641860961914e-01
9.422712922096252441e-01
9.743728637695312500e-01
9.951284527778625488e-01
4.984616041183471680e-01
9.999941587448120117e-01
9.538539648056030273e-01
9.769783020019531250e-01
9.311788678169250488e-01
9.899132847785949707e-01
9.880275726318359375e-01
9.875324964523315430e-01
9.923323392868041992e-01
5.690174698829650879e-01
3.258194923400878906e-01
5.935059189796447754e-01
9.921827316284179688e-01
2.644501030445098877e-01
5.301562547683715820e-01
1.000000000000000000e+00
1.952445507049560547e-01
7.730087637901306152e-01
9.999993443489074707e-01
9.119062423706054688e-01
7.302204370498657227e-01
9.714823961257934570e-01
9.858498573303222656e-01
9.952918887138366699e-01
9.995188713073730469e-01
9.944026470184326172e-01
1.521194008091697469e-05
6.298544406890869141e-01
1.000000000000000000e+00
1.201301664113998413e-01
9.107403159141540527e-01
9.998649954795837402e-01
2.749918401241302490e-01
3.122060596942901611e-01
8.486970067024230957e-01
9.959208965301513672e-01
9.998640418052673340e-01
9.997471570968627930e-01
9.783021807670593262e-01
9.565181136131286621e-01
5.127973109483718872e-02
9.999995231628417969e-01
7.045280337333679199e-01
9.718644022941589355e-01
9.984074234962463379e-01
9.768342971801757812e-01
9.910510182380676270e-01
9.851675629615783691e-01
8.855384588241577148e-01
8.042171001434326172e-01
8.769509792327880859e-01
9.991263747215270996e-01
5.462685823440551758e-01
8.697282075881958008e-01
9.999923706054687500e-01
9.841884374618530273e-01
6.611021757125854492e-01
9.159503579139709473e-01
2.639982402324676514e-01
7.610918879508972168e-01
9.698662161827087402e-01
2.883303463459014893e-01
1.391610354185104370e-01
3.476206064224243164e-01
8.794789910316467285e-01
5.499146580696105957e-01
8.659149408340454102e-01
9.999980926513671875e-01
2.320060431957244873e-01
8.917087316513061523e-01
8.696355819702148438e-01
9.990469217300415039e-01
2.303311526775360107e-01
6.976876258850097656e-01
9.996427297592163086e-01
9.996470808982849121e-01
2.990961968898773193e-01
1.455703079700469971e-01
5.294772982597351074e-01
7.534866333007812500e-01
9.999997615814208984e-01
5.291553735733032227e-01
1.676829606294631958e-01
6.785939931869506836e-01
9.991920590400695801e-01
9.034135937690734863e-01
4.049509763717651367e-01
9.849491715431213379e-01
9.999060034751892090e-01
9.999616742134094238e-01
9.998916983604431152e-01
5.878628492355346680e-01
9.076028466224670410e-01
9.999990463256835938e-01
4.257838726043701172e-01
6.268790364265441895e-01
6.623919010162353516e-01
9.962316155433654785e-01
9.482169151306152344e-01
9.895384311676025391e-01
8.994640707969665527e-01
2.197665572166442871e-01
9.943282604217529297e-01
9.998294711112976074e-01
6.047006845474243164e-01
9.321125149726867676e-01
9.999982118606567383e-01
4.117168486118316650e-01
7.355799674987792969e-01
9.475499391555786133e-01
9.973725676536560059e-01
9.997814297676086426e-01
9.819078445434570312e-01
9.668212532997131348e-01
8.963218331336975098e-01
9.692965745925903320e-01
9.995847940444946289e-01
6.504964232444763184e-01
9.654940962791442871e-01
9.999995827674865723e-01
8.737865090370178223e-01
8.275125622749328613e-01
9.670830965042114258e-01
9.985020756721496582e-01
9.380270242691040039e-01
9.943528771400451660e-01
9.866119623184204102e-01
9.342396259307861328e-01
4.517798125743865967e-01
9.699940085411071777e-01
6.044810414314270020e-01
9.800766110420227051e-01
9.999992847442626953e-01
9.680027961730957031e-01
8.939265012741088867e-01
9.761371016502380371e-01
9.922853112220764160e-01
9.829571843147277832e-01
9.931558966636657715e-01
9.803114533424377441e-01
8.563842773437500000e-01
6.661967039108276367e-01
8.539533615112304688e-01
6.859412789344787598e-01
9.770516157150268555e-01
9.999904036521911621e-01
7.646755576133728027e-01
8.731122612953186035e-01
9.778007268905639648e-01
9.968402385711669922e-01
9.777863621711730957e-01
9.916460514068603516e-01
9.783230423927307129e-01
8.625237941741943359e-01
7.570477128028869629e-01
7.665124535560607910e-01
9.589856863021850586e-01
9.703809022903442383e-01
9.248297810554504395e-01
8.799033761024475098e-01
9.869573712348937988e-01
9.769234657287597656e-01
9.855375289916992188e-01
9.896623492240905762e-01
9.813300371170043945e-01
8.277577757835388184e-01
7.825676798820495605e-01
9.332867264747619629e-01
9.994636774063110352e-01
9.999734759330749512e-01
6.435922980308532715e-01
9.503687024116516113e-01
5.684284567832946777e-01
6.712238192558288574e-01
1.591032445430755615e-01
6.782161593437194824e-01
7.816601991653442383e-01
8.451644778251647949e-01
5.581629872322082520e-01
3.821700513362884521e-01
5.850665569305419922e-01
8.852285742759704590e-01
9.696057438850402832e-01
1.430105417966842651e-01
9.496747851371765137e-01
1.100416295230388641e-02
2.786767203360795975e-03
9.934110045433044434e-01
8.475288152694702148e-01
8.136017322540283203e-01
3.496654331684112549e-02
9.652325510978698730e-01
9.969568252563476562e-01
9.989072680473327637e-01
9.954074025154113770e-01
7.528459429740905762e-01
1.493269652128219604e-01
9.993560314178466797e-01
1.432887911796569824e-01
4.643180072307586670e-01
9.983283281326293945e-01
8.610977530479431152e-01
7.731707096099853516e-01
7.531505227088928223e-01
9.901280999183654785e-01
9.640116691589355469e-01
9.997611045837402344e-01
9.997361898422241211e-01
9.895443320274353027e-01
5.366913676261901855e-01
9.434542059898376465e-01
9.969151616096496582e-01
5.527642965316772461e-01
5.856466889381408691e-01
8.219386935234069824e-01
9.446286559104919434e-01
8.963019251823425293e-01
7.859701514244079590e-01
6.411511301994323730e-01
9.248590469360351562e-01
9.892193675041198730e-01
9.888703227043151855e-01
7.998880147933959961e-01
9.773879051208496094e-01
7.956942319869995117e-01
9.824196696281433105e-01
7.650344371795654297e-01
9.825980663299560547e-01
7.828531265258789062e-01
8.951343894004821777e-01
9.986461400985717773e-01
9.954700469970703125e-01
3.622396588325500488e-01
2.237761467695236206e-01
9.428658485412597656e-01
8.491307497024536133e-01
9.823279976844787598e-01
6.417685747146606445e-01
8.456653952598571777e-01
8.755281567573547363e-01
9.940615892410278320e-01
9.759074449539184570e-01
6.121985912322998047e-01
9.802243709564208984e-01
9.998687505722045898e-01
9.997652769088745117e-01
9.596896767616271973e-01
9.885022640228271484e-01
4.546587467193603516e-01
8.928899168968200684e-01
9.661692380905151367e-01
7.685646414756774902e-01
3.559461534023284912e-01
9.345176815986633301e-01
9.691194295883178711e-01
9.927042126655578613e-01
7.430845499038696289e-01
8.445922732353210449e-01
9.771156907081604004e-01
9.959142208099365234e-01
9.803843498229980469e-01
8.508346676826477051e-01
9.394440650939941406e-01
9.031434655189514160e-01
9.282580018043518066e-01
8.930201530456542969e-01
9.840008616447448730e-01
9.950583577156066895e-01
9.830150008201599121e-01
9.798820018768310547e-01
8.529315590858459473e-01
9.387156963348388672e-01
9.994531869888305664e-01
9.686051607131958008e-01
9.506284594535827637e-01
9.808445572853088379e-01
8.367965221405029297e-01
9.018605947494506836e-01
9.519562721252441406e-01
9.909062981605529785e-01
9.572567343711853027e-01
9.979076385498046875e-01
9.939357042312622070e-01
8.405463695526123047e-01
2.506850957870483398e-01
9.882850050926208496e-01
8.909717202186584473e-01
9.788864850997924805e-01
9.899783730506896973e-01
8.303679823875427246e-01
9.581011533737182617e-01
9.739150404930114746e-01
9.917547106742858887e-01
9.891752004623413086e-01
9.939858317375183105e-01
9.978131055831909180e-01
8.067495822906494141e-01
5.412201881408691406e-01
8.692598342895507812e-01
9.495481848716735840e-01
9.519196152687072754e-01
9.698101878166198730e-01
8.484643697738647461e-01
9.322757124900817871e-01
9.656710028648376465e-01
9.805988669395446777e-01
9.803960919380187988e-01
9.922625422477722168e-01
9.950531125068664551e-01
7.520440816879272461e-01
6.050565838813781738e-01
7.743824720382690430e-01
9.999994635581970215e-01
9.974790215492248535e-01
7.414578199386596680e-01
9.984090328216552734e-01
6.588031649589538574e-01
6.693493723869323730e-01
8.604139089584350586e-01
9.751165509223937988e-01
8.409944772720336914e-01
9.572550058364868164e-01
9.563779830932617188e-01
9.347883462905883789e-01
9.821864366531372070e-01
9.988942146301269531e-01
9.988989233970642090e-01
8.860435485839843750e-01
9.925432205200195312e-01
9.165417551994323730e-01
9.839966893196105957e-01
7.780690491199493408e-02
8.870506882667541504e-01
9.950796961784362793e-01
8.764311671257019043e-01
9.723032116889953613e-01
7.266524434089660645e-01
9.360820651054382324e-01
9.867742657661437988e-01
8.758149743080139160e-01
9.319944381713867188e-01
8.355423212051391602e-01
1.646111253648996353e-03
9.371448159217834473e-01
9.693530797958374023e-01
9.293121099472045898e-01
8.100028634071350098e-01
7.964390516281127930e-01
6.291870474815368652e-01
9.312013387680053711e-01
9.996101260185241699e-01
9.685998558998107910e-01
9.395381808280944824e-01
9.203790426254272461e-01
8.669694066047668457e-01
9.584169387817382812e-01
9.164903759956359863e-01
9.520715475082397461e-01
7.349638342857360840e-01
9.892538189888000488e-01
9.542141556739807129e-01
9.853705763816833496e-01
9.965358376502990723e-01
9.985858201980590820e-01
9.969252347946166992e-01
9.933587908744812012e-01
9.384957551956176758e-01
8.210511803627014160e-01
9.899982810020446777e-01
7.900518774986267090e-01
9.479969739913940430e-01
9.893388152122497559e-01
8.886675238609313965e-01
9.425828456878662109e-01
9.678094983100891113e-01
9.921119213104248047e-01
9.986673593521118164e-01
9.993370175361633301e-01
9.967141151428222656e-01
8.295866847038269043e-01
8.049073815345764160e-01
9.996800422668457031e-01
8.260212540626525879e-01
9.914473891258239746e-01
9.817534089088439941e-01
9.728906750679016113e-01
9.959027767181396484e-01
9.657158255577087402e-01
8.828757405281066895e-01
9.998609423637390137e-01
9.921051263809204102e-01
9.866417050361633301e-01
8.279554843902587891e-01
7.660422921180725098e-01
9.937365055084228516e-01
9.460131525993347168e-01
9.487779140472412109e-01
9.008513092994689941e-01
9.357601404190063477e-01
9.649768471717834473e-01
9.995134472846984863e-01
9.988618493080139160e-01
9.942240715026855469e-01
9.912508130073547363e-01
9.879512190818786621e-01
7.382860183715820312e-01
7.707207202911376953e-01
9.797948002815246582e-01
5.472125411033630371e-01
7.452741265296936035e-01
9.267332553863525391e-01
9.884325265884399414e-01
8.108682632446289062e-01
8.196154832839965820e-01
9.922202825546264648e-01
9.982576966285705566e-01
9.927439689636230469e-01
9.819416403770446777e-01
8.327712416648864746e-01
7.844820022583007812e-01
9.559292197227478027e-01
8.466875553131103516e-01
9.149667024612426758e-01
9.340652227401733398e-01
9.574285149574279785e-01
9.131702780723571777e-01
9.189735054969787598e-01
9.749123454093933105e-01
9.989547133445739746e-01
9.878373742103576660e-01
9.611315131187438965e-01
9.448729753494262695e-01
8.715120553970336914e-01
9.768957495689392090e-01
8.940017223358154297e-01
9.712127447128295898e-01
9.624053835868835449e-01
9.968610405921936035e-01
9.771641492843627930e-01
8.926156759262084961e-01
5.623441934585571289e-01
9.986763596534729004e-01
9.754251837730407715e-01
9.536396861076354980e-01
9.575126171112060547e-01
8.801127076148986816e-01
9.585852622985839844e-01
9.397569298744201660e-01
9.638819694519042969e-01
9.802320003509521484e-01
9.930151700973510742e-01
9.989356994628906250e-01
7.748480439186096191e-01
7.321320772171020508e-01
9.778815507888793945e-01
9.867098927497863770e-01
9.795367121696472168e-01
9.068740606307983398e-01
8.744120597839355469e-01
9.204217195510864258e-01
9.255079030990600586e-01
9.348343014717102051e-01
9.014672040939331055e-01
9.873992800712585449e-01
9.848775863647460938e-01
7.905762195587158203e-01
7.552449703216552734e-01
8.391723036766052246e-01
9.999998211860656738e-01
9.999876022338867188e-01
9.964240193367004395e-01
4.976833164691925049e-01
9.993332624435424805e-01
1.354736832581693307e-05
6.609138567000627518e-03
3.086862564086914062e-01
9.997156262397766113e-01
1.364279160043224692e-04
3.695207997225224972e-04
1.130708232522010803e-01
3.154858648777008057e-01
9.999995231628417969e-01
9.987156987190246582e-01
9.998661875724792480e-01
6.113703250885009766e-01
9.995361566543579102e-01
4.185093045234680176e-01
6.549497842788696289e-01
6.792744994163513184e-01
3.248613774776458740e-01
7.636908888816833496e-01
7.802324891090393066e-01
9.207379221916198730e-01
8.311177492141723633e-01
9.999997019767761230e-01
9.987580180168151855e-01
9.945925474166870117e-01
8.127371072769165039e-01
8.570662736892700195e-01
6.550728082656860352e-01
8.933258056640625000e-01
8.912236690521240234e-01
3.371035456657409668e-01
9.479582309722900391e-01
9.423489570617675781e-01
9.608350396156311035e-01
9.769982695579528809e-01
1.000000000000000000e+00
9.999429583549499512e-01
9.995802640914916992e-01
8.927657455205917358e-02
1.107738539576530457e-01
9.975124597549438477e-01
2.370095252990722656e-01
1.940671652555465698e-01
9.990204572677612305e-01
6.724781990051269531e-01
2.326329350471496582e-01
5.977272987365722656e-01
9.952958822250366211e-01
9.999998807907104492e-01
9.999994039535522461e-01
9.999967813491821289e-01
1.616704044863581657e-03
1.739894598722457886e-02
5.804267525672912598e-02
7.097062189131975174e-05
5.313044786453247070e-01
2.596307545900344849e-02
5.935759544372558594e-01
5.354241132736206055e-01
5.799713134765625000e-01
7.512410283088684082e-01
9.999998211860656738e-01
9.997200965881347656e-01
9.991437196731567383e-01
5.684281587600708008e-01
5.426381826400756836e-01
9.998150467872619629e-01
5.299420952796936035e-01
9.141319990158081055e-01
9.984353184700012207e-01
7.971483469009399414e-01
3.513677120208740234e-01
3.765993714332580566e-01
1.658583879470825195e-01
9.999991059303283691e-01
9.982708096504211426e-01
9.944757223129272461e-01
9.444238543510437012e-01
9.325923919677734375e-01
9.909125566482543945e-01
6.871510744094848633e-01
9.198948144912719727e-01
5.968264937400817871e-01
9.518837928771972656e-01
9.415020942687988281e-01
9.022044539451599121e-01
8.997619152069091797e-01
9.999998211860656738e-01
9.989470839500427246e-01
9.956314563751220703e-01
6.890509128570556641e-01
8.693034648895263672e-01
9.952493906021118164e-01
6.169462800025939941e-01
8.221302628517150879e-01
9.552862048149108887e-01
9.277325868606567383e-01
9.061442017555236816e-01
8.758977651596069336e-01
9.396665692329406738e-01
9.999999403953552246e-01
9.993863701820373535e-01
9.976949095726013184e-01
5.513975620269775391e-01
8.326365351676940918e-01
9.997605681419372559e-01
7.007149457931518555e-01
9.251223206520080566e-01
9.525896310806274414e-01
9.713637828826904297e-01
8.286243677139282227e-02
7.705300450325012207e-01
9.689854383468627930e-01
9.999947547912597656e-01
9.824780225753784180e-01
9.538507461547851562e-01
9.217559695243835449e-01
9.661927223205566406e-01
9.131810665130615234e-01
4.224182069301605225e-01
9.417608380317687988e-01
9.598736166954040527e-01
9.855853319168090820e-01
9.643743038177490234e-01
8.132312893867492676e-01
9.515892863273620605e-01
9.999985694885253906e-01
9.983191490173339844e-01
9.923157691955566406e-01
8.091748952865600586e-01
7.267318367958068848e-01
9.924981594085693359e-01
6.054390668869018555e-01
8.809091448783874512e-01
9.652383327484130859e-01
8.694140911102294922e-01
9.373350739479064941e-01
9.503356814384460449e-01
9.569968581199645996e-01
9.687339067459106445e-01
9.023012518882751465e-01
9.978293776512145996e-01
9.676061868667602539e-01
8.010346293449401855e-01
9.991174936294555664e-01
7.870930433273315430e-01
9.311229586601257324e-01
9.317860603332519531e-01
8.575602769851684570e-01
9.074094891548156738e-01
9.723038077354431152e-01
9.939880967140197754e-01
9.998694062232971191e-01
9.997541904449462891e-01
9.988351464271545410e-01
5.067162513732910156e-01
5.413596034049987793e-01
9.484252929687500000e-01
1.415049731731414795e-01
5.225329399108886719e-01
9.441033601760864258e-01
8.572834730148315430e-01
7.315394878387451172e-01
6.359937191009521484e-01
9.404030442237854004e-01
9.996260404586791992e-01
9.996650218963623047e-01
9.970300197601318359e-01
3.072792291641235352e-01
5.378460511565208435e-02
9.999437928199768066e-01
4.228833690285682678e-02
8.903353810310363770e-01
8.664546608924865723e-01
1.127859298139810562e-02
6.884871050715446472e-03
2.820018529891967773e-01
9.652843475341796875e-01
9.968032240867614746e-01
9.977435469627380371e-01
9.974058866500854492e-01
9.885477423667907715e-01
4.367019236087799072e-02
9.990745782852172852e-01
9.993516802787780762e-01
4.472553431987762451e-01
9.722765088081359863e-01
9.995781183242797852e-01
9.958992004394531250e-01
7.617611885070800781e-01
9.946532249450683594e-01
9.995312690734863281e-01
9.997501373291015625e-01
9.994922876358032227e-01
4.977973699569702148e-01
1.355795115232467651e-01
9.996124505996704102e-01
4.998576939105987549e-01
2.264171242713928223e-01
9.589490294456481934e-01
8.220933675765991211e-01
8.398469686508178711e-01
4.618586301803588867e-01
1.030056551098823547e-01
9.981366991996765137e-01
9.992200732231140137e-01
9.925764203071594238e-01
9.856322407722473145e-01
8.031785488128662109e-01
9.931777715682983398e-01
9.968321919441223145e-01
8.092960715293884277e-01
7.053433060646057129e-01
9.935373067855834961e-01
9.895486235618591309e-01
9.837914705276489258e-01
9.777605533599853516e-01
9.981945753097534180e-01
9.984423518180847168e-01
9.853155612945556641e-01
8.772188425064086914e-01
4.516048431396484375e-01
9.955832362174987793e-01
9.922220706939697266e-01
3.998037278652191162e-01
5.497925281524658203e-01
9.964879751205444336e-01
8.325169682502746582e-01
7.975987792015075684e-01
6.916292309761047363e-01
9.762789011001586914e-01
9.478306770324707031e-01
9.039490222930908203e-01
9.941174387931823730e-01
8.871122598648071289e-01
9.417472481727600098e-01
9.995902180671691895e-01
8.221134543418884277e-01
9.167786836624145508e-01
9.040257334709167480e-01
9.873039126396179199e-01
3.531200885772705078e-01
7.984613776206970215e-01
9.301809072494506836e-01
8.971292972564697266e-01
8.360852003097534180e-01
9.970059394836425781e-01
8.202683925628662109e-01
9.479033946990966797e-01
9.985776543617248535e-01
9.668843150138854980e-01
9.276176691055297852e-01
8.259555101394653320e-01
9.607157111167907715e-01
9.083126187324523926e-01
8.747338056564331055e-01
9.912787079811096191e-01
9.929475188255310059e-01
9.748802185058593750e-01
8.548855185508728027e-01
9.189133644104003906e-01
9.913306236267089844e-01
9.956009387969970703e-01
9.130518436431884766e-01
9.150449633598327637e-01
9.876701831817626953e-01
9.584732055664062500e-01
8.478475213050842285e-01
9.950070977210998535e-01
9.904173016548156738e-01
9.799502491950988770e-01
9.994922876358032227e-01
9.145421385765075684e-01
2.595419883728027344e-01
9.169191718101501465e-01
9.833425283432006836e-01
8.883633613586425781e-01
8.061597943305969238e-01
6.632632613182067871e-01
6.180066466331481934e-01
9.724313020706176758e-01
9.997717142105102539e-01
9.974357485771179199e-01
9.899618625640869141e-01
9.996582269668579102e-01
7.904556393623352051e-01
8.125512599945068359e-01
9.994415044784545898e-01
9.592504501342773438e-01
7.558769583702087402e-01
3.066306710243225098e-01
7.283884286880493164e-01
8.611536622047424316e-01
9.800739288330078125e-01
9.128808975219726562e-01
9.610030055046081543e-01
8.891055583953857422e-01
9.985065460205078125e-01
9.962128996849060059e-01
6.898398399353027344e-01
9.980303049087524414e-01
9.806668162345886230e-01
4.646509420126676559e-03
3.014125227928161621e-01
9.973025918006896973e-01
9.984848499298095703e-01
9.258174151182174683e-02
1.053593605756759644e-01
9.763181805610656738e-01
9.302567839622497559e-01
9.991033673286437988e-01
9.901725053787231445e-01
7.691039443016052246e-01
9.985195994377136230e-01
9.957427978515625000e-01
8.463912010192871094e-01
8.602825403213500977e-01
9.882167577743530273e-01
9.999898672103881836e-01
9.999598860740661621e-01
9.917154312133789062e-01
9.954261779785156250e-01
9.916549324989318848e-01
9.999480247497558594e-01
9.294090867042541504e-01
8.349409103393554688e-01
8.014986515045166016e-01
9.713152050971984863e-01
8.570936322212219238e-01
8.489520102739334106e-02
9.323310256004333496e-01
9.504836797714233398e-01
9.994766116142272949e-01
9.966338276863098145e-01
9.898544549942016602e-01
9.530435800552368164e-01
9.983077645301818848e-01
9.494602084159851074e-01
7.997697591781616211e-01
9.954882860183715820e-01
9.899342060089111328e-01
9.984725117683410645e-01
8.149970769882202148e-01
4.727810323238372803e-01
8.934401273727416992e-01
9.876707196235656738e-01
9.914262890815734863e-01
9.478501677513122559e-01
7.905081510543823242e-01
9.921988844871520996e-01
9.929824471473693848e-01
8.281764984130859375e-01
8.955755829811096191e-01
9.971094131469726562e-01
8.628715276718139648e-01
4.609961211681365967e-01
8.541694283485412598e-01
9.753389358520507812e-01
6.413860917091369629e-01
9.706676006317138672e-01
9.460227489471435547e-01
8.133135437965393066e-01
9.918241500854492188e-01
9.901734590530395508e-01
6.412223577499389648e-01
8.946533799171447754e-01
9.916695952415466309e-01
9.822304248809814453e-01
9.557677507400512695e-01
9.649190306663513184e-01
8.578109145164489746e-01
4.529287219047546387e-01
8.336648941040039062e-01
9.710791707038879395e-01
9.017144441604614258e-01
9.965744018554687500e-01
9.764688611030578613e-01
8.115538358688354492e-01
9.819579124450683594e-01
9.882122874259948730e-01
9.723756313323974609e-01
9.613373875617980957e-01
9.239149093627929688e-01
9.144918918609619141e-01
8.215433955192565918e-01
9.313156008720397949e-01
9.985291361808776855e-01
9.958122372627258301e-01
9.799823164939880371e-01
6.849184036254882812e-01
7.852330207824707031e-01
8.560806512832641602e-01
9.594015479087829590e-01
8.952137231826782227e-01
6.212363243103027344e-01
9.345567226409912109e-01
9.704530835151672363e-01
9.945623874664306641e-01
9.836857318878173828e-01
9.996676445007324219e-01
9.996203780174255371e-01
9.988899827003479004e-01
4.773566722869873047e-01
2.676825523376464844e-01
4.790678247809410095e-02
7.573459148406982422e-01
5.135442018508911133e-01
1.355635821819305420e-01
9.872702956199645996e-01
9.256815314292907715e-01
8.893879055976867676e-01
9.881924390792846680e-01
9.917387366294860840e-01
9.916159510612487793e-01
9.023929834365844727e-01
8.363064527511596680e-01
6.604413390159606934e-01
9.372121691703796387e-01
8.353025913238525391e-01
7.244923114776611328e-01
1.004348687549949659e-10
7.453519701957702637e-01
8.871793746948242188e-01
9.616488218307495117e-01
8.569569587707519531e-01
9.928501248359680176e-01
9.872581958770751953e-01
9.406962990760803223e-01
8.667998909950256348e-01
8.454969525337219238e-01
9.598129987716674805e-01
9.533095955848693848e-01
8.406809568405151367e-01
7.886585593223571777e-01
9.477134943008422852e-01
9.789049029350280762e-01
9.986547231674194336e-01
9.989318251609802246e-01
9.946448206901550293e-01
9.847423434257507324e-01
9.128232598304748535e-01
8.569762706756591797e-01
8.898527026176452637e-01
9.473735094070434570e-01
9.787479043006896973e-01
9.619354605674743652e-01
7.790371179580688477e-01
9.220624566078186035e-01
9.194415807723999023e-01
9.899089932441711426e-01
9.972316622734069824e-01
9.795027971267700195e-01
9.310010671615600586e-01
8.175914883613586426e-01
9.745524525642395020e-01
8.524746298789978027e-01
8.355495929718017578e-01
9.840223193168640137e-01
9.035205841064453125e-01
9.966798424720764160e-01
9.400789141654968262e-01
9.391127824783325195e-01
7.048126459121704102e-01
9.801006913185119629e-01
9.816006422042846680e-01
9.575593471527099609e-01
9.027932286262512207e-01
9.698811769485473633e-01
8.428845405578613281e-01
9.481659531593322754e-01
9.828148484230041504e-01
9.579223394393920898e-01
9.806380867958068848e-01
9.980548620223999023e-01
9.135718345642089844e-01
8.306267261505126953e-01
9.386650323867797852e-01
9.951166510581970215e-01
9.886912107467651367e-01
9.662001729011535645e-01
7.714220285415649414e-01
8.400594592094421387e-01
9.580906629562377930e-01
9.781462550163269043e-01
9.670869708061218262e-01
9.175725579261779785e-01
8.503628373146057129e-01
8.265324234962463379e-01
6.658086776733398438e-01
9.510377645492553711e-01
9.994629025459289551e-01
9.991647601127624512e-01
9.984018802642822266e-01
3.983346521854400635e-01
2.040693759918212891e-01
7.058184593915939331e-02
9.986038804054260254e-01
4.953223168849945068e-01
9.997304081916809082e-01
3.470801413059234619e-01
5.611994769424200058e-03
9.141762256622314453e-01
9.977635145187377930e-01
9.993800520896911621e-01
9.992022514343261719e-01
9.973040223121643066e-01
2.292467802762985229e-01
4.262953400611877441e-01
3.861054182052612305e-01
9.996024966239929199e-01
6.830618381500244141e-01
9.991052746772766113e-01
7.343083620071411133e-01
9.707919359207153320e-01
3.789397478103637695e-01
1.559414416551589966e-01
9.960542917251586914e-01
9.953405261039733887e-01
9.848136901855468750e-01
7.402530312538146973e-01
8.851168155670166016e-01
9.609338045120239258e-01
9.594570398330688477e-01
9.528718590736389160e-01
9.701831340789794922e-01
9.472904205322265625e-01
9.756898880004882812e-01
9.789844155311584473e-01
9.140841960906982422e-01
9.982313513755798340e-01
9.959203600883483887e-01
9.917085170745849609e-01
5.248624086380004883e-01
4.413372576236724854e-01
9.153933525085449219e-01
9.932906627655029297e-01
3.265989720821380615e-01
9.616561532020568848e-01
9.970667362213134766e-01
8.183015584945678711e-01
8.972994089126586914e-01
9.991392493247985840e-01
9.951540231704711914e-01
9.796846508979797363e-01
9.667579531669616699e-01
8.752397894859313965e-01
8.109188079833984375e-01
6.606811285018920898e-01
8.859575390815734863e-01
9.175150990486145020e-01
9.845480322837829590e-01
9.973278641700744629e-01
9.806814193725585938e-01
7.155441492795944214e-02
9.890401363372802734e-01
9.962752461433410645e-01
9.926879405975341797e-01
9.795465469360351562e-01
8.009644150733947754e-01
8.406286835670471191e-01
7.619962692260742188e-01
9.602695107460021973e-01
9.430639147758483887e-01
9.483804106712341309e-01
9.612661600112915039e-01
9.113059639930725098e-01
9.560412168502807617e-01
9.888061285018920898e-01
7.645868659019470215e-01
9.108129739761352539e-01
8.865648508071899414e-01
9.919653534889221191e-01
4.772484302520751953e-01
9.805186986923217773e-01
9.857630729675292969e-01
9.864475131034851074e-01
9.661664366722106934e-01
9.982979297637939453e-01
9.887481331825256348e-01
9.685924160294234753e-04
3.770839050412178040e-02
9.998503923416137695e-01
9.998781085014343262e-01
9.994572401046752930e-01
1.747473776340484619e-01
8.503212779760360718e-02
7.899760454893112183e-02
9.997698068618774414e-01
1.118849664926528931e-01
1.228348724544048309e-02
8.812037110328674316e-01
8.327766060829162598e-01
5.960409641265869141e-01
4.544400572776794434e-01
9.988567233085632324e-01
9.979547858238220215e-01
9.972478151321411133e-01
4.026138484477996826e-01
4.420848786830902100e-01
6.253717541694641113e-01
9.985103607177734375e-01
2.077617198228836060e-01
6.454165577888488770e-01
9.998789429664611816e-01
8.602830581367015839e-03
8.376353383064270020e-01
9.999343752861022949e-01
9.789693355560302734e-01
9.589491486549377441e-01
9.485098123550415039e-01
9.814978241920471191e-01
8.890258073806762695e-01
9.807420969009399414e-01
6.189641952514648438e-01
9.505226612091064453e-01
9.814056158065795898e-01
9.635543823242187500e-01
9.837495088577270508e-01
6.433133482933044434e-01
9.993097186088562012e-01
4.338640868663787842e-01
3.819006681442260742e-01
3.608548939228057861e-01
9.997130036354064941e-01
2.214341163635253906e-01
5.052153468132019043e-01
3.772706985473632812e-01
9.994909763336181641e-01
4.956784844398498535e-01
8.930822610855102539e-01
9.999309778213500977e-01
9.714531898498535156e-01
5.726279020309448242e-01
9.974813461303710938e-01
9.970012307167053223e-01
9.953046441078186035e-01
8.672343492507934570e-01
6.383030414581298828e-01
8.346673846244812012e-01
9.957616925239562988e-01
9.934192299842834473e-01
8.966625928878784180e-01
9.980994462966918945e-01
9.939313530921936035e-01
9.823318719863891602e-01
8.607269525527954102e-01
9.958218336105346680e-01
9.933260083198547363e-01
9.825625419616699219e-01
5.496706962585449219e-01
5.494353771209716797e-01
9.067915678024291992e-01
9.991685748100280762e-01
6.690246462821960449e-01
8.740547895431518555e-01
8.590008020401000977e-01
9.793566465377807617e-01
9.846993684768676758e-01
5.896020531654357910e-01
9.964057803153991699e-01
9.938749074935913086e-01
9.928159713745117188e-01
6.511775255203247070e-01
3.633777499198913574e-01
9.268294572830200195e-01
9.807283282279968262e-01
9.241117835044860840e-01
8.388687372207641602e-01
9.995033740997314453e-01
9.588525891304016113e-01
7.509249448776245117e-01
6.119846701622009277e-01
9.229677319526672363e-01
8.931143879890441895e-01
8.725617527961730957e-01
9.868468642234802246e-01
7.802272439002990723e-01
8.162279129028320312e-01
7.256304025650024414e-01
9.989350438117980957e-01
6.700623035430908203e-01
4.184948205947875977e-01
9.866907596588134766e-01
9.681732080935034901e-06
6.865968316560611129e-05
7.422822117805480957e-01
6.260896325111389160e-01
6.102275252342224121e-01
9.964239597320556641e-01
3.709653913974761963e-01
3.443454205989837646e-01
2.959240972995758057e-01
9.978851675987243652e-01
4.574323594570159912e-01
5.577576160430908203e-01
9.941154718399047852e-01
9.999851584434509277e-01
1.150816606241278350e-04
9.855873584747314453e-01
9.843989610671997070e-01
9.923456907272338867e-01
8.643817901611328125e-01
8.544691801071166992e-01
9.438785910606384277e-01
9.998837709426879883e-01
9.257679581642150879e-01
8.995820283889770508e-01
9.996248483657836914e-01
9.422339200973510742e-01
9.987344741821289062e-01
9.998896121978759766e-01
9.938073754310607910e-01
9.927579164505004883e-01
9.777012467384338379e-01
7.623386383056640625e-01
8.996908068656921387e-01
9.613456726074218750e-01
9.077464938163757324e-01
8.919649124145507812e-01
9.454364776611328125e-01
9.444254040718078613e-01
9.711521267890930176e-01
9.919060468673706055e-01
9.930360317230224609e-01
9.769196510314941406e-01
9.737917780876159668e-01
9.058017730712890625e-01
9.624130129814147949e-01
8.844477534294128418e-01
9.533872604370117188e-01
7.946664094924926758e-01
9.757213592529296875e-01
7.313219904899597168e-01
9.582244157791137695e-01
9.789834618568420410e-01
9.856777191162109375e-01
9.845280051231384277e-01
9.597701430320739746e-01
9.236044287681579590e-01
8.932911157608032227e-01
9.560794234275817871e-01
7.636429071426391602e-01
6.411878466606140137e-01
5.224943757057189941e-01
9.787566065788269043e-01
8.285318017005920410e-01
7.405138015747070312e-01
9.732315540313720703e-01
9.835385680198669434e-01
9.997702240943908691e-01
9.973407983779907227e-01
9.934696555137634277e-01
9.871605634689331055e-01
4.965980350971221924e-01
4.895510673522949219e-01
6.831477880477905273e-01
9.908619523048400879e-01
8.039352297782897949e-01
8.173481225967407227e-01
9.899969100952148438e-01
9.880960583686828613e-01
6.580564975738525391e-01
9.992011785507202148e-01
9.697746038436889648e-01
9.256053566932678223e-01
6.042664051055908203e-01
9.438574910163879395e-01
8.866448402404785156e-01
9.438107013702392578e-01
8.642456531524658203e-01
9.766913056373596191e-01
9.727572202682495117e-01
9.563220143318176270e-01
9.976644515991210938e-01
8.711329698562622070e-01
9.803273677825927734e-01
9.901340007781982422e-01
9.792799353599548340e-01
9.497150182723999023e-01
8.494555950164794922e-01
8.716854453086853027e-01
8.787796497344970703e-01
8.713660240173339844e-01
9.349995851516723633e-01
9.853087663650512695e-01
8.746399879455566406e-01
9.320022463798522949e-01
9.323761463165283203e-01
9.575526714324951172e-01
9.808215498924255371e-01
9.586026668548583984e-01
9.484934806823730469e-01
9.530733823776245117e-01
8.713970780372619629e-01
9.323701262474060059e-01
9.083961248397827148e-01
9.716125726699829102e-01
8.741937875747680664e-01
9.981538653373718262e-01
9.992589950561523438e-01
9.579447507858276367e-01
9.806249737739562988e-01
9.828778505325317383e-01
9.947597980499267578e-01
9.514547586441040039e-01
9.186024069786071777e-01
8.680287599563598633e-01
8.625730276107788086e-01
9.296064972877502441e-01
9.707603454589843750e-01
7.707953453063964844e-01
9.973864555358886719e-01
9.770480990409851074e-01
9.387834072113037109e-01
5.405818223953247070e-01
5.769799351692199707e-01
3.829398453235626221e-01
3.902170360088348389e-01
9.975063204765319824e-01
1.779286712408065796e-01
1.754086464643478394e-01
5.866872072219848633e-01
9.976847767829895020e-01
3.475415706634521484e-01
6.611950993537902832e-01
9.829472899436950684e-01
9.851208925247192383e-01
9.908352494239807129e-01
