2.860298666279189606e-01
2.073004889904181136e-01
2.442185630609925995e-01
2.707085143696391638e-01
2.509970400112618849e-01
2.048941387217312893e-01
2.211975620056574054e-01
2.023550850840715176e-01
2.406994399542991825e-01
2.413986720077026249e-01
2.067829223457150756e-01
1.782522362012129435e-01
2.157472953101834956e-01
3.618813354808550486e-01
1.993617413278955808e-01
2.290052798433372672e-01
4.076282498231893481e-01
2.867889739214800615e-01
2.674851780040906069e-01
3.896111002373240373e-01
3.403078642888711092e-01
3.070865104404779666e-01
3.186140834138943556e-01
2.782509392664695991e-01
2.668137011619714505e-01
2.061879969954203973e-01
3.109010435067690592e-01
3.867058297619223595e-01
4.707035418026722651e-01
3.782503318328123698e-01
4.076483977528718716e-01
2.809038597803849568e-01
4.911042612332564006e-01
4.912564874841616747e-01
3.395483273153121484e-01
3.934880502951833003e-01
4.132044111879972226e-01
2.000201736317159529e-01
2.295840131477094592e-01
2.552839413535996083e-01
3.071149390978881732e-01
2.840212306616935467e-01
2.198230970937471995e-01
2.884681205838345308e-01
3.785009166369071587e-01
2.394712436474107364e-01
3.019014205425404329e-01
2.919135264550837272e-01
3.334818830570349113e-01
3.681776230581678133e-01
2.663777250798664009e-01
3.909481515248234285e-01
3.296713804962704275e-01
3.369204972225885997e-01
3.461354741683372871e-01
3.392314052997300045e-01
2.864882320461150100e-01
3.361621251007398947e-01
3.683752983521956792e-01
2.540458790071380424e-01
2.318435997272340066e-01
4.313206787292773736e-01
3.202579733199225065e-01
4.016636610031127930e-01
3.329666348604055637e-01
3.771885882776517263e-01
2.684374706676372901e-01
3.121551881508471959e-01
4.081513083611543191e-01
3.200560710751093607e-01
4.284278939549739373e-01
4.351662082167772061e-01
3.441934604914142493e-01
3.024314044473263019e-01
4.396734593006280667e-01
3.577297338857673425e-01
3.135479166745566149e-01
3.678738974357166902e-01
3.705623286704604613e-01
3.690087634783524861e-01
4.354195244973547707e-01
3.059139337677221904e-01
2.648814859298559421e-01
3.056933436578569419e-01
2.831549990138718109e-01
2.607181663266741056e-01
3.445400910881849521e-01
3.794001832317847600e-01
3.427634451251763692e-01
2.865798887438498754e-01
3.606477586122659451e-01
3.421011734538574323e-01
4.092629276789151449e-01
5.054375718419368280e-01
4.192970303388742215e-01
4.045025710876451464e-01
3.054182313055487374e-01
3.309874970179337850e-01
3.752379898841564643e-01
3.137406081749269382e-01
3.898559768612568366e-01
