9.559090137481689453e-01
9.843877553939819336e-01
9.926840662956237793e-01
9.889847040176391602e-01
9.825625419616699219e-01
9.906020164489746094e-01
9.967734813690185547e-01
9.910197257995605469e-01
9.892934560775756836e-01
9.865778684616088867e-01
9.911399483680725098e-01
9.744783639907836914e-01
9.963436722755432129e-01
9.959048628807067871e-01
9.985620975494384766e-01
7.207665443420410156e-01
9.095927476882934570e-01
9.985806941986083984e-01
8.915123939514160156e-01
9.764736890792846680e-01
9.764654040336608887e-01
9.846583008766174316e-01
9.912307262420654297e-01
9.922482371330261230e-01
9.887431859970092773e-01
9.609310030937194824e-01
9.939308166503906250e-01
9.780213832855224609e-01
9.874132275581359863e-01
8.136642575263977051e-01
9.200429320335388184e-01
9.820714592933654785e-01
9.604291319847106934e-01
9.878019094467163086e-01
9.912058711051940918e-01
9.650672078132629395e-01
9.929826855659484863e-01
9.877213835716247559e-01
9.952903985977172852e-01
9.131011962890625000e-01
9.759409427642822266e-01
9.840094447135925293e-01
9.898638129234313965e-01
8.788478374481201172e-01
9.868173003196716309e-01
9.950266480445861816e-01
9.815604090690612793e-01
9.989914298057556152e-01
9.962725043296813965e-01
9.889407157897949219e-01
9.919663667678833008e-01
9.893865585327148438e-01
9.925888776779174805e-01
9.711281657218933105e-01
9.936618804931640625e-01
9.961469173431396484e-01
9.991679191589355469e-01
9.999513626098632812e-01
9.963183403015136719e-01
9.935606122016906738e-01
8.522897958755493164e-01
9.888933300971984863e-01
9.998260736465454102e-01
7.073726654052734375e-01
9.848555922508239746e-01
9.952896237373352051e-01
9.822238087654113770e-01
9.787464141845703125e-01
9.923085570335388184e-01
9.478049278259277344e-01
9.785186052322387695e-01
8.835083842277526855e-01
9.856058359146118164e-01
9.917860031127929688e-01
9.858480691909790039e-01
9.732649922370910645e-01
9.906011819839477539e-01
9.828698635101318359e-01
9.823220968246459961e-01
9.632073044776916504e-01
9.848803877830505371e-01
9.474349021911621094e-01
9.888992309570312500e-01
9.428954124450683594e-01
9.918619394302368164e-01
8.636655807495117188e-01
9.491657018661499023e-01
9.857242107391357422e-01
9.911626577377319336e-01
8.980414271354675293e-01
9.852075576782226562e-01
9.836177229881286621e-01
9.901430606842041016e-01
9.872274398803710938e-01
9.676081538200378418e-01
9.588744640350341797e-01
9.975809454917907715e-01
9.934335947036743164e-01
9.609819650650024414e-01
8.575807809829711914e-01
9.700603485107421875e-01
9.772295355796813965e-01
9.945043325424194336e-01
9.475588202476501465e-01
9.881311058998107910e-01
9.888933897018432617e-01
9.913606047630310059e-01
9.919703602790832520e-01
9.833445549011230469e-01
9.721093773841857910e-01
9.974962472915649414e-01
9.922308325767517090e-01
9.910485148429870605e-01
9.930495619773864746e-01
9.897641539573669434e-01
9.930695891380310059e-01
9.416634440422058105e-01
9.957596659660339355e-01
9.941316246986389160e-01
9.967120289802551270e-01
9.940841794013977051e-01
9.855491518974304199e-01
9.801947474479675293e-01
9.020469188690185547e-01
9.748324751853942871e-01
9.874160885810852051e-01
9.884517788887023926e-01
9.928714632987976074e-01
9.893773794174194336e-01
9.930083155632019043e-01
9.229574799537658691e-01
9.517723917961120605e-01
9.917000532150268555e-01
9.987627863883972168e-01
9.903313517570495605e-01
9.879488945007324219e-01
9.885253310203552246e-01
9.879799485206604004e-01
9.911031126976013184e-01
9.741996526718139648e-01
9.977566599845886230e-01
9.820336699485778809e-01
9.867089390754699707e-01
9.935364127159118652e-01
9.599907994270324707e-01
8.873934149742126465e-01
9.906427860260009766e-01
9.999008178710937500e-01
9.900006651878356934e-01
9.838471412658691406e-01
9.995366334915161133e-01
9.843426346778869629e-01
9.990949630737304688e-01
9.918133020401000977e-01
9.995558261871337891e-01
9.593542218208312988e-01
9.844883084297180176e-01
9.746041893959045410e-01
9.782419800758361816e-01
9.779849648475646973e-01
9.896038174629211426e-01
9.632283449172973633e-01
9.911683201789855957e-01
9.868314862251281738e-01
9.839401245117187500e-01
9.828433394432067871e-01
9.979085922241210938e-01
9.989640116691589355e-01
9.909492731094360352e-01
8.117714524269104004e-01
9.768724441528320312e-01
9.785493612289428711e-01
9.946928620338439941e-01
9.911631941795349121e-01
9.943570494651794434e-01
9.972596764564514160e-01
9.830610156059265137e-01
9.941732287406921387e-01
9.860934019088745117e-01
9.909439086914062500e-01
9.852244853973388672e-01
9.944126605987548828e-01
9.981442689895629883e-01
8.243266940116882324e-01
9.762900471687316895e-01
9.878907799720764160e-01
9.936398267745971680e-01
9.778321981430053711e-01
9.866908788681030273e-01
9.951191544532775879e-01
9.860331416130065918e-01
9.927425980567932129e-01
9.899345040321350098e-01
9.928389787673950195e-01
9.619709253311157227e-01
9.856610894203186035e-01
9.981315135955810547e-01
9.903033375740051270e-01
9.882693290710449219e-01
9.912264943122863770e-01
8.677653074264526367e-01
9.923114180564880371e-01
9.890808463096618652e-01
9.817582368850708008e-01
9.792340993881225586e-01
9.834845066070556641e-01
9.695007205009460449e-01
9.979456663131713867e-01
9.915961027145385742e-01
9.946281313896179199e-01
9.975623488426208496e-01
9.876182079315185547e-01
9.877223372459411621e-01
9.852126240730285645e-01
9.329048991203308105e-01
9.871360659599304199e-01
9.906475543975830078e-01
9.913564324378967285e-01
9.936311244964599609e-01
9.871056079864501953e-01
9.803519248962402344e-01
9.842639565467834473e-01
9.645446538925170898e-01
9.927664399147033691e-01
9.955925941467285156e-01
