6.110375523567199707e-01
2.193389683961868286e-01
3.272003680467605591e-02
1.379051059484481812e-01
1.073027923703193665e-01
3.589684665203094482e-01
1.804696023464202881e-01
3.577592968940734863e-01
4.128254354000091553e-01
6.009996533393859863e-01
6.051950454711914062e-01
6.511243991553783417e-03
2.034616619348526001e-01
2.616058290004730225e-01
7.916378974914550781e-01
4.332165792584419250e-02
8.734212815761566162e-02
8.045719861984252930e-01
1.158958971500396729e-01
2.720675468444824219e-01
2.551770210266113281e-02
5.903183221817016602e-01
2.051198482513427734e-01
8.174472451210021973e-01
3.368695676326751709e-01
1.538726408034563065e-02
1.049036607146263123e-01
4.032762646675109863e-01
1.271313726902008057e-01
2.885858416557312012e-01
3.145837225019931793e-03
5.688236951828002930e-01
4.076319336891174316e-01
3.153012692928314209e-01
1.945286542177200317e-01
4.232386648654937744e-01
5.637516975402832031e-01
4.434499740600585938e-01
2.317513525485992432e-01
2.258208114653825760e-03
5.175640583038330078e-01
6.027837395668029785e-01
3.786518871784210205e-01
6.621861457824707031e-01
2.540843486785888672e-01
4.844678640365600586e-01
5.353128910064697266e-01
4.197067022323608398e-01
5.253061652183532715e-02
3.162149786949157715e-01
8.561395108699798584e-02
8.038722276687622070e-01
4.021780788898468018e-01
2.064322978258132935e-01
4.095781445503234863e-01
3.843688592314720154e-02
8.371127247810363770e-01
6.320087909698486328e-01
7.034236099570989609e-03
2.842451259493827820e-02
2.271430194377899170e-01
5.718859434127807617e-01
2.368753701448440552e-01
1.159859076142311096e-02
3.003674373030662537e-02
7.957636117935180664e-01
3.244943618774414062e-01
3.697341307997703552e-03
2.111451923847198486e-01
2.288808859884738922e-02
5.280821919441223145e-01
9.645881652832031250e-01
2.045098841190338135e-01
5.169729143381118774e-02
5.913617610931396484e-01
5.611947178840637207e-02
2.022240906953811646e-01
1.990600079298019409e-01
3.021575808525085449e-01
2.393127083778381348e-01
2.826519310474395752e-02
4.322920867707580328e-04
1.605440513230860233e-03
3.823247551918029785e-01
5.452771782875061035e-01
5.747515559196472168e-01
4.012226164340972900e-01
2.298965118825435638e-02
7.729378938674926758e-01
2.140596956014633179e-01
1.982115395367145538e-02
3.654019907116889954e-02
3.906436860561370850e-01
2.424500584602355957e-01
4.492091760039329529e-02
3.348738253116607666e-01
2.279423475265502930e-01
3.989706337451934814e-01
5.407670140266418457e-02
6.186160445213317871e-01
3.317944407463073730e-01
2.294869124889373779e-01
4.008211791515350342e-01
2.749378085136413574e-01
4.648246467113494873e-01
5.466928482055664062e-01
2.833286225795745850e-01
7.382670640945434570e-01
4.222597479820251465e-01
8.005142211914062500e-03
1.380037367343902588e-01
1.590076684951782227e-01
5.563226938247680664e-01
6.103771924972534180e-01
1.763866394758224487e-01
1.805369406938552856e-01
5.973276495933532715e-01
2.626217007637023926e-01
4.304030537605285645e-01
2.680396437644958496e-01
1.441684272140264511e-02
3.300146460533142090e-01
4.836380183696746826e-01
1.834345399402081966e-03
1.122667416930198669e-01
4.008221253752708435e-02
7.668089866638183594e-01
7.531679868698120117e-01
4.664656817913055420e-01
2.138466089963912964e-01
5.970945358276367188e-01
3.788449466228485107e-01
4.021974802017211914e-01
3.996454179286956787e-01
5.408000946044921875e-01
4.332931041717529297e-01
1.296076476573944092e-01
4.639209061861038208e-02
1.003875955939292908e-02
2.192591577768325806e-01
5.643159747123718262e-01
6.226821541786193848e-01
6.308310031890869141e-01
2.253361344337463379e-01
4.080544710159301758e-01
2.742452323436737061e-01
2.706142961978912354e-01
2.053887546062469482e-01
2.148169577121734619e-01
3.380046784877777100e-01
3.148224949836730957e-01
6.787270307540893555e-03
5.678294226527214050e-02
4.799522832036018372e-02
6.041842699050903320e-02
7.338914871215820312e-01
5.819529294967651367e-01
1.722575398162007332e-03
2.072764933109283447e-01
1.700175106525421143e-01
7.759394645690917969e-01
2.116081118583679199e-01
2.062029689550399780e-01
7.802933454513549805e-01
3.922240734100341797e-01
1.851185560226440430e-01
4.134542122483253479e-02
7.944823503494262695e-01
4.130357801914215088e-01
7.467245459556579590e-01
7.194225192070007324e-01
3.368705743923783302e-03
5.842365026473999023e-01
2.030241042375564575e-01
5.261254310607910156e-01
2.182428687810897827e-01
3.898374438285827637e-01
3.472087085247039795e-01
7.286183834075927734e-01
9.066625833511352539e-01
5.826949328184127808e-02
7.947674989700317383e-01
8.095260858535766602e-01
6.221673488616943359e-01
1.476007401943206787e-01
5.044928938150405884e-02
3.153190314769744873e-01
6.657536029815673828e-01
5.219690799713134766e-01
2.730949819087982178e-01
4.367184042930603027e-01
4.714301973581314087e-02
4.227826297283172607e-01
4.369835257530212402e-01
1.481134328059852123e-03
3.238810598850250244e-02
4.907709360122680664e-01
2.767745256423950195e-01
2.007839083671569824e-01
1.981610618531703949e-02
7.748532295227050781e-01
3.850997686386108398e-01
2.150324285030364990e-01
7.719162106513977051e-02
2.112605869770050049e-01
2.326978445053100586e-01
8.906548023223876953e-01
8.960512280464172363e-01
2.187420427799224854e-01
9.519162774085998535e-02
4.578035175800323486e-01
4.026057124137878418e-01
3.952106237411499023e-01
1.542754564434289932e-02
2.029878050088882446e-01
6.686664819717407227e-01
1.236586645245552063e-01
4.553058370947837830e-02
3.701314926147460938e-01
1.987714916467666626e-01
4.151846766471862793e-01
3.031421303749084473e-01
1.445670276880264282e-01
3.530976548790931702e-02
4.031592905521392822e-01
