4.574866499751806259e-03
5.996598005294799805e-01
1.053504124283790588e-01
3.774094209074974060e-02
2.445026859641075134e-02
1.965765506029129028e-01
5.780889987945556641e-01
1.418031305074691772e-01
3.711973726749420166e-01
2.892337215598672628e-05
2.008598893880844116e-01
2.290490269660949707e-01
1.369969993829727173e-01
1.282565761357545853e-02
4.006932973861694336e-01
2.148699760437011719e-01
2.903619897551834583e-04
2.123023420572280884e-01
1.974382549524307251e-01
2.127451896667480469e-01
2.188654690980911255e-01
2.605019211769104004e-01
1.022836416959762573e-01
1.996105611324310303e-01
2.309895008802413940e-01
3.941770195960998535e-01
1.661082729697227478e-02
4.113933071494102478e-02
4.482022225856781006e-01
3.277419507503509521e-02
2.066238317638635635e-03
7.968175411224365234e-01
5.863590240478515625e-01
2.514920234680175781e-01
1.374083459377288818e-01
3.879725188016891479e-02
2.145893871784210205e-01
5.166238992160288035e-09
3.536639213562011719e-01
1.332173310220241547e-02
6.454820930957794189e-02
5.585237741470336914e-01
1.403926610946655273e-01
7.452680263668298721e-03
6.589752435684204102e-01
2.702894210815429688e-01
2.127510160207748413e-01
8.093601465225219727e-02
5.209178198128938675e-03
1.703545109421611414e-07
5.234284400939941406e-01
1.780279129743576050e-01
6.221786607056856155e-04
6.632586519117467105e-06
2.683679163455963135e-01
6.944620609283447266e-02
3.185067176818847656e-01
1.898016333580017090e-01
1.056514866650104523e-02
1.186481043696403503e-01
5.993542447686195374e-02
3.557978570461273193e-02
5.657348036766052246e-01
2.403322607278823853e-01
1.956453323364257812e-01
3.173371369484812021e-04
5.579402670264244080e-03
3.412461280822753906e-01
3.750787675380706787e-01
1.017134040594100952e-01
2.161538577638566494e-04
1.673948466777801514e-01
2.285148352384567261e-01
2.001060843467712402e-01
6.805144039390143007e-06
2.060864865779876709e-02
9.546066820621490479e-02
1.619832068681716919e-01
1.314030378125607967e-04
1.558397198095917702e-04
6.072677373886108398e-01
3.070806860923767090e-01
2.582611283287405968e-03
7.451808778569102287e-04
4.087538421154022217e-01
1.427676081657409668e-01
3.070794939994812012e-01
5.400162095270388818e-09
1.950807273387908936e-01
1.686864346265792847e-01
6.132945790886878967e-02
1.996028586290776730e-04
1.686003804206848145e-01
7.999136447906494141e-01
2.360116392374038696e-01
6.235442683100700378e-02
2.044228458544239402e-04
8.600496053695678711e-01
2.328795045614242554e-01
9.090490639209747314e-03
3.747650086879730225e-01
3.961254954338073730e-01
3.892820477485656738e-01
2.488364875316619873e-01
4.727557767182588577e-03
8.838152280077338219e-04
3.998522162437438965e-01
1.290509253740310669e-01
2.355653559789061546e-03
1.205329463118687272e-04
8.282668204628862441e-06
5.811662599444389343e-02
2.333133667707443237e-01
1.930992752313613892e-01
7.086890190839767456e-02
3.813247755169868469e-02
4.553703665733337402e-01
1.024957839399576187e-02
1.840016096830368042e-01
5.840830802917480469e-01
1.486466974020004272e-01
1.664579147472977638e-03
2.397362701594829559e-02
2.430563867092132568e-01
2.070134580135345459e-01
1.103288307785987854e-01
2.516083121299743652e-01
3.282419592142105103e-02
2.288735210895538330e-01
9.990292601287364960e-03
1.043017860502004623e-02
1.624330878257751465e-02
6.053429245948791504e-01
8.048913441598415375e-03
8.274919819086790085e-04
1.905816234648227692e-02
5.811382532119750977e-01
2.125459611415863037e-01
1.593889296054840088e-01
3.445826098322868347e-02
3.772190213203430176e-01
1.741780191659927368e-01
2.279493063688278198e-01
6.781550473533570766e-05
1.395990693708881736e-04
3.519703745841979980e-01
4.535036534070968628e-02
5.385985597968101501e-03
1.166518405079841614e-02
1.748159378767013550e-01
2.041663080453872681e-01
2.229342162609100342e-01
2.933993339538574219e-01
6.192862201714888215e-05
6.723995804786682129e-01
1.769467606209218502e-03
1.970313023775815964e-03
8.669642731547355652e-03
6.560010910034179688e-01
2.053364962339401245e-01
2.638642676174640656e-02
3.172457963228225708e-02
1.405174583196640015e-01
2.145403027534484863e-01
5.360884666442871094e-01
4.851875081658363342e-02
1.003968343138694763e-02
3.161456882953643799e-01
6.005250662565231323e-02
5.196070671081542969e-01
5.776698589324951172e-01
8.441674709320068359e-01
1.771189570426940918e-01
5.884692817926406860e-02
2.144102752208709717e-01
3.649263083934783936e-01
2.386600375175476074e-01
4.331752657890319824e-01
4.691570531576871872e-03
2.177137136459350586e-01
2.796882688999176025e-01
7.035717964172363281e-01
7.502596378326416016e-01
3.720813430845737457e-03
1.346900463104248047e-01
1.824719086289405823e-02
5.375102045945823193e-04
9.033279120922088623e-02
3.039893461391329765e-03
5.988993048667907715e-01
2.099979110062122345e-02
5.804730113595724106e-03
1.991084367036819458e-01
1.615377608686685562e-03
2.085054665803909302e-01
5.964623689651489258e-01
2.656895108520984650e-02
7.958761453628540039e-01
8.204974234104156494e-02
4.510574415326118469e-02
1.999573316425085068e-03
3.963580727577209473e-01
5.531167238950729370e-02
8.610928058624267578e-02
1.034156754612922668e-01
1.842060685157775879e-01
1.185981556773185730e-02
5.912070162594318390e-03
8.383849263191223145e-01
9.433590620756149292e-02
3.497313009575009346e-03
4.544467031955718994e-01
6.591859459877014160e-02
3.723058104515075684e-01
2.398183345794677734e-01
1.410531401634216309e-01
2.035876512527465820e-01
2.168009132146835327e-01
2.087495326995849609e-01
6.977858543395996094e-01
2.273412942886352539e-01
7.999240159988403320e-01
1.049135532230138779e-02
2.437093257904052734e-01
2.061994969844818115e-01
1.822900176048278809e-01
1.911319345235824585e-01
4.707454442977905273e-01
2.659157812595367432e-01
2.433596253395080566e-01
1.346663292497396469e-02
9.313915669918060303e-02
3.253031075000762939e-01
1.949429810047149658e-01
4.075620174407958984e-01
4.021472414024174213e-04
2.025261223316192627e-01
1.128506101667881012e-02
4.085148498415946960e-02
2.109312117099761963e-01
1.995700299739837646e-01
5.118201673030853271e-02
2.271167039871215820e-01
5.596346408128738403e-02
8.254293352365493774e-02
7.339829206466674805e-02
8.162286132574081421e-02
6.000887155532836914e-01
5.010684952139854431e-03
5.955209732055664062e-01
1.820230484008789062e-01
9.573416784405708313e-03
7.631944492459297180e-03
2.034728825092315674e-01
3.308577835559844971e-01
9.966935962438583374e-02
1.899024695158004761e-01
5.425791740417480469e-01
5.585763603448867798e-02
2.828482687473297119e-01
2.214879542589187622e-01
1.873641856946051121e-03
3.901532888412475586e-01
3.835059404373168945e-01
2.134189940989017487e-02
2.032287418842315674e-01
2.655275464057922363e-01
7.079507112503051758e-01
5.532323718070983887e-01
4.495806933846324682e-04
6.029968261718750000e-01
7.947435379028320312e-01
5.838263779878616333e-03
6.013470292091369629e-01
1.631572842597961426e-02
6.077163219451904297e-01
3.381281495094299316e-01
1.008461974561214447e-02
9.012073278427124023e-02
1.207451429218053818e-02
3.843651711940765381e-01
7.072013616561889648e-02
3.691148161888122559e-01
2.200963944196701050e-01
2.876402735710144043e-01
4.483519196510314941e-01
7.997972369194030762e-01
1.502961665391921997e-02
1.932909190654754639e-01
2.651968896389007568e-01
2.055706456303596497e-02
5.712637305259704590e-01
7.724071741104125977e-01
7.899553179740905762e-01
4.029338955879211426e-01
1.466047465801239014e-01
1.001789048314094543e-01
2.413822859525680542e-01
5.333214625716209412e-02
6.008666157722473145e-01
1.013762783259153366e-03
7.121037244796752930e-01
4.386940598487854004e-01
2.097742557525634766e-01
8.308402029797434807e-04
3.290235102176666260e-01
4.001255631446838379e-01
2.925833761692047119e-01
2.008717656135559082e-01
1.694837957620620728e-01
2.258814573287963867e-01
2.913517691195011139e-02
6.045762300491333008e-01
5.061440635472536087e-03
7.542445659637451172e-01
4.015513658523559570e-01
6.616685539484024048e-02
1.069707423448562622e-02
3.257460296154022217e-01
6.505532264709472656e-01
3.555970191955566406e-01
3.102802634239196777e-01
6.015107408165931702e-02
7.971824407577514648e-01
3.784118294715881348e-01
7.706422805786132812e-01
3.847463428974151611e-01
6.458480842411518097e-03
2.481303066015243530e-01
2.024487704038619995e-01
6.956738233566284180e-02
1.548498123884201050e-01
4.331293166615068913e-04
1.445934325456619263e-01
5.676095373928546906e-03
4.012224671896547079e-04
2.625545263290405273e-01
6.460760831832885742e-01
9.761576056480407715e-01
2.001858353614807129e-01
2.072757631540298462e-01
9.384386539459228516e-01
8.466431498527526855e-02
3.796641230583190918e-01
2.294888943433761597e-01
2.833841145038604736e-01
4.260850548744201660e-01
1.050935043167555705e-05
2.003685384988784790e-01
2.147630229592323303e-02
4.982011020183563232e-01
7.123905420303344727e-01
2.417909950017929077e-01
4.038625359535217285e-01
3.161003887653350830e-01
1.018258482217788696e-01
4.458429813385009766e-01
4.219155907630920410e-01
5.406451225280761719e-01
2.644473016262054443e-01
2.286518663167953491e-01
2.187846451997756958e-01
3.543289899826049805e-01
3.720671534538269043e-01
4.082949757575988770e-01
2.038198858499526978e-01
2.034531280514784157e-05
2.462314516305923462e-01
2.432809025049209595e-01
5.374176502227783203e-01
5.293537974357604980e-01
4.518789350986480713e-01
2.051504254341125488e-01
1.627045124769210815e-01
6.688621044158935547e-01
4.951798915863037109e-01
4.283601641654968262e-01
8.751322031021118164e-01
5.980551242828369141e-01
3.576077222824096680e-01
2.578980922698974609e-01
4.610270857810974121e-01
3.609660267829895020e-02
4.232193529605865479e-01
2.853260636329650879e-01
1.793151497840881348e-01
7.823246996849775314e-04
2.697946690022945404e-02
7.740012370049953461e-03
3.246697187423706055e-01
8.042347431182861328e-01
7.734394073486328125e-01
3.983904123306274414e-01
4.051768779754638672e-01
5.334539413452148438e-01
4.035667516291141510e-03
1.404922513756901026e-04
5.169751644134521484e-01
4.155534505844116211e-01
5.957532525062561035e-01
8.214787393808364868e-02
2.215109616518020630e-01
5.847212076187133789e-01
7.744500041007995605e-01
5.899976491928100586e-01
4.084592759609222412e-01
2.279483079910278320e-01
6.401239037513732910e-01
2.181858755648136139e-02
4.151499867439270020e-01
5.216355323791503906e-01
9.226326830685138702e-03
9.798615239560604095e-03
7.991765141487121582e-01
2.688645720481872559e-01
2.537102103233337402e-01
2.677803039550781250e-01
4.002852439880371094e-01
2.259233593940734863e-02
3.606760203838348389e-01
2.066309899091720581e-01
9.843499213457107544e-02
3.956715464591979980e-01
2.485541403293609619e-01
5.877785682678222656e-01
2.306735813617706299e-01
7.904564142227172852e-01
5.967845320701599121e-01
2.785374820232391357e-01
7.971569895744323730e-01
3.520512580871582031e-01
1.983373463153839111e-01
6.134388446807861328e-01
3.537028729915618896e-01
2.557347714900970459e-01
2.425289005041122437e-01
8.857203125953674316e-01
5.772860646247863770e-01
6.330894231796264648e-01
2.183528244495391846e-01
2.965198457241058350e-01
6.822354793548583984e-01
2.568231821060180664e-01
2.887671589851379395e-01
3.949591517448425293e-01
6.380945444107055664e-01
6.523580551147460938e-01
1.078384220600128174e-01
3.840569555759429932e-01
2.734079957008361816e-01
6.056973934173583984e-01
6.873915195465087891e-01
1.756577491760253906e-01
4.292860925197601318e-01
4.627577066421508789e-01
4.190493822097778320e-01
1.891501843929290771e-01
2.287191450595855713e-01
3.620223701000213623e-01
2.192433774471282959e-01
7.974778860807418823e-02
4.120057225227355957e-01
3.133889436721801758e-01
2.343064248561859131e-01
1.267561316490173340e-01
1.920779049396514893e-01
2.126008421182632446e-01
2.798470556735992432e-01
4.219259619712829590e-01
2.911727130413055420e-01
1.993790268898010254e-01
6.063514351844787598e-01
1.344502419233322144e-01
2.703951895236968994e-01
4.278931617736816406e-01
4.830034971237182617e-01
3.510307967662811279e-01
1.726294606924057007e-01
4.024761728942394257e-03
1.835927069187164307e-01
5.622256994247436523e-01
6.907538175582885742e-01
5.970523357391357422e-01
2.172084003686904907e-01
2.740346360951662064e-03
2.390498816967010498e-01
1.748870941810309887e-03
8.812029659748077393e-02
3.943394422531127930e-01
4.033324718475341797e-01
5.614195251837372780e-04
2.445633755996823311e-03
1.019745841622352600e-01
7.144368886947631836e-01
4.155285954475402832e-01
2.179335653781890869e-01
5.268973298370838165e-03
1.901072710752487183e-01
3.724215179681777954e-02
1.301171071827411652e-02
3.682538866996765137e-01
3.970298171043395996e-02
3.717365860939025879e-01
4.896643757820129395e-02
2.135486155748367310e-01
1.627953052520751953e-01
3.286813199520111084e-01
9.630113244056701660e-01
4.896478056907653809e-01
1.994012594223022461e-01
4.461066126823425293e-01
1.711655855178833008e-01
9.123330819420516491e-04
3.829597830772399902e-01
4.478133320808410645e-01
2.232057303190231323e-01
5.088718980550765991e-02
1.708890199661254883e-01
4.946663677692413330e-01
3.741872012615203857e-01
6.106662154197692871e-01
5.982360243797302246e-01
3.347726762294769287e-01
2.474843561649322510e-01
3.992665112018585205e-01
3.675553947687149048e-02
8.830237388610839844e-01
3.662933707237243652e-01
5.712888240814208984e-01
1.424852857923042393e-08
1.067730598151683807e-03
2.709790170192718506e-01
2.538120448589324951e-01
5.994722843170166016e-01
1.837696284055709839e-01
1.108647137880325317e-02
9.901458770036697388e-02
2.712137997150421143e-01
1.761952340602874756e-01
2.596513866137684090e-07
1.160547286272048950e-01
2.999184131622314453e-01
2.966340070997830480e-05
1.373143051750957966e-03
3.839240074157714844e-01
5.417257547378540039e-02
9.025791287422180176e-01
2.001737803220748901e-01
8.576422929763793945e-03
4.972950220108032227e-01
2.696874737739562988e-01
9.927386790513992310e-02
1.266000885516405106e-02
3.781056404113769531e-01
1.361849009990692139e-01
3.552500857040286064e-03
2.609328366816043854e-03
1.865778863430023193e-02
5.422249436378479004e-03
8.300581574440002441e-01
3.993433713912963867e-01
5.886703133583068848e-01
1.747865378856658936e-01
2.913097143173217773e-01
1.890922188758850098e-01
1.542120892554521561e-02
5.128848832100629807e-03
3.659945726394653320e-01
3.115168539621806631e-16
3.260968923568725586e-01
1.477817744016647339e-01
4.161358475685119629e-01
8.778919577598571777e-01
3.518634736537933350e-01
2.006673440337181091e-02
2.011188678443431854e-02
2.012899070978164673e-01
2.032753378152847290e-01
2.943952381610870361e-02
2.536049783229827881e-01
5.418984889984130859e-01
2.438065409660339355e-02
2.004209756851196289e-01
2.363594621419906616e-02
4.085103869438171387e-01
8.054600954055786133e-01
5.699745416641235352e-01
2.039026170969009399e-01
1.463919319212436676e-02
1.944272369146347046e-01
1.663565337657928467e-01
3.737438619136810303e-01
2.843331694602966309e-01
3.018000423908233643e-01
4.572054743766784668e-01
1.657280954532325268e-03
1.497857365757226944e-02
1.064600348472595215e-01
9.904296398162841797e-01
4.001131653785705566e-01
2.229639738798141479e-01
4.053830504417419434e-01
3.859308958053588867e-01
1.099866814911365509e-02
3.276110146543942392e-05
1.128562316298484802e-01
4.808669984340667725e-01
4.410288631916046143e-01
1.228912733495235443e-03
6.875565645714232232e-07
2.056117057800292969e-01
8.011025190353393555e-01
5.038525536656379700e-02
2.007139660418033600e-02
2.493778169155120850e-01
9.040207415819168091e-02
3.145727813243865967e-01
6.517849396914243698e-03
3.059470057487487793e-01
3.665157556533813477e-01
3.661768436431884766e-01
5.416948348283767700e-03
4.322187509387731552e-03
2.078272253274917603e-01
4.128901958465576172e-01
5.625259876251220703e-01
1.614775159396231174e-03
5.911265015602111816e-01
1.945848912000656128e-01
6.635630130767822266e-01
1.259983330965042114e-01
5.191197618842124939e-02
4.665526747703552246e-01
7.807206362485885620e-02
2.301336973905563354e-01
3.870485525112599134e-04
2.168973535299301147e-01
5.201048254966735840e-01
4.001419842243194580e-01
2.736712694168090820e-01
6.127495765686035156e-01
1.987202763557434082e-01
1.531298756599426270e-01
1.061140820384025574e-01
3.203516006469726562e-01
4.312591850757598877e-01
9.062569588422775269e-03
4.113245010375976562e-01
1.202436536550521851e-01
1.450652629137039185e-02
9.097176790237426758e-01
5.630770325660705566e-01
1.692368066869676113e-03
5.912744402885437012e-01
4.001241326332092285e-01
7.860562950372695923e-02
2.037613093852996826e-02
4.359489083290100098e-01
5.581180453300476074e-01
2.123315207427367568e-04
1.718518673442304134e-03
4.515240341424942017e-02
5.901128053665161133e-01
5.867990255355834961e-01
2.380623668432235718e-01
2.217682311311364174e-03
7.878215312957763672e-01
2.181505784392356873e-03
1.846216917037963867e-01
2.030372768640518188e-01
5.397918224334716797e-01
6.134942770004272461e-01
2.299814373254776001e-01
1.219914853572845459e-02
1.723060905933380127e-01
6.737641692161560059e-01
8.660961985588073730e-01
3.735225498676300049e-01
2.340797334909439087e-03
9.338148869574069977e-03
2.941045761108398438e-01
4.649675264954566956e-02
3.590650856494903564e-02
6.704558432102203369e-02
3.238217830657958984e-01
6.271668080704007053e-12
3.970187902450561523e-01
2.327037453651428223e-01
3.087514042854309082e-01
6.151062250137329102e-01
4.416012465953826904e-01
8.219004608690738678e-03
5.220981836318969727e-01
6.762412786483764648e-01
2.770452760159969330e-02
2.088048309087753296e-01
4.462088644504547119e-01
5.607004165649414062e-01
2.069209329783916473e-02
3.691796064376831055e-01
5.990883111953735352e-01
3.524411916732788086e-01
4.382833540439605713e-01
2.003280222415924072e-01
1.485473825596272945e-03
2.967045605182647705e-01
3.804166615009307861e-01
4.147989749908447266e-01
2.073101233690977097e-03
4.769018590450286865e-01
3.510472774505615234e-01
4.365316927433013916e-01
4.196987152099609375e-01
2.133793383836746216e-01
3.767375349998474121e-01
6.009680628776550293e-01
9.243254065513610840e-01
6.191905587911605835e-02
4.992165565490722656e-01
2.232649028301239014e-01
1.262221634387969971e-01
3.870245069265365601e-03
5.036021471023559570e-01
3.831482529640197754e-01
4.212033748626708984e-01
2.588851749897003174e-01
1.655352488160133362e-02
3.600568175315856934e-01
6.001273989677429199e-01
3.823368847370147705e-01
1.044093864038586617e-03
2.278105169534683228e-02
8.159233629703521729e-02
7.364487648010253906e-02
9.863179177045822144e-02
3.414557576179504395e-01
3.040654659271240234e-01
4.102064967155456543e-01
2.803903222084045410e-01
2.115509361028671265e-01
2.163561731576919556e-01
6.016650199890136719e-01
2.009411901235580444e-01
1.747929751873016357e-01
5.874990224838256836e-01
2.918612360954284668e-01
2.714362442493438721e-01
1.997351795434951782e-01
3.025530278682708740e-01
6.695029735565185547e-01
5.325204133987426758e-01
2.387517988681793213e-01
2.349828183650970459e-01
3.840559720993041992e-01
6.026834845542907715e-01
2.337170690298080444e-01
5.119511485099792480e-01
6.191903948783874512e-01
6.279213428497314453e-01
1.887279152870178223e-01
3.950222730636596680e-01
3.705877959728240967e-01
1.521500945091247559e-01
2.217385768890380859e-01
2.023197710514068604e-01
6.298488378524780273e-01
4.571192264556884766e-01
5.451751947402954102e-01
7.355519570410251617e-03
2.302613407373428345e-01
3.920540213584899902e-01
3.044171035289764404e-01
8.795280009508132935e-02
2.052768766880035400e-01
3.071694970130920410e-01
7.281585782766342163e-02
3.675483167171478271e-02
8.885154128074645996e-02
4.946100115776062012e-01
6.540942788124084473e-01
5.569127798080444336e-01
4.233253598213195801e-01
4.340260848402976990e-02
3.981370925903320312e-01
2.125415056943893433e-01
2.165087759494781494e-01
3.792771894950419664e-04
1.159528837888501585e-04
4.489204287528991699e-02
3.915365636348724365e-01
1.973238289356231689e-01
7.701685535721480846e-05
6.801456212997436523e-02
5.656458139419555664e-01
2.688130736351013184e-01
3.054123371839523315e-02
3.598149418830871582e-01
2.949538230895996094e-01
2.010698765516281128e-01
1.998970657587051392e-01
9.106181859970092773e-01
9.208158403635025024e-02
1.061909133568406105e-04
5.385941863059997559e-01
3.186062444001436234e-03
4.351193904876708984e-01
4.383286237716674805e-01
2.013084441423416138e-01
2.691683184821158648e-04
2.758086025714874268e-01
4.949152469635009766e-01
1.462466781958937645e-03
1.960907578468322754e-01
4.865181148052215576e-01
1.483773887157440186e-01
4.139104567002505064e-04
3.835356831550598145e-01
3.827948570251464844e-01
4.752323329448699951e-01
5.998326539993286133e-01
2.323810160160064697e-01
3.223796188831329346e-01
3.988500237464904785e-01
4.329978227615356445e-01
2.022470235824584961e-01
1.620315830223262310e-03
4.166381359100341797e-01
1.745401173830032349e-01
2.688447833061218262e-01
3.797591924667358398e-01
1.396812647581100464e-01
4.185493886470794678e-01
5.957321524620056152e-01
1.453601866960525513e-01
2.750264480710029602e-03
5.991817712783813477e-01
3.718198537826538086e-01
2.662310302257537842e-01
4.026896953582763672e-01
7.435011267662048340e-01
1.981682926416397095e-01
4.839770793914794922e-01
1.021905227105435188e-09
7.658675312995910645e-02
3.769901394844055176e-02
7.441442012786865234e-01
3.565902709960937500e-01
3.599885106086730957e-02
2.141974691767245531e-04
4.266116321086883545e-01
2.778809070587158203e-01
4.044981300830841064e-01
2.301671504974365234e-01
4.036622047424316406e-01
2.341737002134323120e-01
1.398040950298309326e-01
1.954433470964431763e-01
8.405287563800811768e-02
4.230180680751800537e-01
3.428043425083160400e-01
9.450498037040233612e-04
5.558921098709106445e-01
4.379274845123291016e-01
3.669896125793457031e-01
3.813644647598266602e-01
6.679584980010986328e-01
3.945250511169433594e-01
4.095202088356018066e-01
3.398405533516779542e-05
1.992639005184173584e-01
1.675937622785568237e-01
3.954945802688598633e-01
3.856600821018218994e-01
1.356077790260314941e-01
3.618355691432952881e-01
2.763673961162567139e-01
5.610657930374145508e-01
2.687542438507080078e-01
6.056556701660156250e-01
2.358056157827377319e-01
7.922525401227176189e-04
2.052089720964431763e-01
6.002590656280517578e-01
3.246310353279113770e-01
9.881727099418640137e-01
3.647013008594512939e-01
2.015388198196887970e-02
1.988917142152786255e-01
2.763261198997497559e-01
7.839135527610778809e-01
3.976505398750305176e-01
2.278119921684265137e-01
2.219909429550170898e-01
2.203321605920791626e-01
1.097491830587387085e-01
2.089217901229858398e-01
1.897925436496734619e-01
7.284595966339111328e-01
4.380049705505371094e-01
2.399399527348577976e-04
5.622473955154418945e-01
1.172492653131484985e-01
1.109875645488500595e-02
3.776153922080993652e-01
4.325311481952667236e-01
2.949751019477844238e-01
3.547213077545166016e-01
1.279038133361609653e-05
5.852341651916503906e-01
1.624562311917543411e-03
6.492894887924194336e-01
6.702744215726852417e-02
1.029819808900356293e-02
6.008999943733215332e-01
4.222002327442169189e-01
1.103617027401924133e-01
2.021468132734298706e-01
4.806357324123382568e-01
7.215632200241088867e-01
9.251707792282104492e-02
3.183034658432006836e-01
4.512019753456115723e-01
2.242390364408493042e-01
5.024309158325195312e-01
6.715116500854492188e-01
2.339880615472793579e-01
4.209065139293670654e-01
3.008922338485717773e-01
8.178606629371643066e-02
4.057754278182983398e-01
5.374833345413208008e-01
5.129050612449645996e-01
5.320699214935302734e-01
4.648133367300033569e-02
2.161933630704879761e-01
6.371181011199951172e-01
9.912403225898742676e-01
6.002165675163269043e-01
6.860857456922531128e-02
3.991979658603668213e-01
1.287316530942916870e-01
5.249381661415100098e-01
7.730684876441955566e-01
5.350924730300903320e-01
5.955687761306762695e-01
3.206095397472381592e-01
3.937048371881246567e-03
3.357909917831420898e-01
1.761634498834609985e-01
5.968404412269592285e-01
7.338352799415588379e-01
2.754991054534912109e-01
5.974430441856384277e-01
3.549129366874694824e-01
6.005188822746276855e-01
2.030050158500671387e-01
6.592218279838562012e-01
4.388681948184967041e-01
1.103907823562622070e-01
7.399787008762359619e-02
5.999809503555297852e-01
2.385463565587997437e-02
4.960559606552124023e-01
3.398857116699218750e-01
6.113505735993385315e-02
5.402274131774902344e-01
5.508252978324890137e-01
2.003432661294937134e-01
3.392833471298217773e-01
5.494545698165893555e-01
4.890969693660736084e-01
2.010706961154937744e-01
1.416472059645457193e-06
3.982681035995483398e-01
3.192815482616424561e-01
3.377863466739654541e-01
5.942074656486511230e-01
2.659162739291787148e-03
5.992134213447570801e-01
4.053675532341003418e-01
3.757636547088623047e-01
3.696724176406860352e-01
2.420957237482070923e-01
2.021604180335998535e-01
1.870537926151882857e-05
5.239129997789859772e-03
5.460819602012634277e-02
6.910015642642974854e-02
3.342247009277343750e-01
3.780290782451629639e-01
1.939345747232437134e-01
2.092484533786773682e-01
2.143062204122543335e-01
3.837813735008239746e-01
2.187293171882629395e-01
4.637135267257690430e-01
1.832739561796188354e-01
3.793762298300862312e-03
8.669611811637878418e-02
2.498260885477066040e-01
1.411832869052886963e-01
7.998357415199279785e-01
4.585016369819641113e-01
2.028688639402389526e-01
6.503621935844421387e-01
5.781303644180297852e-01
4.271305799484252930e-01
3.912745118141174316e-01
2.979237735271453857e-01
2.029146105051040649e-01
1.448309123516082764e-01
7.121279835700988770e-02
5.006781220436096191e-01
3.769344687461853027e-01
5.868391990661621094e-01
4.387600123882293701e-01
9.290893375873565674e-02
2.002555578947067261e-01
3.582429587841033936e-01
2.270686179399490356e-01
7.204689085483551025e-02
3.429549932479858398e-01
7.934041619300842285e-01
4.947351813316345215e-01
1.988890171051025391e-01
4.306696057319641113e-01
3.922644257545471191e-01
8.839246630668640137e-01
4.118296317756175995e-03
1.945004612207412720e-01
3.985653817653656006e-01
5.642657279968261719e-01
8.331187814474105835e-02
8.917041867971420288e-02
5.588551759719848633e-01
4.144161939620971680e-03
4.006533622741699219e-01
1.260592937469482422e-01
2.006571888923645020e-01
2.640033066272735596e-01
5.575973987579345703e-01
1.621155440807342529e-01
3.253581933677196503e-03
3.996810019016265869e-01
2.529966235160827637e-01
3.969572782516479492e-01
4.900726675987243652e-01
8.871399611234664917e-02
7.652696967124938965e-01
2.086108922958374023e-01
2.172843553125858307e-03
8.502877503633499146e-02
1.125521436333656311e-01
4.246807396411895752e-01
2.126433700323104858e-02
7.753740996122360229e-02
3.945214450359344482e-01
2.151108682155609131e-01
2.784503400325775146e-01
2.304251194000244141e-01
4.744499619846465066e-06
6.011331081390380859e-01
1.994604021310806274e-01
3.637146055698394775e-01
9.986673481762409210e-03
2.310815900564193726e-01
3.446824550628662109e-01
6.212332844734191895e-01
8.393004536628723145e-02
3.559795618057250977e-01
3.774804770946502686e-01
6.087990403175354004e-01
2.017473280429840088e-01
3.826947808265686035e-01
9.893360547721385956e-03
1.531963795423507690e-01
1.047588810324668884e-01
1.871078461408615112e-01
2.024343758821487427e-01
3.997139036655426025e-01
3.863040208816528320e-01
5.667423829436302185e-04
5.881367325782775879e-01
3.955020606517791748e-01
2.193372100591659546e-01
3.981890976428985596e-01
1.865265965461730957e-01
2.312133461236953735e-02
3.496473729610443115e-01
4.412897396832704544e-04
2.756141424179077148e-01
2.521569728851318359e-01
9.126086831092834473e-01
2.497575283050537109e-01
7.268841727636754513e-04
5.892882943153381348e-01
2.919526100158691406e-01
2.037011981010437012e-01
3.373602330684661865e-01
3.739888370037078857e-01
2.579983174800872803e-01
3.806711137294769287e-01
3.015913628041744232e-02
1.310444921255111694e-01
3.231587707996368408e-01
6.623682379722595215e-01
3.958155810832977295e-01
2.006285935640335083e-01
3.276683092117309570e-01
4.367514252662658691e-01
3.927804827690124512e-01
6.526132114231586456e-03
3.910259008407592773e-01
5.808617547154426575e-02
3.145386278629302979e-01
1.406867057085037231e-01
1.994493752717971802e-01
1.739595532417297363e-01
6.005806922912597656e-01
4.696591496467590332e-01
2.325676083564758301e-01
5.935440659523010254e-01
2.349165529012680054e-01
3.911279439926147461e-01
5.975786447525024414e-01
5.185279250144958496e-01
3.327782750129699707e-01
2.456468762829899788e-03
3.928655632149530286e-13
3.900984227657318115e-01
8.952045440673828125e-02
6.833140850067138672e-01
5.586541295051574707e-01
1.045202836394309998e-01
4.221442341804504395e-01
4.377177953720092773e-01
2.060939520597457886e-01
1.791945658624172211e-02
5.598934888839721680e-01
5.933664441108703613e-01
2.510426938533782959e-02
3.876539766788482666e-01
2.344616502523422241e-01
3.583949059247970581e-02
6.007521748542785645e-01
5.531890392303466797e-01
5.476222634315490723e-01
1.012481842190027237e-02
3.943912088871002197e-01
2.043388932943344116e-01
1.997743360698223114e-02
1.470123231410980225e-01
5.370277166366577148e-01
3.619419634342193604e-01
9.694685228168964386e-03
1.548289507627487183e-01
3.086207509040832520e-01
7.376585602760314941e-01
6.168054938316345215e-01
1.098511666059494019e-01
1.403123140335083008e-01
3.995594382286071777e-01
6.026026606559753418e-01
2.037670761346817017e-01
5.967561900615692139e-02
2.900866866111755371e-01
3.825268894433975220e-02
7.179342792369425297e-04
1.770414412021636963e-03
6.418790202587842941e-03
8.002563714981079102e-01
1.025255918502807617e-01
1.193610131740570068e-01
4.026920199394226074e-01
4.391247034072875977e-01
3.693325221538543701e-01
4.232355207204818726e-02
2.795175313949584961e-01
4.423819184303283691e-01
3.517211377620697021e-01
8.264780044555664062e-02
1.696135550737380981e-01
4.842442460358142853e-03
5.179961323738098145e-01
4.373145103454589844e-01
2.077308446168899536e-01
2.773491740226745605e-01
3.968456685543060303e-01
4.026423096656799316e-01
6.007655523717403412e-03
3.587259650230407715e-01
3.853130340576171875e-01
1.704190671443939209e-01
5.586144106928259134e-05
3.981195092201232910e-01
5.656592845916748047e-01
4.873993098735809326e-01
3.377415537834167480e-01
3.872395027428865433e-03
4.204962551593780518e-01
3.443083763122558594e-01
3.912203013896942139e-01
2.145212143659591675e-01
4.212014749646186829e-02
4.555121362209320068e-01
1.880327165126800537e-01
1.854194677434861660e-03
5.994625091552734375e-01
3.003057241439819336e-01
7.893312573432922363e-01
3.308653235435485840e-01
1.933810561895370483e-01
3.341737389564514160e-01
2.370217740535736084e-01
4.905255734920501709e-01
4.515910986810922623e-03
1.401958018541336060e-01
3.354971408843994141e-01
5.213836431503295898e-01
1.927434355020523071e-01
4.040770828723907471e-01
2.032049596309661865e-01
4.452461302280426025e-01
5.866327881813049316e-01
1.716654300689697266e-01
5.377255678176879883e-01
2.032700553536415100e-02
4.070282876491546631e-01
7.621046155691146851e-03
6.372532807290554047e-03
8.303225040435791016e-01
6.378957033157348633e-01
1.771249622106552124e-01
6.048824787139892578e-01
4.857135713100433350e-01
4.110135138034820557e-01
4.091044068336486816e-01
2.012778073549270630e-01
5.753310918807983398e-01
3.737868368625640869e-01
2.437739521265029907e-01
7.058204412460327148e-01
2.034096270799636841e-01
3.862690925598144531e-01
7.433083057403564453e-01
5.775136947631835938e-01
3.222342133522033691e-01
6.176670789718627930e-01
8.001487851142883301e-01
3.976612389087677002e-01
1.470930036157369614e-02
8.493679165840148926e-01
3.261154890060424805e-01
3.312529027462005615e-01
4.316915869712829590e-01
1.725758798420429230e-02
6.165634989738464355e-01
6.902146339416503906e-01
4.462212920188903809e-01
3.644953668117523193e-01
1.541551351547241211e-01
4.051303863525390625e-01
5.714980363845825195e-01
1.317682443186640739e-03
4.719330370426177979e-01
4.402551651000976562e-01
3.198242187500000000e-02
3.927909135818481445e-01
6.597828865051269531e-02
3.256791234016418457e-01
7.885650992393493652e-01
3.148388266563415527e-01
9.095159769058227539e-01
1.997806280851364136e-01
8.073178529739379883e-01
1.999170631170272827e-01
8.806683123111724854e-03
7.718147337436676025e-02
1.623591221868991852e-02
5.898755788803100586e-01
2.394388467073440552e-01
3.221067488193511963e-01
6.020909547805786133e-01
4.671518206596374512e-01
6.707591414451599121e-01
1.523431274108588696e-03
1.018129140138626099e-01
3.999025821685791016e-01
4.044870734214782715e-01
1.322884559631347656e-01
4.597437679767608643e-01
3.832688629627227783e-01
2.258010208606719971e-01
3.213718533515930176e-01
4.868114292621612549e-01
3.316829204559326172e-01
4.836720824241638184e-01
3.132906556129455566e-01
2.291961664013797417e-06
5.484905093908309937e-02
7.290022373199462891e-01
7.857081890106201172e-01
6.101620965637266636e-04
3.439112901687622070e-01
2.659241259098052979e-01
2.498296499252319336e-01
8.404211699962615967e-02
8.084692358970642090e-01
3.164660930633544922e-01
3.135466873645782471e-01
1.197299174964427948e-02
1.103967241942882538e-02
5.898948907852172852e-01
