2.020290139872276403e-01
2.044302456376429489e-01
2.246092549344099742e-01
2.087581888354715365e-01
1.594763188218516481e-01
1.306327914218435027e-01
1.693585406119061110e-01
2.906394428428029642e-01
1.219923075244038896e-01
1.566395514752142726e-01
1.866791331961464295e-01
1.526250843839639382e-01
1.735378004825459120e-01
3.564805783546314832e-01
1.565969992527523336e-01
1.839411677434467374e-01
2.895404595630959865e-01
2.492783750192477110e-01
1.265349497239535159e-01
2.388489505705925220e-01
3.194100234384397718e-01
2.658519851616941709e-01
3.363023022046455757e-01
2.777221464605715284e-01
3.630938011651428932e-01
2.228136819433599869e-01
3.419539086183319143e-01
3.555887662447415609e-01
3.523503878378295706e-01
2.949114553451251397e-01
4.104256501998931328e-01
3.800276527897669676e-01
3.449889346957206726e-01
4.697042256593704224e-01
4.120843020769265896e-01
2.514550210191653368e-01
3.160057425355681793e-01
2.656741838078372497e-01
1.855982615827367899e-01
3.396041188523388210e-01
3.518189279433655559e-01
1.689403689507636974e-01
1.949829317880077961e-01
2.884476506151259501e-01
2.427992501224462696e-01
2.688414350492306371e-01
2.813419656844582950e-01
2.145104353101207617e-01
2.766352701247132284e-01
2.747215327735130774e-01
3.227792635119000608e-01
3.266367711879026303e-01
2.274728337880750073e-01
3.729296754329250452e-01
3.083374281682503826e-01
3.371719758097941888e-01
2.326295065801017581e-01
3.607921439867753377e-01
4.009983023771873101e-01
2.635991442232177850e-01
1.963974897578457113e-01
3.000339560586816057e-01
2.680811998076163549e-01
3.067939505607892858e-01
3.018228631679586438e-01
2.717878125594535010e-01
3.344489643781204391e-01
3.351644657758207635e-01
3.237237255447186213e-01
3.003087994162482177e-01
3.346680292429832226e-01
3.922724603460385207e-01
4.194741551047907469e-01
4.052591512982661737e-01
3.449945659681361576e-01
2.506071039689021784e-01
2.354415736268632708e-01
3.925075829029083252e-01
3.560799658298492432e-01
2.901714858957208376e-01
2.711555725679947737e-01
2.344131833205770343e-01
2.795336781642757673e-01
2.673274982326592220e-01
3.140320075774350461e-01
2.846373154136996875e-01
3.425658618351030138e-01
3.282064043271999965e-01
2.961170939871898278e-01
2.467291417863005099e-01
2.774107815124667864e-01
3.172445397369581532e-01
2.912959103168060171e-01
3.213012844968873849e-01
3.783506160028852205e-01
4.438853894288723456e-01
4.184503641982491029e-01
3.784050450552828293e-01
3.157091093374989610e-01
3.074747728739147257e-01
3.469551802084494541e-01
