5.229330062866210938e-01
9.999745488166809082e-01
1.377883851528167725e-01
4.117326438426971436e-01
6.257812380790710449e-01
9.917094707489013672e-01
9.885873794555664062e-01
8.714410662651062012e-01
8.253501653671264648e-01
9.885828495025634766e-01
9.991006851196289062e-01
9.983577132225036621e-01
9.763088822364807129e-01
4.267542064189910889e-01
9.999577999114990234e-01
9.921268224716186523e-01
9.954090118408203125e-01
9.977629780769348145e-01
9.953725337982177734e-01
9.996193647384643555e-01
9.988100528717041016e-01
9.947712421417236328e-01
9.684155583381652832e-01
9.310321211814880371e-01
6.337199807167053223e-01
8.749685287475585938e-01
1.230820600994775305e-07
2.627318494870505700e-14
9.999641776084899902e-01
2.288746181875467300e-03
1.271075952824496369e-11
9.999971389770507812e-01
9.997645020484924316e-01
7.220933586359024048e-02
1.654497464187443256e-05
9.984659552574157715e-01
9.977701306343078613e-01
9.967637062072753906e-01
1.569226756691932678e-02
1.404180327568838038e-08
7.785224909184762510e-08
9.997141361236572266e-01
9.818507432937622070e-01
1.185663478509013657e-07
9.778954386711120605e-01
9.965296387672424316e-01
9.968827962875366211e-01
9.590452909469604492e-01
9.518973827362060547e-01
8.961148858070373535e-01
7.949379682540893555e-01
7.777606248855590820e-01
8.312677145004272461e-01
8.733164286240935326e-04
9.997596144676208496e-01
9.206194877624511719e-01
9.146561622619628906e-01
9.964104294776916504e-01
9.995909333229064941e-01
9.981473088264465332e-01
9.879642724990844727e-01
9.704356789588928223e-01
8.369494676589965820e-01
5.147719979286193848e-01
7.904514074325561523e-01
2.808672189712524414e-01
2.830517590045928955e-01
9.999850988388061523e-01
5.507482886314392090e-01
3.519806861877441406e-01
7.865883708000183105e-01
4.922339227050542831e-03
9.955326318740844727e-01
9.950800538063049316e-01
6.861183210276067257e-04
5.631621927022933960e-03
6.717541720718145370e-03
8.105587959289550781e-01
1.975893415510654449e-02
1.308609545230865479e-02
9.999618530273437500e-01
1.545233419165015221e-03
9.631216526031494141e-03
2.527510821819305420e-01
9.875381588935852051e-01
2.238190965726971626e-03
6.769236922264099121e-01
9.909048080444335938e-01
9.920320510864257812e-01
1.380288880318403244e-02
6.559376604855060577e-03
1.564000397920608521e-01
9.877803921699523926e-02
9.998914599418640137e-01
7.526795864105224609e-01
1.105585042387247086e-02
2.742622792720794678e-01
9.949769973754882812e-01
8.020262122154235840e-01
2.527637640014290810e-03
9.940319061279296875e-01
9.995532035827636719e-01
9.882714152336120605e-01
7.418187124130781740e-06
6.064301133155822754e-01
9.027045369148254395e-01
9.995271563529968262e-01
9.921659231185913086e-01
9.924274086952209473e-01
9.959167838096618652e-01
9.948270320892333984e-01
9.992555379867553711e-01
9.512648582458496094e-01
9.527983069419860840e-01
4.096294641494750977e-01
4.528740346431732178e-01
5.513214468955993652e-01
6.876941323280334473e-01
8.101373314857482910e-01
9.999833106994628906e-01
7.834403514862060547e-01
9.868803024291992188e-01
9.928887486457824707e-01
9.950154423713684082e-01
9.999661445617675781e-01
9.994899630546569824e-01
9.987953901290893555e-01
9.264177083969116211e-01
9.062765240669250488e-01
6.826291680335998535e-01
6.621394157409667969e-01
7.407941818237304688e-01
9.999571442604064941e-01
9.583852887153625488e-01
9.462567567825317383e-01
9.813873171806335449e-01
9.943838119506835938e-01
9.987037777900695801e-01
9.999238252639770508e-01
9.979236721992492676e-01
9.838245511054992676e-01
7.724661231040954590e-01
5.943496227264404297e-01
6.056315898895263672e-01
8.145680427551269531e-01
9.999573230743408203e-01
9.373336434364318848e-01
8.515305519104003906e-01
9.963279366493225098e-01
9.990614056587219238e-01
9.998775720596313477e-01
9.938229322433471680e-01
9.971298575401306152e-01
9.659008979797363281e-01
9.443227648735046387e-01
4.987035691738128662e-01
5.209811329841613770e-01
9.110560417175292969e-01
9.999703168869018555e-01
9.830833673477172852e-01
9.968619346618652344e-01
9.988709092140197754e-01
9.959483742713928223e-01
9.992353320121765137e-01
9.752200841903686523e-01
9.789992570877075195e-01
9.510456919670104980e-01
7.529971599578857422e-01
6.158300042152404785e-01
9.393965005874633789e-01
9.991055727005004883e-01
1.967778205871582031e-01
4.703883528709411621e-01
5.611006617546081543e-01
9.960978031158447266e-01
9.987722039222717285e-01
8.703251481056213379e-01
5.195482373237609863e-01
9.866089820861816406e-01
9.976691603660583496e-01
9.991253018379211426e-01
9.804856777191162109e-01
9.999999403953552246e-01
4.538566470146179199e-01
5.124467611312866211e-01
8.616541028022766113e-01
7.294811308383941650e-02
3.704183548688888550e-02
9.634812474250793457e-01
8.962633013725280762e-01
9.475736021995544434e-01
7.027010619640350342e-02
3.491057455539703369e-01
8.701599240303039551e-01
9.783589839935302734e-01
9.686903953552246094e-01
3.581139551567247281e-11
9.991683363914489746e-01
8.603830635547637939e-02
5.371030287193434560e-09
9.993304610252380371e-01
9.966600537300109863e-01
8.603023737668991089e-02
2.615079283714294434e-04
9.955494999885559082e-01
9.989237785339355469e-01
9.978047609329223633e-01
2.181597948074340820e-01
6.917448639869689941e-01
8.768711978746068780e-09
9.990365505218505859e-01
5.771813988685607910e-01
6.206896802085637432e-11
9.968872070312500000e-01
9.998910427093505859e-01
9.980548620223999023e-01
7.608617544174194336e-01
9.874356389045715332e-01
5.318426489830017090e-01
9.193825721740722656e-01
9.463614225387573242e-01
9.950413107872009277e-01
3.564471900463104248e-01
9.993453025817871094e-01
9.451163411140441895e-01
4.563556015491485596e-01
5.618082284927368164e-01
3.871163725852966309e-01
9.942043423652648926e-01
9.946192502975463867e-01
5.035050213336944580e-02
5.392495989799499512e-01
5.010344982147216797e-01
9.981198906898498535e-01
9.931997060775756836e-01
1.962917447090148926e-01
9.993650913238525391e-01
7.287878394126892090e-01
9.993047118186950684e-01
5.677943229675292969e-01
9.972765445709228516e-01
5.104398354887962341e-03
8.937779664993286133e-01
9.952912926673889160e-01
9.962161779403686523e-01
6.695137359201908112e-03
7.919067516922950745e-03
9.821235537528991699e-01
1.320512443780899048e-01
9.986142516136169434e-01
4.053526520729064941e-01
6.876260973513126373e-03
1.257343590259552002e-01
9.969663619995117188e-01
9.989040493965148926e-01
2.797701861709356308e-03
9.946469664573669434e-01
9.999242424964904785e-01
9.980117678642272949e-01
5.327207618393003941e-04
9.500847458839416504e-01
8.571531772613525391e-01
9.988166093826293945e-01
9.994609355926513672e-01
9.994932413101196289e-01
9.982891678810119629e-01
9.951699376106262207e-01
9.991415739059448242e-01
9.854735732078552246e-01
9.771714210510253906e-01
9.699156880378723145e-01
5.681917667388916016e-01
7.205342650413513184e-01
9.171374440193176270e-01
8.042514920234680176e-01
9.995754361152648926e-01
9.928640723228454590e-01
9.999364614486694336e-01
9.828435182571411133e-01
9.973410964012145996e-01
9.998000860214233398e-01
9.996265769004821777e-01
9.993571639060974121e-01
5.572282075881958008e-01
9.714365601539611816e-01
8.229452967643737793e-01
9.177528023719787598e-01
7.393498420715332031e-01
9.992082118988037109e-01
7.582200765609741211e-01
9.746822714805603027e-01
9.594225883483886719e-01
9.972367286682128906e-01
9.996711015701293945e-01
9.999870061874389648e-01
9.983826875686645508e-01
9.873650074005126953e-01
9.160020947456359863e-01
9.224375486373901367e-01
7.651883363723754883e-01
8.666882514953613281e-01
9.992206096649169922e-01
9.905859231948852539e-01
9.964050054550170898e-01
9.918898344039916992e-01
9.967128634452819824e-01
9.996517300605773926e-01
9.975230097770690918e-01
9.995772242546081543e-01
9.859536886215209961e-01
9.397746920585632324e-01
7.258202433586120605e-01
9.736696481704711914e-01
1.295358240604400635e-01
9.992159605026245117e-01
9.993335604667663574e-01
9.994906187057495117e-01
9.982650279998779297e-01
9.967651963233947754e-01
9.993760585784912109e-01
9.986082315444946289e-01
9.966769814491271973e-01
9.771968126296997070e-01
6.240430474281311035e-01
6.833940744400024414e-01
9.999999403953552246e-01
9.986462593078613281e-01
9.469720721244812012e-01
9.994171261787414551e-01
3.338199257850646973e-01
4.620446562767028809e-01
9.361932873725891113e-01
9.972166419029235840e-01
9.559566378593444824e-01
4.308956265449523926e-01
9.968570470809936523e-01
9.658239483833312988e-01
9.986556768417358398e-01
9.993262887001037598e-01
9.993636012077331543e-01
9.920710921287536621e-01
9.994311928749084473e-01
8.293921947479248047e-01
9.865223765373229980e-01
9.885888695716857910e-01
4.366589784622192383e-01
9.936305284500122070e-01
9.970071911811828613e-01
9.987518787384033203e-01
9.252955317497253418e-01
9.599728584289550781e-01
8.906847834587097168e-01
5.180486440658569336e-01
9.986878633499145508e-01
8.283184170722961426e-01
1.350560885349239015e-09
9.955706000328063965e-01
9.988914132118225098e-01
9.983626008033752441e-01
9.309677481651306152e-01
9.926793575286865234e-01
9.971360564231872559e-01
9.912245273590087891e-01
9.815928936004638672e-01
9.917349815368652344e-01
9.955357909202575684e-01
9.107467532157897949e-01
9.771248102188110352e-01
9.932830929756164551e-01
9.556205868721008301e-01
9.953294396400451660e-01
9.906852841377258301e-01
9.988352656364440918e-01
9.963126182556152344e-01
9.980411529541015625e-01
9.827792048454284668e-01
9.936163425445556641e-01
9.974367618560791016e-01
9.962661862373352051e-01
8.635835051536560059e-01
9.585448503494262695e-01
9.976907968521118164e-01
4.321776032447814941e-01
9.907844662666320801e-01
9.953336119651794434e-01
9.281975626945495605e-01
5.118533372879028320e-01
9.930858612060546875e-01
9.986838102340698242e-01
9.998217225074768066e-01
9.987252354621887207e-01
9.969655275344848633e-01
7.706674933433532715e-01
8.703577518463134766e-01
9.999337196350097656e-01
2.802591025829315186e-01
9.887301921844482422e-01
9.814303517341613770e-01
9.299935102462768555e-01
9.433259963989257812e-01
8.672187924385070801e-01
9.949156045913696289e-01
9.973710775375366211e-01
9.982591867446899414e-01
9.976918697357177734e-01
7.412787675857543945e-01
8.979858160018920898e-01
9.939117431640625000e-01
2.671171724796295166e-01
8.171519637107849121e-01
9.506832957267761230e-01
1.460225880146026611e-01
8.996217250823974609e-01
9.970737099647521973e-01
9.586161971092224121e-01
2.415616512298583984e-01
9.901021718978881836e-01
9.938551783561706543e-01
9.420178532600402832e-01
9.733691811561584473e-01
9.634958505630493164e-01
9.434504508972167969e-01
9.901388883590698242e-01
9.972178339958190918e-01
9.976343512535095215e-01
9.967856407165527344e-01
9.965009689331054688e-01
9.273469448089599609e-01
8.665540814399719238e-01
9.244260787963867188e-01
9.275760054588317871e-01
9.753477573394775391e-01
9.843137264251708984e-01
9.249605536460876465e-01
9.113602638244628906e-01
9.831425547599792480e-01
9.987528324127197266e-01
9.987571239471435547e-01
9.950698018074035645e-01
9.619368314743041992e-01
9.918988943099975586e-01
9.834822416305541992e-01
9.213999509811401367e-01
8.997538089752197266e-01
9.966074228286743164e-01
9.745776057243347168e-01
9.673234224319458008e-01
7.724819779396057129e-01
9.777829647064208984e-01
9.969937801361083984e-01
9.995135664939880371e-01
9.910617470741271973e-01
9.959880709648132324e-01
9.247896075248718262e-01
9.687969684600830078e-01
8.687885403633117676e-01
8.410673737525939941e-01
9.926059842109680176e-01
8.900459408760070801e-01
8.664438128471374512e-01
9.120716452598571777e-01
9.936680197715759277e-01
9.988018870353698730e-01
9.957047104835510254e-01
9.996150732040405273e-01
9.956251978874206543e-01
9.958242774009704590e-01
8.857988715171813965e-01
9.140213727951049805e-01
9.623062610626220703e-01
9.881156682968139648e-01
9.073247313499450684e-01
9.893474578857421875e-01
9.895842671394348145e-01
9.966254830360412598e-01
9.921208620071411133e-01
9.994304776191711426e-01
9.982164502143859863e-01
9.912769198417663574e-01
9.626592397689819336e-01
7.878432273864746094e-01
1.000000000000000000e+00
9.999998211860656738e-01
9.997301101684570312e-01
2.808565795421600342e-01
9.771424531936645508e-01
1.681306771934032440e-02
3.769913017749786377e-01
6.966277956962585449e-01
9.999870657920837402e-01
1.400739070959389210e-03
9.134680777788162231e-02
7.947672605514526367e-01
9.487722516059875488e-01
1.000000000000000000e+00
9.973956346511840820e-01
9.998813271522521973e-01
9.309927821159362793e-01
9.995707869529724121e-01
4.825393110513687134e-02
7.499085068702697754e-01
1.050441488623619080e-01
3.062819875776767731e-02
4.450817406177520752e-01
9.973914623260498047e-01
9.903615117073059082e-01
5.537384748458862305e-01
1.000000000000000000e+00
9.987298250198364258e-01
9.913284778594970703e-01
9.614859223365783691e-01
9.789569377899169922e-01
6.236776113510131836e-01
8.979484438896179199e-01
9.948091506958007812e-01
3.606525659561157227e-01
4.780910313129425049e-01
9.907240867614746094e-01
9.788938760757446289e-01
9.908144474029541016e-01
1.000000000000000000e+00
9.998420476913452148e-01
9.967152476310729980e-01
8.461993187665939331e-02
6.698293089866638184e-01
9.998641610145568848e-01
6.722583770751953125e-01
9.845643639564514160e-01
9.905591607093811035e-01
4.028041064739227295e-01
8.875457048416137695e-01
9.938867092132568359e-01
9.999664425849914551e-01
1.000000000000000000e+00
9.999825358390808105e-01
9.998361468315124512e-01
1.612818427383899689e-02
1.349226105958223343e-02
7.064647674560546875e-01
1.746293387672182007e-10
4.818648993968963623e-01
9.995739459991455078e-01
2.286518365144729614e-02
3.104799389839172363e-01
4.889325499534606934e-01
9.985872507095336914e-01
9.999999403953552246e-01
9.997965693473815918e-01
9.994196295738220215e-01
6.428474187850952148e-01
8.079072833061218262e-01
9.805183410644531250e-01
2.617854438722133636e-02
6.776774525642395020e-01
9.890478849411010742e-01
6.892035007476806641e-01
4.228012263774871826e-01
1.833894662559032440e-02
9.934915304183959961e-01
1.000000000000000000e+00
9.991737008094787598e-01
9.941684007644653320e-01
9.705590605735778809e-01
9.773688316345214844e-01
9.983109831809997559e-01
5.510183572769165039e-01
9.458936452865600586e-01
9.773203134536743164e-01
4.048035740852355957e-01
9.965795874595642090e-01
9.356216192245483398e-01
9.485284090042114258e-01
9.999986886978149414e-01
9.973950386047363281e-01
9.655443429946899414e-01
9.674096107482910156e-01
9.850938916206359863e-01
9.920883774757385254e-01
5.994028225541114807e-02
7.496615052223205566e-01
9.969928860664367676e-01
9.955279231071472168e-01
9.372423291206359863e-01
9.888710975646972656e-01
9.957585334777832031e-01
9.999997019767761230e-01
9.981642365455627441e-01
9.753232002258300781e-01
9.047588706016540527e-01
9.819587469100952148e-01
9.981346726417541504e-01
2.579473257064819336e-01
9.435822367668151855e-01
9.967676997184753418e-01
9.866417050361633301e-01
1.161790713667869568e-01
9.219028949737548828e-01
9.995119571685791016e-01
9.999998807907104492e-01
9.976311922073364258e-01
9.887804388999938965e-01
9.859337210655212402e-01
9.881727099418640137e-01
9.944608807563781738e-01
5.199823379516601562e-01
8.889333009719848633e-01
8.040786981582641602e-01
9.962393045425415039e-01
8.484218716621398926e-01
9.949014186859130859e-01
6.914890408515930176e-01
1.000000000000000000e+00
9.991999864578247070e-01
9.877965450286865234e-01
9.619644880294799805e-01
7.497172355651855469e-01
9.972285628318786621e-01
3.214946389198303223e-01
8.762279748916625977e-01
9.967145919799804688e-01
9.930589199066162109e-01
3.405683636665344238e-01
9.968740940093994141e-01
9.410526156425476074e-01
9.996406435966491699e-01
9.999875426292419434e-01
9.999961256980895996e-01
9.914499521255493164e-01
9.981938600540161133e-01
9.963259696960449219e-01
8.740569353103637695e-01
3.185106907039880753e-04
6.592514459043741226e-03
9.954483509063720703e-01
9.989800453186035156e-01
9.955272674560546875e-01
4.605497047305107117e-02
9.996972680091857910e-01
9.998555779457092285e-01
9.225608706474304199e-01
7.311490774154663086e-01
9.949014186859130859e-01
4.931407272815704346e-01
1.174720749258995056e-01
9.980422854423522949e-01
9.660819172859191895e-01
9.945043921470642090e-01
8.555132150650024414e-01
5.545694828033447266e-01
9.246243238449096680e-01
9.999942779541015625e-01
9.999907612800598145e-01
9.970705509185791016e-01
4.658884108066558838e-01
9.202069640159606934e-01
9.994260668754577637e-01
3.139159679412841797e-01
6.289653182029724121e-01
9.999833106994628906e-01
7.799894548952579498e-03
2.872595787048339844e-01
9.744880795478820801e-01
9.871837496757507324e-01
9.999731779098510742e-01
9.999769926071166992e-01
9.983609914779663086e-01
9.501662254333496094e-01
8.366361260414123535e-01
9.996323585510253906e-01
9.880152940750122070e-01
9.959900379180908203e-01
9.999742507934570312e-01
9.794751405715942383e-01
9.733136296272277832e-01
9.951927661895751953e-01
9.979109764099121094e-01
9.971148371696472168e-01
9.998103976249694824e-01
9.072752594947814941e-01
9.981022477149963379e-01
8.269764184951782227e-01
9.794726371765136719e-01
9.986567497253417969e-01
4.156506061553955078e-01
3.524165451526641846e-01
9.891151785850524902e-01
9.209622144699096680e-01
4.315720796585083008e-01
2.323954850435256958e-01
9.998484253883361816e-01
9.995952248573303223e-01
9.364867806434631348e-01
5.184246897697448730e-01
9.973322153091430664e-01
9.991068243980407715e-01
9.473534822463989258e-01
9.038571715354919434e-01
9.628478884696960449e-01
9.957017898559570312e-01
8.981851339340209961e-01
7.987489700317382812e-01
8.939965367317199707e-01
9.998882412910461426e-01
9.999452233314514160e-01
9.976071119308471680e-01
8.599675297737121582e-01
9.545077681541442871e-01
9.998016357421875000e-01
9.026632308959960938e-01
1.281516551971435547e-01
9.856106638908386230e-01
9.996757507324218750e-01
6.567248106002807617e-01
4.343958497047424316e-01
9.733736515045166016e-01
9.999300837516784668e-01
9.999439120292663574e-01
9.970022439956665039e-01
9.830979108810424805e-01
9.936565756797790527e-01
9.998273253440856934e-01
8.136193752288818359e-01
9.967215061187744141e-01
9.925547838211059570e-01
9.997920393943786621e-01
9.821605682373046875e-01
8.539158701896667480e-01
9.848823547363281250e-01
9.997808337211608887e-01
9.998857975006103516e-01
9.970936179161071777e-01
9.836143851280212402e-01
9.969189167022705078e-01
9.997962117195129395e-01
9.895278811454772949e-01
7.866996526718139648e-01
9.249248504638671875e-01
9.999351501464843750e-01
9.981506466865539551e-01
9.986402988433837891e-01
8.979250788688659668e-01
9.998338818550109863e-01
9.998795390129089355e-01
9.896676540374755859e-01
9.500318169593811035e-01
9.977670907974243164e-01
9.994065165519714355e-01
9.490544199943542480e-01
9.022203683853149414e-01
9.973651766777038574e-01
9.995306134223937988e-01
9.975244402885437012e-01
9.701279401779174805e-01
9.535301923751831055e-01
9.829111695289611816e-01
9.454101324081420898e-01
9.803704619407653809e-01
9.843198657035827637e-01
9.223847389221191406e-01
9.975890517234802246e-01
6.469835042953491211e-01
2.757643163204193115e-01
2.311578691005706787e-01
9.960037469863891602e-01
9.993594884872436523e-01
9.959545135498046875e-01
9.584673643112182617e-01
9.977942705154418945e-01
9.764330983161926270e-01
9.999534487724304199e-01
9.944964647293090820e-01
9.928262233734130859e-01
9.995090365409851074e-01
9.947702884674072266e-01
1.195337474346160889e-01
5.441933125257492065e-02
6.228738427162170410e-01
9.931318759918212891e-01
9.961645007133483887e-01
1.650080084800720215e-01
9.983292818069458008e-01
9.999140501022338867e-01
9.999805688858032227e-01
9.973242282867431641e-01
9.629522562026977539e-01
9.973769187927246094e-01
9.972780346870422363e-01
3.723540285136550665e-04
1.970402300357818604e-01
9.971481561660766602e-01
9.971368312835693359e-01
3.326835867483168840e-04
5.555835552513599396e-03
9.703766703605651855e-01
9.980053901672363281e-01
9.994676113128662109e-01
9.962568283081054688e-01
8.891875743865966797e-01
9.998946785926818848e-01
9.961790442466735840e-01
7.849472761154174805e-01
8.035870790481567383e-01
9.968686103820800781e-01
9.998111724853515625e-01
9.863243699073791504e-01
7.121520042419433594e-01
9.880290031433105469e-01
8.343705534934997559e-01
9.984359145164489746e-01
9.913587570190429688e-01
9.331474900245666504e-01
9.720417857170104980e-01
9.982840418815612793e-01
9.981074333190917969e-01
9.979549050331115723e-01
9.943448305130004883e-01
9.887735247611999512e-01
8.514187335968017578e-01
5.933600068092346191e-01
9.252843260765075684e-01
8.984503149986267090e-01
9.991729855537414551e-01
9.982166290283203125e-01
9.724380970001220703e-01
9.994679093360900879e-01
9.946103692054748535e-01
9.999786615371704102e-01
9.982330799102783203e-01
9.608994126319885254e-01
9.877476096153259277e-01
9.696713685989379883e-01
9.716042280197143555e-01
1.979404240846633911e-01
5.579931735992431641e-01
9.980828166007995605e-01
9.993538856506347656e-01
9.911711812019348145e-01
9.979996681213378906e-01
9.964704513549804688e-01
9.972135424613952637e-01
9.999541640281677246e-01
9.537070989608764648e-01
9.919972419738769531e-01
9.768416285514831543e-01
8.577360510826110840e-01
2.469763159751892090e-01
6.407600641250610352e-01
8.791125416755676270e-01
9.991225600242614746e-01
4.549870193004608154e-01
8.816140294075012207e-01
9.955090284347534180e-01
9.977021813392639160e-01
8.270326852798461914e-01
9.413247704505920410e-01
9.873362779617309570e-01
9.958678483963012695e-01
6.379287838935852051e-01
9.596081972122192383e-01
9.714348912239074707e-01
9.992547631263732910e-01
9.970538020133972168e-01
9.863131046295166016e-01
9.996557831764221191e-01
9.987848401069641113e-01
9.975381493568420410e-01
9.122457504272460938e-01
8.516351580619812012e-01
9.812279343605041504e-01
9.301605820655822754e-01
6.489690542221069336e-01
9.996654987335205078e-01
9.956761598587036133e-01
9.832562804222106934e-01
6.177693605422973633e-01
9.740979075431823730e-01
9.925289154052734375e-01
9.631285667419433594e-01
9.953366518020629883e-01
3.256811797618865967e-01
6.511220932006835938e-01
9.845697879791259766e-01
9.979780912399291992e-01
9.950600266456604004e-01
9.999163746833801270e-01
9.972224831581115723e-01
9.929543733596801758e-01
3.696870505809783936e-01
8.168975114822387695e-01
9.624558687210083008e-01
8.076803088188171387e-01
9.883120059967041016e-01
4.651854687836021185e-04
4.931101500988006592e-01
9.789497405290603638e-02
9.930278658866882324e-01
9.653379321098327637e-01
9.997958540916442871e-01
9.932669997215270996e-01
9.865659475326538086e-01
5.978780388832092285e-01
9.615501165390014648e-01
9.537528753280639648e-01
4.205474555492401123e-01
9.289253950119018555e-01
1.590120035643849405e-07
6.517956256866455078e-01
9.934660792350769043e-01
7.371993064880371094e-01
1.588573468325193971e-06
9.994299411773681641e-01
9.978207349777221680e-01
9.980156421661376953e-01
7.650701403617858887e-01
9.852846860885620117e-01
9.910001754760742188e-01
9.442007541656494141e-01
9.906136393547058105e-01
9.617767930030822754e-01
9.955741167068481445e-01
9.985842108726501465e-01
9.992932081222534180e-01
9.743128418922424316e-01
9.949748516082763672e-01
9.944792389869689941e-01
9.493328332901000977e-01
8.834123611450195312e-01
9.342336654663085938e-01
9.820852875709533691e-01
8.711378574371337891e-01
9.975907802581787109e-01
9.976406097412109375e-01
3.292174041271209717e-01
9.818354845046997070e-01
9.723733067512512207e-01
9.635638594627380371e-01
9.952914118766784668e-01
9.946223497390747070e-01
9.729292392730712891e-01
9.782390594482421875e-01
9.706901907920837402e-01
9.911438226699829102e-01
8.745846748352050781e-01
9.897607564926147461e-01
9.987887144088745117e-01
9.109227657318115234e-01
9.950728416442871094e-01
9.419239759445190430e-01
8.986479640007019043e-01
9.928725957870483398e-01
9.899985194206237793e-01
9.325251579284667969e-01
9.421018958091735840e-01
9.767111539840698242e-01
9.919647574424743652e-01
9.542453289031982422e-01
9.900350570678710938e-01
9.770147204399108887e-01
9.737251996994018555e-01
9.969024658203125000e-01
9.983602762222290039e-01
7.768516540527343750e-01
9.230527877807617188e-01
9.305387139320373535e-01
9.616787433624267578e-01
9.843438863754272461e-01
7.605872154235839844e-01
7.313382625579833984e-01
9.964470267295837402e-01
9.858200550079345703e-01
9.758901000022888184e-01
9.527848362922668457e-01
9.944198727607727051e-01
9.982991814613342285e-01
9.987751841545104980e-01
9.999438524246215820e-01
9.999509453773498535e-01
9.996733665466308594e-01
4.091453179717063904e-02
3.191933408379554749e-02
1.608928106725215912e-02
9.813128709793090820e-01
2.786970436573028564e-01
9.998903870582580566e-01
7.798912702128291130e-05
1.200215443968772888e-01
4.121103584766387939e-01
9.996752738952636719e-01
9.999548792839050293e-01
9.974409937858581543e-01
9.993422031402587891e-01
2.872155308723449707e-01
7.397886514663696289e-01
3.809063434600830078e-01
9.996324181556701660e-01
9.851447343826293945e-01
9.979323744773864746e-01
6.647776961326599121e-01
6.277879476547241211e-01
4.767068102955818176e-02
9.928774833679199219e-01
9.994200468063354492e-01
9.957300424575805664e-01
9.885705709457397461e-01
6.766878366470336914e-01
9.763457775115966797e-01
9.858170747756958008e-01
9.672872424125671387e-01
9.922813177108764648e-01
9.942748546600341797e-01
5.672830343246459961e-01
9.955768585205078125e-01
9.990692734718322754e-01
9.922859072685241699e-01
9.924110770225524902e-01
9.951395988464355469e-01
9.911324977874755859e-01
9.688157439231872559e-01
8.979719281196594238e-01
9.896046519279479980e-01
9.944912791252136230e-01
9.180404543876647949e-01
9.945735335350036621e-01
9.788818955421447754e-01
9.966918230056762695e-01
9.966241717338562012e-01
9.999388456344604492e-01
9.943892359733581543e-01
9.931656122207641602e-01
9.747558236122131348e-01
9.590603709220886230e-01
9.691551923751831055e-01
9.402701854705810547e-01
9.768737554550170898e-01
9.114731550216674805e-01
8.331686258316040039e-01
9.986929297447204590e-01
9.285151362419128418e-01
7.949181199073791504e-01
7.593058943748474121e-01
9.992244243621826172e-01
9.982588291168212891e-01
9.901882410049438477e-01
7.916576862335205078e-01
9.503443241119384766e-01
8.955708742141723633e-01
9.892930388450622559e-01
9.827596545219421387e-01
9.965574741363525391e-01
9.812579751014709473e-01
3.522104322910308838e-01
9.909876585006713867e-01
9.987756609916687012e-01
9.999966621398925781e-01
9.999924302101135254e-01
9.998837709426879883e-01
6.025642505846917629e-04
9.451374411582946777e-03
1.472592260688543320e-02
1.585960388183593750e-01
1.782064828148577362e-05
9.752321243286132812e-01
1.985131821129471064e-04
5.478113307617604733e-04
2.744067460298538208e-02
9.869605302810668945e-01
9.996537566184997559e-01
9.961886405944824219e-01
9.852837324142456055e-01
6.824904084205627441e-01
9.529984593391418457e-01
9.969351291656494141e-01
9.830595850944519043e-01
9.166334867477416992e-01
9.758410453796386719e-01
8.659337759017944336e-01
9.645799398422241211e-01
9.486039280891418457e-01
9.493440389633178711e-01
9.990325570106506348e-01
9.989448189735412598e-01
9.979633688926696777e-01
7.611794471740722656e-01
9.333009719848632812e-01
9.427451491355895996e-01
9.998297095298767090e-01
9.879889488220214844e-01
9.819918870925903320e-01
9.998024702072143555e-01
1.154837161302566528e-01
9.709257483482360840e-01
9.996527433395385742e-01
9.999522566795349121e-01
9.999212026596069336e-01
9.974188208580017090e-01
3.941741213202476501e-02
5.830591917037963867e-02
3.624972999095916748e-01
9.999295473098754883e-01
1.353324949741363525e-01
6.745535731315612793e-01
9.999455809593200684e-01
8.266074657440185547e-01
9.895223975181579590e-01
9.993213415145874023e-01
5.177009701728820801e-01
7.886615991592407227e-01
8.263510465621948242e-01
9.986108541488647461e-01
4.524700343608856201e-02
7.982777953147888184e-01
2.260277122259140015e-01
9.959034919738769531e-01
3.839866220951080322e-01
9.999508857727050781e-01
9.950931072235107422e-01
1.073164045810699463e-01
9.889563918113708496e-01
9.993247389793395996e-01
9.974163174629211426e-01
9.834945201873779297e-01
7.452318072319030762e-01
9.545751214027404785e-01
9.961633682250976562e-01
9.799504876136779785e-01
9.888987541198730469e-01
9.954509735107421875e-01
9.483016133308410645e-01
9.294407963752746582e-01
6.887493729591369629e-01
9.945426583290100098e-01
9.995021820068359375e-01
9.982473254203796387e-01
9.903939366340637207e-01
8.093022108078002930e-01
7.774286866188049316e-01
9.899942874908447266e-01
9.999334216117858887e-01
9.140550494194030762e-01
8.927525281906127930e-01
9.816296100616455078e-01
9.974943399429321289e-01
9.940800070762634277e-01
3.077059052884578705e-03
9.997097253799438477e-01
9.998182654380798340e-01
9.991573691368103027e-01
7.730737328529357910e-01
7.472751736640930176e-01
8.816483616828918457e-01
9.999886155128479004e-01
6.076037883758544922e-01
9.853222966194152832e-01
9.999757409095764160e-01
9.766287207603454590e-01
7.667644415050745010e-03
9.630764126777648926e-01
9.980454444885253906e-01
9.992400407791137695e-01
9.969974756240844727e-01
9.864356517791748047e-01
7.941374778747558594e-01
9.345999360084533691e-01
9.999859929084777832e-01
9.965463280677795410e-01
6.594462394714355469e-01
9.999732375144958496e-01
9.852160215377807617e-01
3.181661013513803482e-03
4.928651452064514160e-01
9.994220137596130371e-01
9.995561242103576660e-01
9.987885355949401855e-01
7.538295388221740723e-01
2.605513632297515869e-01
7.687579393386840820e-01
9.999576807022094727e-01
9.628473520278930664e-01
9.663089513778686523e-01
9.998721480369567871e-01
9.977363944053649902e-01
9.991759061813354492e-01
5.083224773406982422e-01
9.759092330932617188e-01
9.108819961547851562e-01
7.216792106628417969e-01
9.953439831733703613e-01
9.764111042022705078e-01
6.976843476295471191e-01
5.662363767623901367e-01
9.968645572662353516e-01
3.531824052333831787e-01
9.828941226005554199e-01
9.872545003890991211e-01
9.930619001388549805e-01
8.767452239990234375e-01
9.903460741043090820e-01
9.932910203933715820e-01
9.778711199760437012e-01
9.578902721405029297e-01
9.630537629127502441e-01
9.711109995841979980e-01
9.941874742507934570e-01
9.819085597991943359e-01
9.974917769432067871e-01
9.972441196441650391e-01
9.918096065521240234e-01
9.542704224586486816e-01
5.835213065147399902e-01
9.901121258735656738e-01
9.929553270339965820e-01
9.861764907836914062e-01
9.920290112495422363e-01
9.691652655601501465e-01
9.681068062782287598e-01
9.906979203224182129e-01
9.710096716880798340e-01
9.913600683212280273e-01
9.975063204765319824e-01
9.961804747581481934e-01
9.116401076316833496e-01
6.218284368515014648e-01
9.965859055519104004e-01
9.965881109237670898e-01
9.865075945854187012e-01
9.118529558181762695e-01
9.644408226013183594e-01
9.952747821807861328e-01
9.998947381973266602e-01
9.719661474227905273e-01
9.976728558540344238e-01
9.968323111534118652e-01
9.948461055755615234e-01
9.674331545829772949e-01
7.344630956649780273e-01
9.421049356460571289e-01
9.060289859771728516e-01
9.293855428695678711e-01
9.810481071472167969e-01
9.881200194358825684e-01
9.782496094703674316e-01
8.762479424476623535e-01
9.797762632369995117e-01
9.987843632698059082e-01
9.996012449264526367e-01
9.884327054023742676e-01
9.943574070930480957e-01
9.982606172561645508e-01
9.710659980773925781e-01
9.771102666854858398e-01
9.706079363822937012e-01
9.686436057090759277e-01
9.891189336776733398e-01
9.662993550300598145e-01
9.887794256210327148e-01
8.876379132270812988e-01
9.973779916763305664e-01
9.944175481796264648e-01
9.999887347221374512e-01
9.138262271881103516e-01
9.936922192573547363e-01
9.778595566749572754e-01
9.770762324333190918e-01
9.635729789733886719e-01
9.735515117645263672e-01
9.815390110015869141e-01
9.591407775878906250e-01
9.770503640174865723e-01
9.788051247596740723e-01
9.988515973091125488e-01
9.989175796508789062e-01
9.971367716789245605e-01
8.376590609550476074e-01
9.837597608566284180e-01
7.888591885566711426e-01
8.406693339347839355e-01
8.870888352394104004e-01
9.991734027862548828e-01
9.524286985397338867e-01
7.215547561645507812e-01
8.429452776908874512e-01
9.873563051223754883e-01
9.737112522125244141e-01
9.997333884239196777e-01
9.999865889549255371e-01
9.935688972473144531e-01
7.927637100219726562e-01
9.868157505989074707e-01
9.978810548782348633e-01
9.895514249801635742e-01
9.857187271118164062e-01
9.730595350265502930e-01
9.857037663459777832e-01
9.926581978797912598e-01
9.332240223884582520e-01
9.334396123886108398e-01
9.983292818069458008e-01
9.985069632530212402e-01
9.963937997817993164e-01
9.200103282928466797e-01
8.990058898925781250e-01
8.736220598220825195e-01
8.730648756027221680e-01
9.932959675788879395e-01
8.400754332542419434e-01
7.811863422393798828e-01
8.354640007019042969e-01
9.941593408584594727e-01
9.725888967514038086e-01
7.121168375015258789e-01
9.998155832290649414e-01
9.962294697761535645e-01
9.988411068916320801e-01
