7.952036949304434055e-01
9.083630924041454779e-01
4.679178944934504480e-01
7.178945474025817397e-01
8.278382916558677529e-01
4.671038865568474252e-01
3.820564293374235643e-01
5.441893881092115803e-01
8.308571233199193440e-01
9.053549628991347520e-01
8.946534991264343262e-01
8.926283144033871908e-01
8.984692005010751492e-01
8.088770325367267144e-01
6.163969469758180386e-01
5.651243952178576224e-01
7.237446131529987614e-01
6.752929561413251180e-01
6.451556924014136829e-01
5.878873948195877386e-01
9.245304694542517687e-01
9.264879547632657308e-01
9.361321513469402777e-01
9.426916470894446398e-01
8.750439263307131510e-01
8.478845266195443875e-01
9.312317371368408203e-01
8.555511466478322724e-01
9.830496402887197727e-01
8.971892366042504285e-01
8.938380273488851779e-01
7.620750528115493028e-01
9.675745688951932211e-01
9.662326666025015109e-01
9.528516072493332656e-01
9.412354872776911296e-01
9.599132629541250461e-01
6.295719426214838599e-01
6.806345004588365555e-01
8.650855674193456135e-01
8.217273509273161913e-01
5.414005895637769017e-01
7.113252514256880321e-01
8.999497294425964355e-01
8.947326543812568200e-01
8.523747938183637851e-01
8.999249843450692898e-01
8.586075397638174289e-01
7.617363606472141724e-01
8.117009716538282627e-01
7.370902254747656590e-01
9.780475359696608750e-01
7.730400504974218601e-01
9.116527025516216742e-01
8.378702402114868164e-01
9.690080422621506484e-01
9.671456401164715277e-01
9.773799731181218586e-01
8.397443248675420246e-01
7.620703182541407328e-01
7.039031868782610335e-01
9.333121776580810547e-01
9.338174599867600234e-01
9.750596147317153184e-01
8.858816405901541735e-01
8.065595466357010634e-01
9.410678469217740316e-01
8.827592707597292643e-01
7.296124680321484091e-01
7.095958032040363683e-01
9.693059141819293512e-01
9.116828877192276748e-01
9.625090589890112902e-01
9.610237525059626140e-01
9.379981435262240153e-01
5.292520599144224791e-01
7.477286105545667416e-01
9.331253721163823567e-01
9.780244231224060059e-01
9.256726182424105387e-01
9.166989441101367486e-01
3.979727875195329667e-01
9.398112251208379231e-01
8.991416566647015829e-01
6.986711778892920055e-01
6.670833757290473010e-01
9.385800407483027019e-01
8.729146649487889986e-01
8.416112190327391662e-01
8.343592809441571223e-01
8.627020326944497830e-01
8.487806893312014322e-01
9.503074242518498860e-01
9.522129251406743489e-01
9.626429677009582520e-01
9.661844418599054851e-01
9.706589350333580946e-01
9.696092559741094075e-01
9.061415103765634305e-01
9.762532665179326496e-01
9.053435233923105008e-01
