9.793842434883117676e-01
9.587528705596923828e-01
9.594577550888061523e-01
9.678458571434020996e-01
9.876171946525573730e-01
9.807691574096679688e-01
9.769328832626342773e-01
9.691582918167114258e-01
9.888081550598144531e-01
9.851300120353698730e-01
9.958655238151550293e-01
9.631826281547546387e-01
9.938653111457824707e-01
9.970919489860534668e-01
9.992898702621459961e-01
8.773871064186096191e-01
9.827201962471008301e-01
9.957029819488525391e-01
9.102850556373596191e-01
9.459108114242553711e-01
9.763012528419494629e-01
9.939578175544738770e-01
9.913750886917114258e-01
9.876694083213806152e-01
9.834728837013244629e-01
9.789161682128906250e-01
9.933148622512817383e-01
9.426906704902648926e-01
9.932701587677001953e-01
8.729110956192016602e-01
9.892983436584472656e-01
9.807124137878417969e-01
9.582430124282836914e-01
9.531470537185668945e-01
9.898284077644348145e-01
9.742615818977355957e-01
9.822950363159179688e-01
9.921011924743652344e-01
9.897125363349914551e-01
9.234936833381652832e-01
9.651052951812744141e-01
9.752401709556579590e-01
9.967858791351318359e-01
9.512941837310791016e-01
9.389842748641967773e-01
9.757807850837707520e-01
9.778488278388977051e-01
9.245178103446960449e-01
9.358617067337036133e-01
9.709371924400329590e-01
9.860723614692687988e-01
9.914846420288085938e-01
9.933440089225769043e-01
9.456614851951599121e-01
9.902076721191406250e-01
9.927868247032165527e-01
9.997174739837646484e-01
9.995958805084228516e-01
9.958313107490539551e-01
9.887635111808776855e-01
8.372735977172851562e-01
9.905004501342773438e-01
9.992471337318420410e-01
7.614673376083374023e-01
8.901171088218688965e-01
9.879344701766967773e-01
9.997684955596923828e-01
9.321261644363403320e-01
9.801267981529235840e-01
9.460354447364807129e-01
9.979248642921447754e-01
8.919016122817993164e-01
9.633133411407470703e-01
9.612166881561279297e-01
9.920614361763000488e-01
9.528646469116210938e-01
9.866481423377990723e-01
9.920222163200378418e-01
9.780752658843994141e-01
9.699875712394714355e-01
9.702706933021545410e-01
9.834248423576354980e-01
9.938260912895202637e-01
9.885106682777404785e-01
9.600965380668640137e-01
9.410261511802673340e-01
9.209392666816711426e-01
9.829148054122924805e-01
9.840983152389526367e-01
9.331091642379760742e-01
9.818108677864074707e-01
9.810792803764343262e-01
9.860868453979492188e-01
9.864438772201538086e-01
9.865669012069702148e-01
9.681464433670043945e-01
9.908367991447448730e-01
9.985526204109191895e-01
9.867753386497497559e-01
9.797203540802001953e-01
9.627259969711303711e-01
9.620743989944458008e-01
9.641734361648559570e-01
9.887819290161132812e-01
9.596949815750122070e-01
9.555953145027160645e-01
9.897047281265258789e-01
9.861808419227600098e-01
9.892058372497558594e-01
9.298801422119140625e-01
9.912115931510925293e-01
9.967557191848754883e-01
9.991665482521057129e-01
9.894877672195434570e-01
9.833772182464599609e-01
9.667885899543762207e-01
9.085039496421813965e-01
9.882815480232238770e-01
9.900315999984741211e-01
9.924997091293334961e-01
9.767884016036987305e-01
9.896830916404724121e-01
9.970141053199768066e-01
8.771419525146484375e-01
9.864362478256225586e-01
9.886745214462280273e-01
9.993738532066345215e-01
9.928278923034667969e-01
9.877032637596130371e-01
9.745640158653259277e-01
9.493924379348754883e-01
9.567611217498779297e-01
9.905532002449035645e-01
9.961448311805725098e-01
9.689799547195434570e-01
9.854198694229125977e-01
9.993196129798889160e-01
9.808821082115173340e-01
9.459866881370544434e-01
9.809738397598266602e-01
9.996637105941772461e-01
9.770777225494384766e-01
9.614960551261901855e-01
9.720399975776672363e-01
9.836079478263854980e-01
9.744536280632019043e-01
9.531989097595214844e-01
9.996411800384521484e-01
9.811964035034179688e-01
9.821486473083496094e-01
9.995980858802795410e-01
9.735991358757019043e-01
9.990123510360717773e-01
9.975984692573547363e-01
9.900859594345092773e-01
9.872694015502929688e-01
9.751667380332946777e-01
9.735462665557861328e-01
9.558616280555725098e-01
9.882736802101135254e-01
9.841912984848022461e-01
9.965804815292358398e-01
9.611033201217651367e-01
9.892425537109375000e-01
9.885060191154479980e-01
9.583014845848083496e-01
9.916691780090332031e-01
9.973737597465515137e-01
9.991607069969177246e-01
9.752991199493408203e-01
9.391922950744628906e-01
9.253624677658081055e-01
9.655528068542480469e-01
9.809204339981079102e-01
9.449321627616882324e-01
9.327797293663024902e-01
9.726303219795227051e-01
9.948220252990722656e-01
9.878217577934265137e-01
9.900941848754882812e-01
9.871495962142944336e-01
9.894129037857055664e-01
9.998268485069274902e-01
9.835054874420166016e-01
9.702650308609008789e-01
9.389366507530212402e-01
9.669281244277954102e-01
9.870725274085998535e-01
9.783356189727783203e-01
9.338761568069458008e-01
9.694879651069641113e-01
9.847090840339660645e-01
9.955459833145141602e-01
9.898433089256286621e-01
9.651682376861572266e-01
9.876327514648437500e-01
9.994718432426452637e-01
9.617275595664978027e-01
9.373283982276916504e-01
9.434868097305297852e-01
9.836512804031372070e-01
9.429286718368530273e-01
9.365875720977783203e-01
9.484323263168334961e-01
9.790111780166625977e-01
9.788467884063720703e-01
9.886816143989562988e-01
9.940244555473327637e-01
9.647328853607177734e-01
9.908429384231567383e-01
9.964843988418579102e-01
9.871888160705566406e-01
9.700688719749450684e-01
9.618877172470092773e-01
9.533142447471618652e-01
9.889681339263916016e-01
9.749714136123657227e-01
9.831488132476806641e-01
9.560011625289916992e-01
9.889195561408996582e-01
9.835763573646545410e-01
9.770814776420593262e-01
9.636132717132568359e-01
9.925761222839355469e-01
9.941301345825195312e-01
