7.844386696815490723e-01
2.112386673688888550e-01
1.691071987152099609e-01
2.049795836210250854e-01
4.171087443828582764e-01
4.829271137714385986e-02
4.954518675804138184e-01
3.861917853355407715e-01
3.340336084365844727e-01
4.387941658496856689e-01
6.324170827865600586e-01
1.933537721633911133e-01
3.997191488742828369e-01
6.312526464462280273e-01
7.188401222229003906e-01
3.810229478403925896e-03
2.167066335678100586e-01
3.124010190367698669e-02
4.651436209678649902e-02
4.018051549792289734e-02
2.563902735710144043e-02
2.069904059171676636e-01
2.821619510650634766e-01
2.336974889039993286e-01
4.659979343414306641e-01
1.348115596920251846e-02
2.893142402172088623e-01
3.480123281478881836e-01
4.584994018077850342e-01
5.464462041854858398e-01
1.477035582065582275e-01
3.920091092586517334e-01
7.738255262374877930e-01
9.079337120056152344e-02
1.749705523252487183e-01
1.292552947998046875e-01
4.009024798870086670e-01
3.187966644763946533e-01
2.938968241214752197e-01
1.603979989886283875e-02
7.593868300318717957e-03
5.961804389953613281e-01
7.229071855545043945e-01
3.637159466743469238e-01
4.776272475719451904e-01
1.230900734663009644e-02
4.129920899868011475e-01
2.728767395019531250e-01
4.111395776271820068e-01
1.883992999792098999e-01
7.671780586242675781e-01
4.944384992122650146e-01
3.904664516448974609e-01
1.997154904529452324e-03
3.289160132408142090e-02
6.103516221046447754e-01
6.891872882843017578e-01
6.788620352745056152e-01
3.960133194923400879e-01
2.230812460184097290e-01
2.123100012540817261e-01
4.007775187492370605e-01
1.458969265222549438e-01
9.651976288296282291e-04
3.191199153661727905e-02
2.282530367374420166e-01
2.316606193780899048e-01
3.320499509572982788e-02
7.490618526935577393e-02
1.946603655815124512e-01
6.907160878181457520e-01
4.146400094032287598e-01
2.009258419275283813e-01
1.913080215454101562e-01
7.881885766983032227e-01
3.063227832317352295e-01
2.678757011890411377e-01
2.082587182521820068e-01
4.318326413631439209e-01
8.780377358198165894e-02
5.535639524459838867e-01
3.072584047913551331e-02
2.006743699312210083e-01
6.420047283172607422e-01
7.856121659278869629e-01
6.370710134506225586e-01
4.455296397209167480e-01
1.393374893814325333e-02
7.858984470367431641e-01
4.066895842552185059e-01
4.396289885044097900e-01
2.029002159833908081e-01
6.058874130249023438e-01
8.279920369386672974e-02
3.020495772361755371e-01
1.993275731801986694e-01
7.412666920572519302e-03
6.021258234977722168e-01
5.530735254287719727e-01
5.976811647415161133e-01
5.281762480735778809e-01
4.764417652040719986e-03
1.590399816632270813e-02
5.329087376594543457e-01
2.709960639476776123e-01
2.008738368749618530e-01
6.067609190940856934e-01
6.295343637466430664e-01
3.360539674758911133e-01
1.942456811666488647e-01
4.151846468448638916e-01
5.349493622779846191e-01
7.798618078231811523e-01
7.850391864776611328e-01
4.843078851699829102e-01
1.703314185142517090e-01
2.447151392698287964e-01
3.292592465877532959e-01
6.615049205720424652e-03
3.697769939899444580e-01
2.729538679122924805e-01
7.790831327438354492e-01
3.461860716342926025e-01
2.168229594826698303e-02
1.474812068045139313e-02
3.919256925582885742e-01
6.804570555686950684e-01
5.960233807563781738e-01
2.814723253250122070e-01
2.310797125101089478e-01
2.251276671886444092e-01
4.123843610286712646e-01
2.131721526384353638e-01
6.143173575401306152e-01
4.815106987953186035e-01
2.906823158264160156e-01
6.137041449546813965e-01
2.370914369821548462e-01
3.501192852854728699e-02
3.624325096607208252e-01
6.543077230453491211e-01
7.727723121643066406e-01
5.203876495361328125e-01
1.833399683237075806e-01
5.515220165252685547e-01
5.555121898651123047e-01
3.892569243907928467e-01
5.546627044677734375e-01
1.287337299436330795e-02
7.812706232070922852e-01
2.776312232017517090e-01
1.022442616522312164e-02
2.029232233762741089e-01
3.715400695800781250e-01
4.821609258651733398e-01
9.806129932403564453e-01
3.498324751853942871e-01
1.612589061260223389e-01
4.428059458732604980e-01
4.706314802169799805e-01
4.024755954742431641e-01
1.456330120563507080e-01
3.792063295841217041e-01
4.081854522228240967e-01
5.743404626846313477e-01
9.527829475700855255e-03
2.001892477273941040e-01
7.874695062637329102e-01
7.491750717163085938e-01
7.937288284301757812e-01
3.215050101280212402e-01
6.297668069601058960e-02
7.789462804794311523e-01
4.122040569782257080e-01
2.242048084735870361e-01
5.403624475002288818e-02
1.934343725442886353e-01
2.053669393062591553e-01
3.728964030742645264e-01
8.014080524444580078e-01
5.286336876451969147e-03
4.761215448379516602e-01
8.023799657821655273e-01
4.149107635021209717e-01
3.923377394676208496e-01
3.909708857536315918e-01
5.683096647262573242e-01
3.008506447076797485e-02
6.152061223983764648e-01
3.274976089596748352e-02
3.917570710182189941e-01
2.733698487281799316e-01
6.203994154930114746e-01
2.369831502437591553e-01
1.935204863548278809e-01
1.829176098108291626e-01
6.173008084297180176e-01
6.191126704216003418e-01
2.064331918954849243e-01
1.157958758994936943e-03
3.970591723918914795e-01
4.116547405719757080e-01
3.243667781352996826e-01
7.008657455444335938e-01
1.984706819057464600e-01
1.965695321559906006e-01
3.933478295803070068e-01
4.008993506431579590e-01
9.185054898262023926e-02
1.987697482109069824e-01
2.293264418840408325e-01
9.849759340286254883e-01
4.891115725040435791e-01
3.508297260850667953e-03
4.033054709434509277e-01
2.345675230026245117e-01
2.386178970336914062e-01
4.076843559741973877e-01
2.884929254651069641e-02
4.659184217453002930e-01
5.345666408538818359e-01
3.919153809547424316e-01
1.049811094999313354e-01
4.187739193439483643e-01
3.367871642112731934e-01
