8.389786481857299805e-01
8.823502659797668457e-01
9.764294624328613281e-01
9.451860785484313965e-01
7.848566770553588867e-01
9.403456449508666992e-01
9.931685328483581543e-01
9.749829769134521484e-01
9.708758592605590820e-01
9.896216392517089844e-01
9.922247529029846191e-01
9.532701969146728516e-01
9.898808598518371582e-01
9.867405891418457031e-01
9.942682981491088867e-01
1.693676859140396118e-01
8.363121747970581055e-01
9.999692440032958984e-01
7.258527874946594238e-01
7.506384253501892090e-01
9.641492962837219238e-01
9.911950826644897461e-01
9.406901597976684570e-01
9.848659038543701172e-01
9.889482259750366211e-01
9.344254136085510254e-01
9.921512007713317871e-01
9.959061741828918457e-01
9.948561191558837891e-01
8.289444446563720703e-01
8.515768647193908691e-01
9.935862421989440918e-01
8.219014406204223633e-01
8.818095326423645020e-01
9.747573137283325195e-01
9.854869246482849121e-01
9.590423107147216797e-01
9.817981719970703125e-01
9.912763237953186035e-01
8.777153491973876953e-01
9.182230234146118164e-01
9.916061162948608398e-01
9.921125769615173340e-01
8.282248377799987793e-01
8.574603199958801270e-01
9.541764855384826660e-01
8.081001043319702148e-01
9.155143499374389648e-01
9.482044577598571777e-01
9.676015377044677734e-01
9.813615679740905762e-01
9.888768792152404785e-01
9.809828996658325195e-01
9.099783897399902344e-01
9.708470106124877930e-01
9.936577081680297852e-01
9.935466647148132324e-01
9.999670386314392090e-01
9.947786331176757812e-01
9.572626948356628418e-01
8.952137231826782227e-01
9.755917787551879883e-01
9.175628423690795898e-01
2.751232385635375977e-01
9.503306150436401367e-01
9.867195487022399902e-01
9.305950403213500977e-01
7.152324914932250977e-01
9.576036930084228516e-01
9.877766370773315430e-01
9.948522448539733887e-01
9.884504079818725586e-01
9.961846470832824707e-01
9.904837608337402344e-01
8.499233126640319824e-01
9.178097844123840332e-01
9.962944984436035156e-01
9.370021820068359375e-01
6.607039570808410645e-01
9.057076573371887207e-01
9.905977845191955566e-01
9.576641917228698730e-01
9.650692343711853027e-01
9.383824467658996582e-01
9.657839536666870117e-01
8.126457929611206055e-01
8.200715780258178711e-01
9.824523925781250000e-01
9.828598499298095703e-01
8.289220333099365234e-01
9.101471900939941406e-01
9.883897900581359863e-01
9.536113739013671875e-01
9.230095148086547852e-01
9.424359202384948730e-01
9.293029904365539551e-01
9.638149738311767578e-01
9.971857070922851562e-01
9.987273812294006348e-01
8.442201018333435059e-01
9.124611616134643555e-01
9.663990736007690430e-01
9.314275979995727539e-01
8.546333312988281250e-01
9.307738542556762695e-01
9.675357341766357422e-01
9.752429127693176270e-01
9.861083626747131348e-01
9.641827940940856934e-01
8.692055940628051758e-01
9.651151895523071289e-01
9.905905723571777344e-01
9.968178868293762207e-01
9.984990954399108887e-01
9.990158677101135254e-01
9.905468821525573730e-01
7.969627976417541504e-01
8.214013576507568359e-01
9.375486373901367188e-01
9.481747746467590332e-01
9.302856922149658203e-01
9.807919859886169434e-01
9.449039697647094727e-01
8.008669614791870117e-01
9.740345478057861328e-01
9.957843422889709473e-01
9.874570369720458984e-01
9.822427630424499512e-01
9.833464026451110840e-01
9.766122698783874512e-01
8.391201496124267578e-01
9.046545624732971191e-01
9.668310284614562988e-01
9.412301778793334961e-01
9.101211428642272949e-01
9.825353622436523438e-01
9.900028705596923828e-01
9.978667497634887695e-01
9.824836254119873047e-01
9.521264433860778809e-01
9.989405870437622070e-01
9.285311698913574219e-01
9.669319391250610352e-01
9.781070351600646973e-01
9.001128673553466797e-01
8.490768671035766602e-01
9.300831556320190430e-01
9.990435838699340820e-01
9.659880399703979492e-01
9.472528696060180664e-01
9.959378838539123535e-01
9.804255366325378418e-01
9.999527335166931152e-01
9.993954300880432129e-01
9.729251265525817871e-01
9.649056196212768555e-01
9.843559265136718750e-01
9.779331088066101074e-01
7.932857871055603027e-01
9.128856658935546875e-01
9.707911610603332520e-01
8.615722060203552246e-01
8.782154917716979980e-01
9.738662242889404297e-01
9.860668778419494629e-01
9.532687664031982422e-01
9.924159049987792969e-01
9.946814179420471191e-01
9.888307452201843262e-01
9.603303074836730957e-01
9.776868820190429688e-01
9.673252105712890625e-01
7.686690092086791992e-01
9.077237844467163086e-01
9.717200994491577148e-01
9.546083211898803711e-01
8.774933218955993652e-01
9.900977611541748047e-01
9.915649890899658203e-01
9.813603162765502930e-01
9.584779143333435059e-01
9.795090556144714355e-01
9.953151941299438477e-01
9.214076995849609375e-01
9.533323049545288086e-01
9.452496767044067383e-01
8.365633487701416016e-01
8.706867098808288574e-01
9.551079273223876953e-01
9.472447633743286133e-01
9.524751901626586914e-01
9.712245464324951172e-01
9.934638738632202148e-01
9.810355901718139648e-01
9.681383371353149414e-01
9.598134756088256836e-01
9.964289665222167969e-01
8.295634984970092773e-01
8.719681501388549805e-01
9.645538330078125000e-01
9.168310761451721191e-01
8.167794942855834961e-01
9.040467739105224609e-01
9.870386719703674316e-01
9.855748414993286133e-01
9.465236067771911621e-01
9.887144565582275391e-01
9.971563220024108887e-01
9.326460957527160645e-01
9.288862943649291992e-01
9.799354672431945801e-01
9.352176785469055176e-01
9.651033878326416016e-01
9.497752189636230469e-01
8.467372655868530273e-01
8.782788515090942383e-01
9.525052905082702637e-01
9.768451452255249023e-01
9.193750023841857910e-01
9.768575429916381836e-01
9.916400909423828125e-01
9.760355353355407715e-01
9.384039044380187988e-01
9.871498346328735352e-01
9.811225533485412598e-01
