4.553916454315185547e-01
3.101466596126556396e-01
1.237270385026931763e-01
2.536247074604034424e-01
4.846583008766174316e-01
4.193807542324066162e-01
3.301851749420166016e-01
2.860445901751518250e-02
4.824701547622680664e-01
6.962181925773620605e-01
3.877862691879272461e-01
2.605809271335601807e-01
4.736934304237365723e-01
7.945750951766967773e-01
6.061313152313232422e-01
2.981502749025821686e-02
1.306611113250255585e-02
7.620266675949096680e-01
1.538864076137542725e-01
1.366378813982009888e-01
1.273528300225734711e-02
3.067671358585357666e-01
4.284861981868743896e-01
2.680305540561676025e-01
2.830784022808074951e-01
3.752346336841583252e-02
3.788147568702697754e-01
4.994348585605621338e-01
4.949760735034942627e-01
4.283991158008575439e-01
1.571683399379253387e-02
3.835814893245697021e-01
2.850489020347595215e-01
2.722451686859130859e-01
4.494166001677513123e-03
3.907012045383453369e-01
5.623730421066284180e-01
5.434576869010925293e-01
2.951407730579376221e-01
1.484614312648773193e-01
9.508655220270156860e-02
7.679417729377746582e-01
2.512892484664916992e-01
2.378443479537963867e-01
5.856904983520507812e-01
3.221290111541748047e-01
1.692361831665039062e-01
4.736924767494201660e-01
1.019939705729484558e-01
5.274671912193298340e-01
4.607542157173156738e-01
4.797946214675903320e-01
6.959595084190368652e-01
6.718456745147705078e-02
4.404559731483459473e-01
6.075361371040344238e-01
5.355896949768066406e-01
4.679714441299438477e-01
3.631486296653747559e-01
1.038432344794273376e-01
1.589165031909942627e-01
4.599915444850921631e-01
3.703824877738952637e-01
4.669950902462005615e-02
8.124347031116485596e-02
1.813227832317352295e-01
6.707709431648254395e-01
1.095251739025115967e-01
2.295550657436251640e-03
3.557717204093933105e-01
8.143980503082275391e-01
8.791524767875671387e-01
9.010403752326965332e-01
6.259285658597946167e-02
1.595440953969955444e-01
3.112041950225830078e-01
1.506943702697753906e-01
4.189330935478210449e-01
1.158758997917175293e-01
3.622048199176788330e-01
1.145252734422683716e-01
7.332422304898500443e-03
3.919798135757446289e-01
6.037636399269104004e-01
5.208348035812377930e-01
4.922107458114624023e-01
5.252251625061035156e-01
4.559741616249084473e-01
4.354564249515533447e-01
1.592556238174438477e-01
3.915217220783233643e-01
3.559996187686920166e-01
5.241155028343200684e-01
2.027023732662200928e-01
4.099544286727905273e-01
1.372733861207962036e-01
3.905085623264312744e-01
5.927963852882385254e-01
4.418099522590637207e-01
4.094716906547546387e-01
1.065326631069183350e-01
3.492791652679443359e-01
9.453125000000000000e-01
3.233065009117126465e-01
3.744099140167236328e-01
4.402501881122589111e-01
2.887988984584808350e-01
4.599914848804473877e-01
5.800689458847045898e-01
2.214257932564578368e-07
9.697979688644409180e-02
5.622999668121337891e-01
4.391481876373291016e-01
4.180389940738677979e-01
3.785400688648223877e-01
7.260539382696151733e-02
2.117895036935806274e-01
4.244017601013183594e-01
3.231958448886871338e-01
4.297978878021240234e-01
3.173830807209014893e-01
2.875913083553314209e-01
6.162533164024353027e-01
3.237567842006683350e-02
2.693493962287902832e-01
4.038730263710021973e-01
5.239052176475524902e-01
2.541330158710479736e-01
2.945759594440460205e-01
2.116663604974746704e-01
4.386560320854187012e-01
4.578444063663482666e-01
1.888471990823745728e-01
2.760027050971984863e-01
2.004489004611968994e-01
2.564721703529357910e-01
1.988973170518875122e-01
2.455141581594944000e-02
6.684700399637222290e-02
4.004706144332885742e-01
7.493941187858581543e-01
5.394275188446044922e-01
4.910370409488677979e-01
2.503288388252258301e-01
3.837463855743408203e-01
4.792894423007965088e-01
1.294012367725372314e-01
3.326111435890197754e-01
6.055955886840820312e-01
8.955092430114746094e-01
3.169705271720886230e-01
3.101058006286621094e-01
3.779408633708953857e-01
2.410690635442733765e-01
6.084841489791870117e-01
7.512751817703247070e-01
4.456642866134643555e-01
1.472005154937505722e-02
1.919803619384765625e-01
3.175511956214904785e-01
3.781635165214538574e-01
1.230970695614814758e-01
4.603669643402099609e-01
4.035500288009643555e-01
4.486642181873321533e-01
2.491837441921234131e-01
1.496780514717102051e-01
1.828351616859436035e-01
3.722845613956451416e-01
4.062774181365966797e-01
2.367921471595764160e-01
2.354934364557266235e-01
2.107648998498916626e-01
1.762813478708267212e-01
6.506333947181701660e-01
7.437478303909301758e-01
2.873589694499969482e-01
2.660040855407714844e-01
6.623160839080810547e-01
6.421343684196472168e-01
5.080645084381103516e-01
6.033158302307128906e-01
6.534814834594726562e-01
4.039646089076995850e-01
2.881770394742488861e-02
2.565096616744995117e-01
9.182175397872924805e-01
1.642221063375473022e-01
3.531222045421600342e-01
4.518212080001831055e-01
3.159217238426208496e-01
2.344599813222885132e-01
7.595868110656738281e-01
7.176144123077392578e-01
1.214916706085205078e-01
3.394492566585540771e-01
2.400538474321365356e-01
3.806845247745513916e-01
5.724757909774780273e-01
2.424384653568267822e-01
2.276865392923355103e-01
1.585386842489242554e-01
5.404140949249267578e-01
1.916578710079193115e-01
6.337193250656127930e-01
4.294171929359436035e-01
4.688254594802856445e-01
3.206972479820251465e-01
1.426069289445877075e-01
2.001889497041702271e-01
4.200664460659027100e-01
7.621963024139404297e-01
2.420470714569091797e-01
2.029489492997527122e-03
4.024830162525177002e-01
2.089055180549621582e-01
4.828926324844360352e-01
2.001941800117492676e-01
5.454033613204956055e-01
3.649208843708038330e-01
4.622117877006530762e-01
5.214067697525024414e-01
5.345467478036880493e-02
2.266301363706588745e-01
7.470936775207519531e-01
